14
166 179 41 61 209 78 112 34 72 225 217 178 79 213 
118 67 191 3 219 247 232 139 246 77 51 213 89 24 
39 105 47 208 206 191 223 59 80 16 162 129 51 173 
77 217 179 213 237 61 21 219 161 235 72 161 15 43 
137 127 234 195 238 60 205 68 9 89 211 48 227 108 
54 217 125 70 128 138 248 197 228 241 10 60 195 212 
94 230 196 147 123 135 144 106 96 140 215 199 52 38 
60 230 169 84 2 44 227 223 230 78 31 59 197 117 
120 22 65 20 187 199 114 123 142 226 43 75 56 70 
228 94 10 97 67 88 59 211 99 120 62 66 115 9 
54 34 123 62 168 233 51 88 92 64 126 111 209 65 
36 243 98 78 29 45 56 53 142 4 210 108 245 64 
244 184 34 114 29 116 40 40 132 199 234 108 242 213 
81 175 235 190 235 13 210 181 6 213 58 39 16 107 
