87
127 90 200 139 131 224 234 13 160 15 245 141 224 151 202 217 147 109 248 115 138 129 176 70 207 158 238 99 215 102 169 209 52 190 90 35 81 244 13 156 71 1 171 189 67 232 176 148 236 5 21 219 17 157 144 68 106 79 146 229 109 28 228 171 11 162 111 99 107 62 226 80 143 64 207 115 119 153 106 143 106 109 169 44 75 31 29 
236 91 138 86 216 126 147 8 10 52 170 134 152 89 218 247 96 222 191 80 246 223 238 1 123 171 5 79 47 228 61 181 123 249 68 136 151 106 141 32 105 88 143 38 132 221 51 170 126 143 61 98 169 126 236 203 27 140 148 209 121 109 171 145 235 160 235 148 177 239 50 232 9 97 85 64 202 68 30 89 226 65 75 119 143 177 236 
166 237 25 174 51 203 197 66 164 154 175 203 101 165 68 16 69 216 158 164 68 153 100 175 10 201 77 52 242 106 164 11 222 105 186 2 18 50 168 136 229 161 195 55 119 158 12 106 58 79 126 189 65 122 83 125 97 27 24 12 116 135 76 72 184 181 80 4 102 83 0 240 84 19 10 44 71 151 150 135 179 219 174 233 197 57 43 
195 162 56 8 30 93 43 184 186 194 119 249 151 213 199 194 214 111 124 47 211 158 55 42 154 159 212 46 60 119 91 38 5 3 173 203 59 148 221 22 93 188 227 56 152 43 119 104 87 149 109 189 37 139 245 68 153 90 73 129 101 229 130 171 160 109 235 193 211 60 158 176 139 180 214 88 88 46 237 231 204 142 128 105 151 20 123 
74 18 3 50 106 41 67 67 163 9 171 140 179 239 8 24 17 31 107 153 35 131 245 151 145 120 205 155 128 64 23 217 145 87 66 90 60 32 22 26 187 101 0 127 61 76 167 20 62 247 103 111 236 50 187 86 207 96 6 155 55 229 17 108 143 6 88 200 58 179 70 235 210 94 112 224 193 153 226 204 137 5 131 87 210 69 214 
229 105 0 180 188 58 33 31 12 100 116 110 60 190 45 196 115 5 135 141 238 27 128 97 192 104 174 109 8 118 203 165 27 186 16 175 216 162 243 43 126 125 203 55 51 25 97 124 176 199 82 113 171 53 133 192 201 132 221 75 71 200 95 227 166 92 17 77 214 79 189 61 98 237 200 62 42 121 123 69 216 83 72 77 137 188 176 
81 66 25 204 47 199 135 202 57 91 20 57 80 242 192 217 55 20 7 123 62 22 1 53 237 182 142 111 194 134 4 218 134 141 245 198 203 195 246 180 0 190 55 165 72 119 29 133 206 226 96 15 98 165 185 108 100 224 62 74 152 165 113 43 94 210 67 185 225 0 187 39 22 5 203 163 153 183 246 159 210 65 186 58 234 7 99 
14 91 238 43 170 34 202 50 226 112 91 142 83 62 209 125 244 188 89 25 237 184 18 122 1 82 157 97 96 196 132 32 57 181 231 68 205 65 65 217 187 96 63 103 31 217 135 224 146 44 157 6 154 64 109 69 122 215 180 82 55 222 192 43 103 179 134 193 162 38 242 52 150 75 201 136 221 151 101 180 76 210 107 17 243 75 5 
0 78 137 77 108 232 150 221 79 162 177 55 109 223 221 168 66 121 122 66 33 100 15 48 161 138 183 150 101 232 78 69 181 241 230 60 157 198 243 239 188 248 91 52 53 14 172 173 10 190 162 38 69 117 111 43 215 86 8 124 49 248 214 180 153 81 201 109 161 220 2 189 112 55 163 193 99 58 185 218 227 205 168 238 155 178 20 
95 22 44 95 57 250 241 9 179 139 244 15 153 28 223 67 139 153 241 226 193 117 113 82 12 21 189 138 9 172 194 64 30 196 3 242 63 151 114 163 66 84 43 29 17 118 53 116 179 40 162 0 154 143 125 195 112 194 137 134 52 71 242 124 125 100 213 60 59 30 85 93 159 65 250 250 105 11 50 73 116 114 242 60 208 58 141 
112 212 155 95 21 17 151 21 39 194 189 182 172 22 180 233 39 80 185 17 50 184 150 217 154 51 158 117 214 114 141 95 231 120 155 214 41 84 109 110 20 54 133 24 35 74 245 179 45 148 93 103 167 27 9 22 8 166 91 123 80 92 49 234 202 91 16 64 81 163 45 15 32 72 234 60 214 166 69 63 226 243 110 111 99 72 148 
121 167 28 155 85 84 218 101 112 180 135 161 205 126 229 21 196 146 20 135 111 51 128 47 171 42 150 222 194 14 188 167 138 66 66 157 92 27 237 79 210 84 83 229 121 94 139 22 181 152 243 17 196 14 203 176 169 200 25 218 60 246 97 188 209 135 231 60 105 153 178 245 63 202 240 20 41 3 201 247 23 98 167 197 164 204 75 
107 150 201 226 236 184 98 179 38 18 228 54 201 232 30 110 213 14 246 215 103 218 108 190 207 245 217 29 49 100 56 234 170 241 120 67 86 83 133 125 3 56 232 165 163 199 109 231 29 69 136 178 215 90 157 51 89 215 227 175 187 86 164 74 62 136 244 13 84 87 222 23 54 182 172 218 67 225 209 38 201 14 144 37 79 146 30 
179 204 150 77 200 108 49 15 222 152 84 15 190 236 222 12 92 129 41 164 195 28 88 48 156 115 205 7 213 69 146 181 37 250 137 88 12 28 21 180 202 218 96 230 74 122 192 140 111 130 238 101 92 11 141 107 163 222 15 152 245 166 53 165 221 164 157 159 207 93 121 96 158 207 9 39 189 93 163 38 172 81 153 95 175 42 77 
141 153 152 12 125 38 88 184 94 21 1 7 37 0 149 147 79 43 165 13 179 84 163 129 75 201 235 188 15 80 43 201 81 50 238 166 64 227 229 216 197 122 71 42 228 213 109 142 238 236 103 41 125 158 143 15 110 187 58 49 237 197 169 169 74 112 131 148 188 166 11 148 141 228 134 68 213 132 96 156 39 122 182 138 203 232 241 
126 39 151 50 140 118 205 135 168 0 87 180 188 210 104 217 14 144 158 172 208 242 87 82 196 44 47 25 24 215 14 250 137 96 129 218 149 110 93 170 78 150 247 204 84 19 4 139 227 128 9 127 89 47 88 36 132 10 220 54 112 3 73 140 212 240 135 51 214 232 27 186 24 145 162 119 143 0 207 244 150 166 227 177 166 217 156 
54 159 133 185 164 211 11 220 193 191 108 149 50 132 72 73 19 158 117 128 53 228 97 238 152 168 151 250 213 164 26 184 87 88 71 237 129 142 186 208 199 53 18 24 205 133 116 72 137 164 186 235 157 125 4 33 188 65 3 73 58 52 8 113 97 72 17 43 108 231 117 45 199 135 203 119 236 103 131 212 186 107 180 125 17 151 42 
72 228 87 220 210 196 161 151 228 141 27 144 149 52 140 229 154 25 40 110 231 42 1 231 162 246 143 22 237 215 45 87 178 118 243 5 172 4 139 157 83 1 248 48 76 54 8 49 7 241 133 165 184 112 30 149 188 69 83 42 111 10 28 90 7 245 188 118 12 190 199 170 194 136 85 44 184 233 22 168 19 5 235 189 123 25 139 
35 139 14 133 44 235 67 103 229 210 243 185 60 104 45 219 243 222 103 23 211 132 138 135 149 174 155 194 111 11 0 187 42 204 148 38 175 57 166 235 121 44 93 96 39 40 83 166 118 121 76 92 143 83 162 108 142 136 207 64 249 237 184 135 81 49 81 131 72 115 121 158 185 237 129 102 199 92 87 11 141 134 204 179 14 142 84 
201 99 106 129 196 139 113 152 3 172 65 159 120 115 124 159 98 38 166 170 137 58 133 212 224 229 70 93 43 30 168 202 13 96 139 140 157 27 48 248 61 217 9 193 166 84 227 170 209 53 61 94 43 199 99 26 22 11 70 145 82 51 238 243 92 158 169 196 218 232 110 119 212 158 83 164 93 119 99 130 232 218 87 72 119 30 1 
157 132 35 204 115 31 86 15 42 176 142 201 60 20 131 155 165 6 50 127 156 123 141 97 157 229 50 58 57 33 54 244 146 146 240 132 73 161 224 183 214 121 30 6 175 223 203 30 106 19 15 154 84 196 111 141 201 205 0 229 195 154 185 196 86 69 6 149 232 209 29 176 163 86 79 13 223 135 225 52 96 76 114 25 94 83 246 
71 37 133 53 109 92 9 87 24 98 79 45 98 11 219 64 54 149 148 39 112 105 185 227 179 78 225 150 138 49 116 108 67 41 94 162 110 39 110 145 181 46 87 250 125 18 54 40 234 245 236 29 119 26 74 244 59 101 212 115 151 189 181 57 199 153 9 173 225 125 216 93 154 242 181 224 217 178 198 18 201 195 216 63 93 189 110 
125 72 76 28 187 180 83 192 70 146 239 215 2 199 206 10 125 136 207 89 125 43 154 197 192 71 195 184 41 10 67 195 208 240 226 79 125 81 170 177 73 179 196 247 101 56 32 181 190 57 174 163 35 222 228 128 107 52 101 10 41 227 207 109 49 103 19 23 155 239 14 241 207 146 163 165 120 58 219 207 247 21 193 130 241 48 106 
170 161 87 5 97 60 145 150 203 230 204 197 119 250 27 125 114 178 21 217 239 141 129 138 239 17 200 149 118 197 29 95 171 140 21 149 100 134 194 249 230 173 86 107 138 111 32 73 181 168 232 132 104 201 245 179 59 160 98 129 191 101 31 36 116 243 193 164 49 205 160 220 154 105 189 3 157 7 137 162 160 138 126 179 33 151 113 
75 24 237 132 67 27 199 95 37 221 215 72 186 222 237 187 183 193 105 161 174 134 161 80 73 173 120 115 192 82 80 45 63 45 147 133 161 31 84 134 8 99 34 122 46 201 198 229 44 78 104 214 83 35 51 241 149 40 12 56 242 192 25 189 52 55 112 160 68 131 188 230 191 75 160 36 97 163 154 74 218 84 94 91 121 211 195 
37 121 46 38 130 114 147 129 82 83 107 99 231 194 54 225 87 233 178 42 162 27 65 150 149 66 76 93 13 178 27 87 182 123 69 170 182 101 125 26 71 196 194 208 78 132 152 216 122 195 3 48 244 176 82 152 109 0 228 57 227 75 22 90 240 176 55 73 177 36 82 231 201 75 99 218 201 225 144 238 85 115 83 200 64 209 45 
25 189 226 194 5 171 24 178 231 250 68 9 214 57 224 232 109 14 238 236 53 232 212 58 101 3 81 160 21 200 111 72 34 82 16 22 152 97 19 79 55 97 228 180 236 73 247 209 180 92 196 121 229 71 43 129 228 26 88 164 24 139 69 196 230 99 66 242 106 98 230 3 231 23 206 89 6 36 158 161 41 245 140 246 36 231 144 
177 101 179 0 145 136 137 189 113 2 181 60 16 99 129 18 168 248 178 55 138 175 30 147 181 144 165 217 51 236 114 99 173 33 224 4 49 39 82 126 151 172 119 172 166 250 70 101 95 216 106 176 39 175 117 144 19 243 195 99 100 45 119 155 159 191 35 171 104 161 187 138 206 229 208 130 87 44 242 246 93 110 111 139 135 159 198 
28 87 170 227 217 181 76 0 41 229 85 138 70 25 219 127 211 154 194 210 174 18 243 114 156 138 225 23 35 136 110 232 82 74 164 77 193 107 12 15 94 103 225 121 166 27 167 117 71 192 165 210 30 55 129 22 170 246 119 149 249 146 59 148 190 45 225 51 225 80 44 161 12 172 116 212 232 223 75 154 201 237 146 243 18 117 188 
247 15 36 179 49 153 174 250 88 182 226 228 159 68 212 233 28 167 224 156 95 184 43 224 131 176 118 170 213 190 64 203 170 22 123 38 52 145 230 21 34 235 47 191 32 146 139 151 123 211 60 3 68 228 82 10 214 106 70 243 189 113 11 22 250 159 54 127 130 237 97 234 189 37 113 102 159 214 248 223 53 52 143 16 95 162 80 
6 121 214 16 125 86 204 193 235 106 57 79 233 134 19 250 170 18 107 51 67 85 75 195 66 148 92 24 209 90 125 32 99 164 17 111 163 78 171 9 8 83 67 101 46 126 222 204 15 95 117 178 157 149 52 62 96 98 157 214 46 154 121 227 180 6 195 117 151 227 194 231 164 131 197 156 189 213 218 42 195 9 145 84 71 36 221 
97 137 72 12 204 219 188 234 144 237 34 9 159 156 125 218 86 136 128 145 226 222 233 69 81 100 11 21 217 47 199 48 151 244 187 229 204 191 112 70 102 210 127 225 125 199 231 40 132 64 18 147 90 44 144 144 3 142 60 200 95 97 224 86 198 104 51 155 29 137 11 32 30 141 38 23 10 108 105 209 45 249 39 168 165 205 167 
138 125 97 39 222 41 191 187 122 99 79 209 170 4 233 97 228 200 177 175 218 188 183 154 229 66 47 28 227 76 121 230 150 68 250 187 64 196 46 54 230 21 146 223 190 154 40 70 168 76 143 202 50 109 40 209 141 123 218 115 216 46 37 198 58 152 125 161 56 165 115 140 149 224 215 123 101 236 129 51 93 73 16 88 66 22 48 
206 41 99 134 11 119 145 237 175 169 178 181 10 134 70 50 48 49 146 69 150 94 27 110 22 246 93 26 96 44 224 122 68 97 31 17 45 14 188 189 161 249 184 132 226 164 49 224 23 2 211 60 51 84 163 225 101 218 32 33 169 222 26 149 30 210 221 165 132 53 234 186 181 228 249 159 113 14 190 195 201 192 102 170 176 225 78 
39 29 41 182 24 152 175 38 5 16 15 72 79 247 120 51 6 125 74 169 197 151 191 172 173 120 60 116 117 88 102 171 215 144 155 177 204 52 180 198 73 160 157 175 56 131 208 177 34 233 170 231 181 21 222 67 226 101 126 205 99 38 105 177 245 155 128 196 250 249 77 76 219 21 162 150 204 14 59 11 42 114 177 236 98 102 36 
13 147 234 156 221 83 157 110 33 185 144 29 131 53 54 202 176 199 240 130 29 154 41 86 139 27 64 93 38 157 30 26 156 84 1 219 54 70 161 49 85 45 16 130 150 91 119 151 120 92 199 155 57 114 12 145 27 38 194 152 233 72 87 206 72 106 70 36 65 50 0 144 129 202 128 68 16 233 147 46 11 153 81 250 16 179 61 
156 240 111 218 121 51 137 138 15 14 34 97 218 81 18 67 9 152 161 145 6 209 209 34 132 157 222 86 242 116 92 219 193 44 161 197 25 83 4 21 196 36 69 182 87 184 58 8 6 18 238 193 230 214 157 193 29 169 138 124 43 223 180 145 86 190 139 216 25 211 216 250 26 165 125 123 57 137 191 91 220 227 31 137 111 3 29 
19 11 22 66 209 23 190 58 213 218 68 171 122 183 49 79 141 189 175 180 51 94 228 98 77 102 217 219 160 42 210 173 72 99 55 206 171 214 168 179 158 29 236 43 114 56 201 75 74 146 65 143 23 173 196 157 118 146 39 25 159 43 65 154 159 135 150 89 169 110 172 95 229 242 118 160 179 88 194 206 194 133 235 129 163 200 232 
92 5 239 242 3 18 201 136 106 101 33 121 73 36 217 129 196 19 149 98 199 204 233 14 187 112 235 48 167 107 48 67 97 90 178 132 9 229 81 18 96 211 224 139 147 120 146 193 211 150 161 245 113 224 79 79 228 76 201 125 15 161 127 186 166 174 80 153 183 216 118 176 152 135 177 99 2 103 200 195 25 208 190 195 82 189 90 
6 221 23 19 207 188 39 156 179 15 77 42 160 191 85 101 11 92 60 104 136 159 9 192 107 9 3 88 73 121 97 229 16 74 130 205 105 158 70 16 234 53 39 231 62 97 155 146 201 131 113 64 231 42 66 92 210 197 197 238 57 208 24 154 134 248 85 72 212 6 5 116 44 5 201 230 215 236 6 132 87 221 47 153 63 48 219 
212 134 208 73 242 84 28 114 178 228 78 66 188 187 36 8 63 177 78 214 69 136 126 115 133 116 24 54 152 232 31 218 189 55 29 109 102 184 196 51 63 250 69 92 177 140 186 95 146 90 33 149 88 88 36 232 62 228 228 85 26 240 100 89 135 34 226 224 159 205 16 106 250 72 175 132 246 236 121 189 79 204 153 105 39 89 215 
74 209 120 244 120 65 250 90 196 151 163 5 160 233 214 172 8 69 85 102 171 68 41 222 72 179 229 165 130 111 102 45 73 192 206 8 47 204 211 120 141 114 227 172 143 208 89 171 132 170 189 37 120 120 148 101 220 94 44 105 167 185 104 120 227 113 210 177 153 130 18 57 174 151 46 63 134 232 200 161 250 58 132 134 113 66 142 
109 14 60 44 221 121 226 16 237 165 28 183 205 209 76 175 188 2 192 139 201 147 134 235 107 203 103 80 85 142 220 246 193 28 210 220 160 71 187 88 54 247 29 17 186 77 54 130 93 178 220 63 62 15 120 53 112 52 63 221 19 235 96 213 101 31 115 140 34 107 7 167 87 221 71 60 151 43 222 202 210 27 139 23 57 80 38 
82 71 48 130 59 27 142 145 25 5 10 248 148 8 49 224 231 80 220 165 83 79 21 169 234 128 119 11 198 16 213 203 71 70 199 199 7 202 127 190 42 95 137 105 177 148 182 73 170 142 183 149 236 116 167 248 175 117 118 81 98 235 51 250 232 155 149 176 179 157 169 158 192 172 25 234 77 86 19 182 1 94 203 108 80 130 105 
21 76 152 234 138 239 185 97 212 247 21 97 196 5 9 93 234 190 250 17 116 1 166 66 42 58 100 148 37 41 20 115 245 157 124 114 9 151 246 120 170 218 229 92 126 184 50 106 205 4 181 232 56 15 166 223 56 21 121 52 159 111 25 215 152 87 120 173 108 177 152 231 8 66 205 5 45 3 128 34 214 172 142 172 46 98 54 
232 156 197 114 69 118 132 124 209 188 9 206 235 205 234 9 13 162 172 8 239 47 199 227 211 199 215 64 184 53 80 228 196 52 78 14 25 79 102 104 92 242 118 145 28 147 15 173 47 110 224 189 133 242 164 149 86 156 195 39 175 175 171 220 71 78 248 169 222 7 153 73 45 224 26 147 84 205 9 74 157 50 212 166 50 13 140 
174 134 20 154 123 21 139 65 59 181 125 222 198 20 112 114 177 126 167 28 122 138 93 52 189 105 135 80 199 142 87 38 132 23 214 245 170 82 46 189 14 230 226 61 83 115 213 20 60 175 96 90 132 109 228 57 18 31 172 4 170 171 177 22 220 5 249 110 152 174 233 17 93 79 243 107 94 15 120 94 215 233 81 113 167 186 128 
106 173 123 140 14 64 119 39 215 127 74 166 160 131 115 123 222 32 183 49 126 120 68 194 67 109 78 18 70 6 20 149 63 238 239 37 190 44 168 130 148 1 178 54 38 3 65 20 184 178 197 84 160 14 110 168 33 210 169 48 229 211 45 237 226 16 189 219 190 249 199 243 94 163 122 186 183 181 171 214 13 214 167 136 0 143 122 
147 121 183 235 159 28 82 33 43 144 105 187 197 247 15 46 213 204 12 99 111 11 84 196 98 54 212 61 120 200 92 120 12 90 49 140 144 197 74 169 92 64 239 190 135 23 217 42 150 62 5 203 48 93 187 98 211 198 206 62 250 242 66 60 36 46 57 237 218 79 198 95 138 76 139 248 82 100 17 158 147 154 122 170 129 0 82 
155 89 38 30 169 90 52 150 154 224 231 227 64 114 124 229 13 36 68 45 112 136 186 214 229 216 238 205 245 206 217 36 156 228 26 115 21 233 214 239 159 23 147 83 77 53 143 161 178 5 211 140 92 227 39 229 74 126 128 9 175 212 54 240 241 218 117 229 4 124 184 235 40 129 112 77 151 218 39 98 69 60 204 249 185 137 171 
177 235 48 90 247 109 1 81 184 37 126 204 172 65 250 83 27 132 111 43 28 47 141 116 149 218 81 222 96 1 137 199 158 74 112 178 88 54 235 176 190 169 119 88 110 191 85 216 74 151 177 64 104 199 127 116 89 250 39 113 99 172 121 164 190 194 187 67 218 129 142 25 19 159 144 228 226 117 61 46 107 21 32 116 59 38 47 
225 2 126 80 156 121 34 207 182 87 110 170 222 14 156 175 58 230 126 89 7 35 189 84 128 27 133 224 179 143 220 161 76 97 238 121 231 11 216 124 56 218 99 184 248 192 159 173 6 194 74 205 15 130 212 166 80 26 108 174 186 77 144 57 243 15 231 150 69 64 230 211 162 237 10 16 113 172 45 185 9 80 223 219 246 194 12 
100 154 115 208 120 161 162 18 124 121 113 250 220 80 223 212 148 171 38 233 56 44 110 27 11 1 190 229 80 199 107 146 126 121 143 160 250 86 88 66 3 30 192 127 126 139 27 199 190 128 223 233 142 25 122 12 237 77 141 63 174 14 133 225 177 209 234 155 71 136 165 96 143 242 85 160 45 60 151 50 200 57 79 114 24 181 78 
200 146 250 34 5 11 250 80 62 45 8 29 167 80 58 164 68 126 205 67 236 229 188 122 75 107 76 152 5 193 84 68 186 231 54 107 22 210 208 206 49 27 221 135 95 88 215 125 186 56 75 113 12 131 38 40 91 139 220 113 133 233 192 209 146 141 36 239 64 207 122 230 85 21 204 51 132 196 169 50 34 117 226 156 133 218 122 
133 23 0 79 239 120 59 96 32 160 238 210 192 244 27 157 135 125 55 1 123 119 190 27 119 81 61 61 144 23 93 224 173 182 12 25 214 87 112 223 172 60 111 145 136 180 62 158 49 153 250 89 23 0 212 130 250 11 195 163 128 236 163 49 247 83 101 95 101 220 238 19 62 24 22 243 244 47 48 47 47 36 143 56 47 96 134 
158 30 84 129 51 18 26 130 56 214 75 27 44 237 47 244 114 136 88 131 177 72 150 103 218 161 117 71 210 58 223 2 88 220 65 5 18 66 109 190 201 36 11 241 77 197 28 126 202 203 55 137 126 176 77 136 98 233 244 115 116 141 239 217 2 140 101 196 97 190 32 17 131 137 136 22 229 224 231 144 198 236 219 177 113 105 247 
23 71 190 83 101 8 75 128 139 146 225 151 80 214 47 165 177 72 14 164 26 88 95 156 247 235 234 78 124 210 55 9 99 231 33 218 133 30 175 82 183 196 48 247 82 211 211 235 103 18 17 176 43 161 249 208 146 81 124 54 45 95 164 72 229 133 123 17 150 235 16 194 247 61 1 187 192 37 56 86 186 98 132 210 159 140 156 
139 131 186 208 9 105 9 106 76 79 166 92 96 246 6 167 4 238 170 216 49 246 170 40 222 172 132 235 205 79 34 162 189 164 157 115 240 216 249 248 153 158 0 224 124 92 116 195 136 112 16 119 3 161 135 238 97 69 241 181 91 96 111 78 27 40 235 56 117 137 181 31 151 89 87 99 218 112 118 99 81 247 93 115 238 233 29 
239 43 227 225 187 157 176 26 80 89 3 246 153 184 170 18 248 64 111 93 124 91 105 156 18 137 138 112 248 68 146 178 44 65 166 239 173 186 194 44 97 125 171 45 141 8 8 2 177 81 234 69 4 82 157 40 126 157 212 83 128 124 155 140 226 48 110 119 36 100 24 149 37 119 72 193 73 98 116 121 32 78 136 218 218 87 82 
7 244 106 154 15 123 234 112 227 72 105 216 50 7 240 153 86 182 92 6 135 201 222 5 184 197 107 244 234 201 64 161 31 248 122 113 160 159 166 75 2 166 174 134 111 232 97 123 167 99 22 67 145 60 132 171 233 219 155 213 86 238 234 174 153 91 164 8 89 193 231 26 228 211 141 12 236 115 42 181 103 27 72 29 14 237 110 
241 182 86 87 177 26 106 184 110 6 234 215 115 212 221 143 219 144 111 118 170 187 209 106 148 119 112 131 16 189 83 78 193 211 34 9 146 174 2 12 119 138 141 140 51 127 62 1 178 176 98 50 213 230 138 63 248 33 81 145 148 234 216 237 66 96 139 93 159 110 220 132 50 91 66 58 225 1 206 172 32 196 50 104 160 87 140 
64 111 184 0 213 23 11 232 37 166 44 180 11 57 10 146 161 75 173 150 26 2 27 75 172 0 143 147 114 153 138 222 233 35 39 113 10 75 148 65 72 11 122 124 14 240 210 186 146 2 9 53 240 104 143 163 96 168 230 193 159 203 106 233 135 59 40 54 89 10 181 133 149 216 71 208 80 72 176 17 182 154 110 2 244 190 158 
112 173 70 138 10 86 8 79 51 80 245 48 159 245 21 85 87 152 121 221 85 225 122 15 95 128 187 173 1 51 99 76 45 180 245 41 24 18 131 211 153 95 236 230 46 58 202 190 66 110 246 110 61 196 39 169 60 113 95 50 76 84 98 180 126 215 147 18 249 217 178 64 136 102 244 50 14 41 159 235 78 71 228 49 245 125 45 
155 13 171 74 173 206 102 167 206 142 198 129 70 166 164 75 99 44 90 25 89 119 224 204 46 242 15 129 170 227 72 189 175 101 215 230 76 225 192 229 11 201 82 90 160 190 93 127 159 199 131 179 171 173 228 36 43 196 28 196 38 178 131 185 88 214 218 49 91 182 153 166 134 29 114 99 191 80 44 73 143 98 158 193 92 194 83 
92 10 32 72 64 199 129 96 172 115 74 224 129 52 171 221 199 111 56 62 116 231 109 81 184 13 246 200 58 67 120 21 66 186 222 234 190 173 185 94 147 142 181 3 103 210 82 29 187 64 11 72 212 93 44 62 154 6 183 15 20 38 21 234 13 83 214 170 211 250 34 39 58 125 203 59 92 53 18 131 186 24 193 189 46 246 170 
250 55 73 168 187 189 173 16 83 168 101 210 71 227 195 210 48 180 74 108 84 250 235 13 240 153 22 74 91 50 130 224 6 204 83 246 20 0 46 109 125 176 236 212 127 133 115 36 212 198 73 126 121 149 208 83 12 100 30 191 6 7 93 147 37 231 59 138 202 173 232 195 186 126 244 34 89 78 180 69 172 124 79 94 243 211 1 
156 203 92 74 216 16 114 15 103 156 5 178 66 53 136 28 233 157 236 122 76 145 197 197 6 64 242 219 182 195 105 40 171 195 5 83 23 29 244 218 0 222 43 11 227 136 26 162 210 36 196 139 35 165 228 199 42 57 17 141 182 144 150 227 55 65 168 152 231 64 225 135 114 250 247 186 77 109 10 233 98 23 117 120 42 250 65 
90 168 6 211 207 194 176 15 248 160 14 193 78 129 66 159 119 14 93 198 79 131 181 192 81 148 134 173 21 2 188 17 221 122 95 75 219 186 85 127 190 185 5 230 41 71 201 107 71 240 194 232 147 221 134 168 205 45 102 49 12 33 60 96 183 217 148 141 36 41 246 48 216 215 54 178 221 217 151 207 75 118 91 117 11 224 50 
143 78 67 137 92 207 129 49 122 166 96 142 64 211 194 78 73 193 18 159 70 60 146 123 154 199 110 93 239 106 174 91 10 34 110 189 37 149 11 168 111 22 192 167 246 182 85 235 22 209 87 53 79 109 212 132 188 199 176 208 17 162 105 241 87 78 237 38 16 53 216 128 104 79 81 107 166 137 230 183 221 6 29 47 217 117 174 
130 241 246 104 55 2 207 77 40 86 159 205 26 0 142 192 24 141 136 162 217 69 73 122 52 151 147 190 8 200 81 5 24 118 73 244 131 23 81 249 216 74 24 82 233 27 113 168 191 127 95 210 245 160 36 108 44 236 222 45 61 232 242 191 9 182 63 94 212 25 46 89 128 140 135 215 154 7 107 229 39 207 60 224 175 44 175 
67 59 177 250 71 218 217 28 193 155 24 183 104 31 27 39 104 145 82 55 83 232 204 199 250 207 0 24 40 17 75 66 190 155 113 162 206 51 191 83 18 77 72 39 203 219 230 216 112 25 236 77 1 146 246 167 87 59 221 131 239 135 223 11 232 228 117 248 51 247 165 211 119 74 65 114 5 240 99 50 96 123 72 166 76 243 105 
58 224 45 248 210 88 235 84 235 33 111 167 230 69 242 162 221 214 156 247 99 105 38 160 13 114 109 65 169 40 80 185 54 158 2 175 41 115 116 238 215 108 184 200 156 32 81 193 167 86 186 98 215 215 63 12 81 17 87 133 239 207 7 48 165 140 232 131 237 49 86 161 149 230 185 210 73 188 53 193 171 189 104 61 136 213 90 
82 141 156 131 176 244 130 130 6 240 235 30 194 61 62 219 163 106 47 59 193 116 245 225 216 43 32 62 0 14 19 176 145 7 222 243 244 84 111 58 203 125 93 51 80 76 199 184 249 173 217 85 109 9 225 69 204 156 24 109 45 117 206 221 61 112 195 226 48 176 37 56 242 122 243 199 3 5 55 11 142 0 101 165 88 213 36 
126 62 176 109 152 39 235 202 139 127 229 56 202 33 202 42 163 201 248 109 95 234 153 151 219 220 89 150 222 238 127 183 236 27 239 210 200 191 92 249 151 102 188 134 92 139 137 198 12 71 32 150 89 131 27 122 178 214 226 123 18 229 231 232 175 65 39 129 172 214 250 119 9 75 192 116 170 27 1 142 152 219 66 28 96 242 54 
176 195 157 237 12 14 16 126 248 166 46 193 193 133 5 62 51 191 179 87 165 131 212 12 167 151 111 56 136 100 177 159 168 215 59 71 245 168 201 121 194 152 207 1 58 207 185 158 98 197 38 144 164 108 164 51 182 2 166 86 193 130 229 35 211 68 110 94 105 218 149 213 178 163 131 156 212 188 240 185 130 40 177 108 52 15 59 
54 107 27 90 23 121 216 180 120 190 31 38 153 138 185 74 228 114 73 117 94 164 235 137 226 35 79 7 130 136 37 201 110 244 206 133 3 68 241 125 36 245 0 99 41 104 143 91 95 103 155 17 65 242 174 185 39 169 189 48 23 68 214 214 8 28 212 223 151 50 176 205 212 109 237 73 198 26 19 130 166 91 156 92 54 82 18 
34 185 44 211 236 167 146 234 183 180 134 108 102 57 173 8 73 250 63 150 175 120 227 10 159 49 200 101 206 114 43 43 26 78 143 214 118 6 96 224 75 73 86 147 117 116 19 233 59 8 10 2 176 8 210 138 53 213 158 148 122 45 20 105 237 5 152 124 200 103 131 188 31 114 7 4 7 96 229 45 39 83 1 156 54 218 89 
101 67 8 99 237 118 150 205 24 9 231 167 104 161 61 122 11 178 244 211 238 58 40 190 8 201 193 144 128 182 177 176 59 29 148 157 248 225 13 63 184 146 74 188 41 185 121 20 23 122 173 71 56 12 121 61 188 27 15 85 20 7 157 117 38 110 36 160 147 125 194 140 238 17 56 200 145 131 75 183 112 50 194 72 139 42 212 
46 19 179 42 105 134 205 247 22 228 136 191 234 166 24 93 15 116 221 123 135 36 234 85 186 83 77 227 138 236 52 246 101 131 103 234 158 62 9 42 81 13 228 62 58 2 106 185 42 154 238 19 202 95 65 32 237 47 169 81 45 166 142 111 145 101 120 8 156 118 227 154 172 16 30 39 5 61 99 71 145 228 106 210 65 137 220 
102 104 213 184 15 117 98 176 208 245 83 67 232 108 105 84 117 244 182 74 18 243 106 7 176 193 79 56 179 216 61 45 92 63 57 205 35 196 64 118 87 0 81 101 121 250 94 49 230 13 34 14 29 213 131 152 169 48 117 202 13 8 158 181 21 202 150 119 62 99 215 161 194 5 111 122 118 249 131 189 202 26 126 175 11 36 141 
216 37 50 219 209 109 208 78 37 147 209 154 100 238 47 176 230 231 5 61 129 192 96 77 104 136 34 151 199 99 52 160 207 58 143 5 155 89 231 12 24 52 74 249 116 147 228 32 35 234 100 159 220 242 151 3 115 197 4 90 188 151 36 219 216 25 213 240 232 126 44 75 21 133 4 218 40 30 134 245 76 245 1 8 155 125 144 
124 145 52 180 225 188 136 145 197 185 189 9 165 4 250 146 198 219 102 138 223 127 229 164 81 2 35 3 70 53 92 208 157 4 190 50 93 91 75 42 107 54 232 64 235 216 207 20 107 181 219 241 98 46 132 204 127 192 150 121 41 124 41 25 31 182 48 36 78 234 110 158 134 247 248 245 146 102 95 157 114 164 118 52 7 175 160 
72 111 113 213 134 194 151 198 210 231 249 92 241 47 245 87 250 173 226 104 164 48 35 107 29 206 242 12 102 31 195 108 174 241 102 187 215 89 32 214 68 128 117 201 181 25 222 76 106 14 47 112 40 133 77 148 24 207 123 195 165 102 141 13 112 26 111 197 46 216 75 162 174 123 96 175 149 97 208 233 88 189 57 226 103 154 4 
53 26 66 4 70 89 36 219 30 230 155 91 141 79 205 240 109 4 91 154 143 236 152 40 107 226 133 51 72 100 89 235 234 241 205 119 213 194 7 89 150 20 46 111 132 237 97 246 208 209 245 79 70 20 164 120 68 105 247 72 23 219 100 130 156 73 50 211 194 19 244 79 16 43 0 207 125 46 117 146 198 26 184 121 156 46 225 
105 204 106 143 141 241 58 189 83 206 98 201 158 216 96 37 38 9 230 111 46 5 100 142 88 58 192 174 76 114 218 130 233 55 30 249 158 234 196 81 47 96 38 12 29 102 136 24 45 101 221 44 74 20 12 242 221 19 189 107 172 159 51 248 236 51 96 73 126 206 63 232 61 8 14 6 24 117 248 246 101 21 132 139 166 21 46 
183 41 220 190 22 182 246 125 36 70 101 71 111 183 19 184 214 225 122 158 240 31 171 117 201 217 195 247 168 115 88 185 163 168 167 150 13 54 221 58 138 88 167 215 99 239 242 250 136 160 27 75 51 238 139 175 57 249 2 233 235 69 115 50 177 67 50 223 148 209 94 48 233 154 19 45 127 235 14 32 16 137 14 167 209 65 113 
193 244 248 133 101 43 89 27 195 7 207 36 160 116 41 120 223 10 146 67 121 2 156 123 155 9 244 220 38 105 149 128 121 128 106 70 166 56 39 196 110 150 90 93 75 57 21 43 240 66 117 122 76 13 114 114 134 84 233 47 178 144 212 55 14 71 69 14 217 145 145 101 34 216 63 52 88 183 191 64 146 107 172 186 218 247 178 
