95
94 234 121 206 173 196 242 231 83 45 10 81 47 193 186 229 159 34 249 166 164 57 146 61 46 150 238 99 195 180 94 29 119 144 14 109 41 240 179 24 118 140 157 45 41 83 27 82 117 24 138 124 103 174 212 15 5 135 154 37 245 3 63 225 159 95 119 234 23 147 42 128 34 165 140 129 12 100 31 209 160 109 89 9 39 243 38 215 40 88 116 37 229 81 47 
205 198 103 116 244 7 10 96 128 208 144 57 215 164 250 175 62 92 92 196 106 113 178 195 44 70 20 140 134 182 73 185 196 183 222 161 168 66 231 40 32 234 110 132 19 212 99 234 51 182 174 4 74 111 95 180 2 199 205 38 132 90 178 126 102 58 135 61 223 66 150 196 228 144 25 208 232 169 96 194 129 180 64 233 173 8 156 35 151 129 145 219 213 95 51 
48 140 247 199 38 44 35 234 28 142 144 72 51 202 193 144 115 193 53 76 60 194 185 8 0 124 209 62 184 190 60 117 132 50 55 99 113 111 123 157 89 98 208 137 83 163 118 55 40 178 185 51 146 194 45 115 245 55 215 78 212 188 57 89 105 52 166 208 39 72 66 42 128 47 219 176 208 0 164 196 118 51 134 101 119 231 207 124 144 70 109 188 152 174 194 
243 135 103 186 15 94 3 96 64 102 22 155 21 53 154 95 93 176 120 244 222 156 54 160 33 2 55 140 243 1 123 18 247 175 232 17 140 181 26 170 62 160 145 44 59 115 64 25 30 166 204 160 196 0 65 66 225 159 185 49 248 155 117 167 216 128 137 179 20 150 58 71 129 124 78 6 113 198 241 129 49 213 199 22 157 1 214 3 215 176 73 171 154 250 153 
206 91 3 218 240 193 19 44 112 28 34 65 234 3 201 231 95 11 180 92 126 209 127 224 183 89 176 43 4 184 114 17 20 20 198 141 87 21 89 45 6 2 94 241 49 159 107 222 224 145 23 103 21 50 57 15 129 164 167 213 209 81 92 35 231 73 8 103 193 94 239 47 71 215 46 33 6 114 169 102 196 179 171 218 198 101 80 196 168 207 11 159 116 184 147 
246 73 166 160 192 224 17 60 174 209 179 31 204 19 144 218 164 232 157 220 183 168 171 246 148 218 121 197 149 199 23 65 5 93 197 193 96 212 177 161 71 228 52 133 200 136 19 51 85 167 189 169 247 14 156 242 9 19 210 10 10 54 231 153 104 112 250 54 146 80 240 181 68 81 141 125 227 134 213 99 123 114 239 242 90 184 23 121 26 129 29 25 104 177 61 
112 182 177 98 70 230 147 38 213 95 8 194 156 188 86 83 160 21 240 105 70 233 195 46 236 160 238 66 33 12 204 16 12 7 123 87 154 47 195 188 222 176 154 4 141 136 129 226 7 207 0 236 142 28 120 186 89 154 132 146 17 28 205 136 249 70 165 231 219 45 141 216 155 219 153 17 96 102 154 9 227 149 125 194 12 1 27 210 158 194 188 152 165 44 13 
56 84 156 46 214 152 12 154 114 165 83 106 242 28 227 192 168 244 233 243 224 84 119 235 171 103 177 84 95 198 169 85 190 207 53 190 105 36 170 123 159 233 201 77 197 221 33 141 63 161 250 49 249 139 156 84 44 0 206 163 195 92 228 62 231 24 187 21 82 123 116 50 58 218 151 250 192 236 1 187 204 78 119 101 183 68 37 109 181 113 143 123 26 180 84 
73 45 16 225 164 245 53 226 223 76 237 51 59 249 156 227 217 22 193 134 120 49 249 10 67 14 161 85 228 245 61 20 189 236 213 235 197 79 33 0 102 169 12 243 59 165 58 72 239 94 194 79 117 177 152 131 24 192 205 78 216 169 6 227 47 184 196 178 72 164 197 38 159 216 180 170 38 241 32 27 136 165 196 45 71 100 91 247 75 83 31 2 182 194 136 
181 202 209 159 177 115 39 48 154 205 136 138 150 101 195 93 165 174 33 102 168 46 208 91 150 122 127 32 161 173 62 213 238 157 141 0 1 77 85 102 10 16 81 6 150 165 193 161 164 173 105 42 238 26 148 20 111 213 87 142 84 231 127 160 1 36 171 170 246 186 141 200 95 140 12 16 212 30 206 9 206 46 92 74 172 139 77 50 22 189 108 222 45 198 131 
219 249 209 215 135 13 77 89 104 7 163 164 217 82 189 222 55 57 65 152 150 182 137 101 61 102 168 190 98 15 171 78 147 39 44 162 248 20 231 204 91 0 112 49 194 195 72 244 197 230 213 10 191 110 213 240 193 208 10 58 213 26 228 94 246 24 91 13 134 180 153 28 210 109 84 76 142 197 233 241 238 67 233 189 137 192 227 48 70 12 165 231 84 122 72 
46 95 209 124 139 183 141 3 169 117 169 78 95 234 88 212 199 101 220 94 113 0 111 34 155 219 142 198 135 41 169 9 91 94 139 157 247 133 146 201 10 3 23 134 122 162 218 236 7 159 73 199 69 135 35 250 156 188 133 150 3 52 117 57 132 67 107 181 53 121 55 6 18 132 194 182 61 195 124 125 18 158 141 235 4 19 33 210 92 221 192 211 34 203 219 
121 226 247 164 167 179 222 194 31 93 74 196 146 64 185 87 35 23 233 237 183 87 9 221 68 185 238 64 15 59 187 36 190 41 194 69 31 3 144 134 96 241 56 179 176 182 86 16 29 228 107 159 208 222 186 107 98 91 59 2 112 88 194 26 178 233 70 232 19 198 130 124 122 182 116 162 222 186 132 115 185 181 104 183 58 70 206 124 125 52 119 102 87 43 41 
2 216 180 113 164 24 224 158 212 24 73 106 5 209 210 201 193 246 126 219 16 100 37 196 104 66 184 91 174 183 125 139 45 184 110 100 87 88 150 15 50 133 227 179 181 139 184 45 101 138 101 25 167 100 150 17 68 82 9 115 123 103 109 142 99 168 70 184 191 69 104 126 232 189 157 247 183 144 30 98 91 242 201 35 215 170 214 84 243 115 208 238 71 167 203 
203 176 189 81 51 153 57 59 85 53 161 27 188 135 95 149 15 87 130 187 88 32 230 243 175 233 206 196 229 156 132 54 126 234 67 158 163 116 221 131 220 153 20 127 241 240 211 101 70 149 114 91 219 117 222 144 73 43 30 225 162 159 249 28 82 104 179 138 78 66 106 144 226 32 21 130 112 138 89 122 123 191 50 128 240 30 133 63 181 146 71 245 125 231 93 
162 214 52 250 183 236 145 211 177 64 173 10 211 8 22 50 84 209 207 201 62 63 67 161 20 61 1 186 172 153 98 10 198 56 150 159 118 231 16 137 34 92 200 227 134 23 219 207 111 182 173 226 75 82 55 246 216 69 128 139 9 156 207 131 104 147 225 79 36 83 121 58 129 45 241 172 146 112 183 96 116 222 171 114 30 138 66 215 48 207 127 233 244 128 161 
23 198 9 240 170 213 227 196 129 190 88 236 218 98 175 169 229 33 215 189 124 187 14 193 116 24 83 87 230 240 247 4 180 90 10 140 45 225 103 27 229 8 143 185 78 16 52 143 27 109 134 215 129 39 146 117 220 186 238 244 227 160 238 109 87 13 173 160 155 178 248 108 147 212 145 50 227 19 23 68 54 32 79 139 143 123 212 144 46 250 96 138 170 62 218 
129 82 28 100 64 113 12 206 143 153 0 31 156 7 131 51 137 165 15 71 30 11 64 128 25 124 92 111 174 178 226 10 82 235 164 126 23 36 163 75 97 203 64 131 229 181 82 15 25 121 97 45 143 161 53 54 58 120 189 239 6 176 87 27 0 209 220 48 224 148 107 246 92 15 164 139 135 246 137 156 213 161 184 223 136 72 209 119 187 223 202 236 191 133 88 
147 139 41 110 32 141 11 211 145 130 38 244 28 158 148 37 221 12 208 120 98 118 193 121 237 158 114 208 76 13 130 33 239 139 14 47 127 119 84 117 29 134 22 51 94 212 26 178 166 204 228 202 106 191 186 76 204 153 218 130 16 212 209 165 63 111 102 121 120 117 31 196 50 45 217 92 110 108 91 12 163 125 61 172 215 234 217 145 73 97 181 27 187 229 152 
31 173 71 220 36 109 161 109 221 171 19 127 250 113 88 192 248 182 113 213 131 61 92 29 38 240 211 7 216 57 110 126 168 105 129 30 234 189 17 218 78 29 87 227 178 187 172 82 237 202 183 10 206 14 44 74 110 32 130 106 106 12 164 93 24 173 81 108 122 42 68 63 222 9 178 57 17 61 121 140 167 31 148 228 126 61 143 12 198 165 29 128 8 22 182 
90 81 92 105 190 63 175 42 194 110 177 239 29 27 112 32 14 64 96 54 21 117 45 60 238 199 57 108 103 26 57 87 228 140 127 39 215 211 58 98 17 3 140 110 146 66 89 72 57 232 84 12 13 248 79 230 11 225 105 246 50 250 139 121 132 19 233 87 79 63 56 201 192 158 191 25 126 164 88 175 178 195 155 34 82 40 2 77 72 215 49 237 209 59 192 
57 74 202 81 202 8 229 11 18 46 93 1 226 31 157 226 13 155 88 205 214 12 25 223 110 236 2 107 93 56 90 14 104 149 29 131 232 136 240 233 151 77 137 53 116 200 115 208 134 113 10 31 210 19 15 225 246 158 31 119 31 127 215 187 150 199 11 235 240 15 238 127 21 158 184 65 161 3 125 123 160 52 222 135 18 178 126 125 198 71 209 213 150 217 91 
61 48 190 1 6 127 142 65 216 33 100 137 212 92 91 61 208 55 152 44 157 237 143 238 214 170 238 207 60 16 11 235 68 30 109 60 44 211 9 242 106 118 207 3 96 173 97 166 57 94 73 159 6 245 170 223 144 239 158 214 199 75 104 75 200 213 142 29 88 37 190 127 18 115 220 168 84 202 137 228 126 2 197 170 219 107 212 146 54 198 99 15 206 23 39 
88 38 30 67 149 135 71 249 26 15 70 52 201 193 100 86 49 94 144 25 26 142 247 172 196 74 222 171 46 49 46 20 156 44 13 16 27 109 2 192 192 88 39 76 119 33 183 206 136 57 179 150 61 214 57 178 182 144 186 249 43 42 156 170 65 144 39 72 139 152 223 131 27 124 111 92 28 158 96 70 53 17 83 98 147 188 27 5 111 77 233 247 15 52 113 
176 139 35 65 30 10 60 212 23 129 167 89 166 229 19 10 121 104 96 132 128 56 21 4 239 200 59 187 187 246 233 208 219 46 119 163 96 233 125 198 85 105 78 22 221 222 160 180 182 40 60 121 190 203 117 87 42 106 58 33 167 130 116 20 19 198 165 40 109 248 191 75 66 62 91 175 242 107 35 180 137 21 22 102 72 195 188 64 174 236 179 73 116 0 110 
190 166 168 211 149 211 5 106 204 189 107 29 20 111 152 4 30 113 116 115 55 80 7 15 229 0 197 83 246 43 227 35 78 112 105 60 11 92 90 58 6 210 216 195 165 109 5 66 77 24 210 18 231 131 246 130 94 222 178 176 46 34 4 1 187 248 79 144 94 148 73 128 158 160 19 108 180 14 37 208 141 202 4 15 116 216 243 159 84 59 234 222 154 100 79 
245 90 121 169 86 36 146 228 215 137 49 240 137 3 53 192 128 239 95 195 189 188 52 83 110 76 76 17 149 225 37 107 245 2 194 174 17 63 82 110 74 54 184 33 76 45 237 166 67 163 115 46 176 103 4 31 80 189 190 108 116 186 113 122 167 246 145 239 232 97 182 130 32 60 0 88 81 155 237 23 72 197 35 227 85 128 96 239 27 40 150 72 148 233 55 
191 14 227 220 96 211 23 101 120 43 148 27 119 239 143 128 78 35 66 21 72 209 213 94 42 37 177 51 224 172 186 183 68 35 141 210 17 157 118 164 173 154 221 132 213 50 9 115 96 22 8 9 104 220 107 48 91 116 247 154 69 71 62 89 227 54 81 205 30 94 92 190 237 210 237 83 46 177 22 66 116 79 161 15 84 46 174 50 179 193 182 68 233 38 184 
94 221 192 158 86 22 229 102 177 233 71 199 63 97 240 137 156 2 227 100 248 25 85 238 163 235 60 1 181 122 193 158 3 3 43 47 105 62 176 19 10 237 84 46 37 68 7 182 189 219 62 31 95 150 146 122 10 142 128 42 46 226 72 153 115 238 236 78 39 46 157 79 232 49 14 66 52 231 84 117 45 184 96 72 49 74 124 105 94 216 150 29 66 180 157 
24 194 163 235 148 225 111 125 92 129 45 183 69 122 103 56 75 3 173 65 198 228 83 153 201 187 81 111 222 116 6 50 33 111 81 248 171 227 238 118 138 192 123 127 181 154 67 106 120 128 158 128 82 238 145 169 84 236 176 181 228 93 182 157 108 80 157 42 224 48 36 45 14 114 187 181 38 39 242 111 193 16 36 0 128 240 144 247 73 185 246 117 74 93 199 
126 218 156 139 63 71 200 139 147 28 111 117 11 216 242 101 56 64 243 60 98 232 13 38 46 186 181 246 28 71 85 193 217 75 31 107 2 140 31 39 21 159 167 94 4 236 149 245 197 143 225 137 109 12 206 50 87 98 84 88 199 160 248 196 52 51 60 137 16 133 201 155 15 80 190 76 149 150 81 244 29 235 176 54 225 135 36 150 4 27 6 42 157 72 88 
48 8 146 185 60 213 29 233 242 248 97 129 192 184 8 88 90 181 131 75 227 142 124 244 101 248 108 153 175 31 194 112 62 120 48 118 136 219 18 214 206 16 83 13 233 134 127 173 124 4 85 71 73 102 146 64 59 88 95 103 75 93 6 92 240 68 196 16 116 27 87 130 172 55 49 155 200 36 159 210 40 191 97 241 15 194 51 199 212 26 187 117 72 118 168 
36 212 52 165 40 205 63 188 136 193 238 213 146 180 135 192 157 158 91 193 190 24 171 80 30 183 249 17 184 140 121 74 208 5 168 74 116 247 150 137 44 36 93 159 89 191 42 3 117 123 150 151 59 209 77 244 120 241 27 183 70 164 233 140 42 10 12 114 212 118 138 209 138 208 149 207 74 146 87 211 82 250 140 93 169 42 210 175 235 219 7 219 226 44 185 
156 200 117 194 139 191 222 9 30 96 145 169 62 106 68 79 210 26 27 204 159 41 234 80 30 250 230 19 92 84 117 250 142 83 187 123 110 211 76 219 187 140 230 235 45 41 249 183 8 80 223 181 79 184 26 105 118 241 32 44 90 64 219 181 8 125 5 11 223 160 157 170 242 110 15 143 162 125 44 120 43 118 40 199 165 226 91 41 109 165 86 219 185 109 72 
141 221 62 2 7 240 180 105 215 199 108 219 5 42 187 154 124 117 107 206 219 120 228 120 197 136 54 142 81 69 107 242 224 51 188 191 46 176 181 51 144 65 1 72 59 153 115 16 135 158 147 119 135 70 105 134 79 115 184 102 246 9 5 132 174 130 142 131 182 188 192 100 44 140 190 214 181 249 131 243 25 239 33 63 194 126 130 188 224 60 118 5 124 126 167 
171 178 198 152 106 134 203 126 103 92 117 13 97 217 209 126 7 12 140 187 186 92 20 55 247 30 11 122 109 163 134 125 8 44 3 231 64 215 4 91 215 165 133 223 127 17 214 136 172 168 136 224 208 46 82 56 38 121 49 94 249 31 75 49 142 218 9 37 7 133 177 85 28 149 24 100 8 48 97 124 119 70 233 137 63 230 159 37 68 43 119 92 243 121 184 
240 64 89 75 249 198 145 227 100 39 93 154 198 204 58 41 234 65 127 0 71 26 200 137 191 208 117 178 106 3 65 134 149 89 128 217 30 111 40 224 231 18 30 213 85 88 245 165 224 170 20 243 219 235 16 220 35 148 194 98 234 144 123 155 226 43 3 168 205 111 133 171 191 83 118 227 58 227 67 128 226 117 115 27 246 75 112 99 107 193 16 48 152 182 19 
91 62 175 202 12 169 38 133 186 216 94 135 83 218 169 109 241 152 231 141 51 113 245 196 75 70 127 250 37 200 43 60 203 152 119 22 99 151 136 125 199 75 97 223 182 182 157 134 193 49 226 46 35 129 206 153 189 250 224 44 7 76 145 59 8 76 216 215 215 213 23 78 123 108 148 23 1 249 1 247 214 122 67 177 232 76 4 168 179 41 167 17 224 150 60 
68 122 184 94 231 52 188 16 2 204 211 196 229 240 200 45 159 189 247 158 209 246 250 73 151 120 182 2 248 34 249 104 217 158 62 11 141 176 49 185 230 0 202 161 186 157 166 235 163 50 51 112 248 180 116 227 6 59 157 72 152 163 218 3 175 217 248 194 15 52 62 127 64 120 179 71 132 25 231 122 139 11 100 54 31 93 89 160 32 13 119 8 47 89 199 
230 50 235 171 39 59 122 148 28 115 20 68 181 6 206 171 167 178 27 171 184 164 17 215 49 139 2 18 76 51 14 188 200 140 226 90 156 79 100 234 100 237 147 132 88 128 46 37 8 38 121 97 19 235 235 29 114 27 173 78 157 107 4 140 161 170 150 213 114 17 173 72 241 92 156 183 248 236 151 82 214 30 165 130 190 197 73 91 223 182 24 59 220 45 25 
33 145 220 103 154 18 33 34 92 131 233 15 127 174 118 9 220 20 136 144 41 41 204 249 95 220 49 229 183 98 41 170 27 242 221 2 40 138 240 167 58 222 83 210 151 13 90 197 113 178 128 171 129 233 49 228 87 216 134 156 155 130 241 31 85 51 28 110 208 135 9 48 126 131 31 198 134 247 83 207 243 78 212 18 92 158 95 61 164 120 68 139 36 103 141 
18 158 138 31 126 4 152 211 220 54 174 185 127 188 215 15 25 11 79 73 209 139 186 199 3 133 191 74 243 15 226 82 85 122 152 106 142 131 226 103 48 171 228 100 56 210 218 81 203 184 247 107 125 242 110 71 212 160 242 180 157 162 81 196 117 159 69 192 164 241 178 213 78 59 166 223 74 27 24 219 66 56 195 199 6 62 126 176 37 32 185 242 216 130 4 
234 5 34 162 227 243 55 58 103 222 40 184 10 124 132 119 76 12 39 128 219 201 218 235 13 195 167 215 167 58 214 33 60 228 71 202 230 105 245 134 87 89 241 47 167 213 62 127 28 94 243 155 93 27 248 124 232 167 207 34 16 54 70 67 198 147 49 92 249 170 129 0 3 154 21 103 81 14 125 31 19 153 180 139 95 233 27 22 107 153 89 52 242 19 34 
27 158 56 40 108 106 94 8 234 205 133 75 13 11 9 174 9 64 243 57 25 38 97 39 157 15 114 85 48 203 246 182 73 81 145 125 132 231 9 45 63 18 21 94 34 93 249 154 43 247 19 111 196 241 144 18 154 73 248 123 18 106 171 189 96 15 75 206 183 54 169 77 91 216 55 216 101 69 23 17 168 102 46 87 234 25 133 67 178 33 141 32 8 88 128 
150 96 32 107 10 140 8 125 52 67 101 218 96 111 104 167 59 50 22 250 16 182 119 10 227 150 198 86 210 221 246 60 52 81 204 171 249 242 168 27 235 139 187 86 27 92 69 203 139 213 78 127 102 164 183 55 78 77 190 169 29 191 136 240 88 71 68 173 237 71 130 118 96 77 111 82 110 62 200 49 177 175 79 65 121 37 160 230 83 234 74 69 208 162 209 
188 22 170 186 204 218 20 92 141 28 160 239 62 34 118 114 177 53 132 32 229 17 79 63 159 160 199 26 84 88 22 161 186 30 63 74 125 22 134 63 237 80 114 69 238 223 96 118 203 88 109 116 147 44 8 160 119 224 64 41 133 242 41 141 160 168 28 202 214 216 66 25 90 148 29 93 69 19 233 245 243 100 186 197 241 162 218 75 226 4 105 111 113 188 112 
183 175 4 226 140 161 175 149 211 249 227 182 52 172 53 224 102 121 45 91 152 16 93 36 201 225 125 134 124 143 9 25 195 114 218 212 66 3 144 127 151 24 29 102 116 249 122 83 27 235 204 234 18 1 85 64 200 15 103 5 169 40 28 68 36 223 129 68 187 72 208 228 107 6 198 114 120 228 118 148 114 79 198 151 36 168 191 172 129 197 62 191 150 130 250 
38 144 237 238 34 11 51 72 62 223 61 99 123 14 168 14 7 71 157 100 14 213 57 94 191 45 174 89 246 112 133 226 14 43 156 112 17 118 98 84 38 173 246 209 73 191 170 175 98 164 142 110 25 145 240 221 49 39 157 129 237 51 207 75 132 181 139 162 196 96 249 3 73 210 8 39 226 79 130 18 24 123 94 245 230 78 236 206 82 170 17 28 132 49 93 
139 11 95 168 54 90 154 177 241 188 171 244 127 179 105 97 141 17 124 228 101 45 194 193 31 125 208 14 218 121 194 175 136 28 61 70 242 81 55 244 21 135 54 83 169 142 18 117 183 244 230 217 54 120 237 63 208 62 79 136 40 24 65 205 249 192 133 4 3 44 167 223 39 7 6 150 129 132 132 176 114 154 226 3 41 209 118 6 190 120 223 201 55 236 7 
139 113 39 190 32 45 121 249 214 19 151 83 13 181 39 132 199 112 225 245 26 182 17 190 125 85 193 103 217 98 32 157 18 11 160 36 94 247 59 165 97 149 101 107 165 105 94 40 116 34 210 169 187 28 37 76 28 81 114 222 231 250 9 115 175 163 185 158 152 189 132 207 238 155 207 114 245 100 13 119 4 12 103 207 88 72 200 119 225 203 189 165 162 80 115 
140 216 224 190 137 188 100 184 74 27 205 223 84 56 16 60 12 102 226 207 219 22 197 244 161 174 68 87 4 103 188 185 51 171 215 38 62 66 141 157 214 187 79 103 196 117 37 5 217 168 183 140 39 148 61 15 202 53 78 139 244 53 58 122 115 30 88 166 206 168 212 140 93 175 160 217 188 65 115 3 176 120 199 124 33 52 94 157 54 139 56 61 40 216 238 
96 88 85 160 11 50 163 182 46 34 189 177 54 95 140 75 43 138 71 2 157 127 3 94 164 110 87 105 72 26 56 46 197 148 222 153 222 235 137 146 51 234 150 185 126 176 220 185 181 67 138 118 160 183 184 186 74 23 250 233 219 20 206 16 213 34 198 147 148 136 223 112 2 20 169 71 163 159 52 144 46 106 223 137 99 42 172 186 4 42 250 20 237 132 10 
196 69 171 116 14 60 158 47 53 231 138 97 233 5 218 156 162 53 44 130 51 108 169 150 50 146 108 12 25 135 69 151 221 200 48 185 17 68 74 164 194 250 235 219 6 49 75 151 186 9 176 177 35 32 171 221 164 40 182 249 147 67 207 247 167 246 64 29 77 148 148 155 190 23 119 156 68 209 36 229 128 238 94 118 124 131 142 236 130 152 96 182 107 230 31 
151 229 149 120 189 90 91 12 206 229 69 131 31 202 161 224 203 204 54 225 178 67 51 85 142 7 136 31 155 29 247 71 25 16 213 151 189 49 43 212 154 234 243 149 94 105 85 91 17 222 92 175 24 161 189 138 41 77 143 228 53 193 41 147 146 149 204 1 173 172 25 221 5 38 170 242 122 187 100 239 23 143 109 200 99 155 169 4 48 236 9 15 13 19 236 
191 193 133 17 132 67 62 35 29 58 213 140 17 177 24 55 83 2 199 152 30 216 95 102 76 107 104 193 41 145 119 250 138 70 217 185 77 45 149 89 152 26 95 148 79 250 208 143 140 43 45 234 187 14 17 211 116 227 188 147 122 108 130 111 170 234 238 154 56 137 4 207 8 65 178 197 155 25 103 72 2 246 250 130 244 41 70 145 37 185 96 127 246 95 62 
237 193 165 153 16 45 183 0 43 97 104 210 12 219 99 161 9 172 226 191 16 208 44 96 131 249 98 229 74 89 150 23 69 90 113 115 23 115 116 83 159 126 10 16 30 209 193 28 87 71 226 197 102 60 36 195 117 247 218 67 13 248 137 48 23 33 181 188 26 99 189 230 129 229 184 142 213 14 87 232 14 107 100 230 102 30 115 172 95 28 34 199 33 3 92 
183 55 186 225 205 240 83 123 103 190 158 235 80 123 213 227 58 24 26 70 101 137 6 176 39 115 61 5 92 73 202 151 161 25 117 203 125 199 188 175 134 3 12 184 79 117 194 110 27 177 173 206 62 55 126 80 108 23 64 177 38 99 57 184 119 60 227 117 205 221 31 76 200 70 229 248 198 21 165 101 146 44 94 192 138 58 15 3 236 104 198 45 184 107 134 
144 54 248 131 74 221 107 105 118 29 57 21 144 126 236 180 128 99 160 72 192 249 248 81 24 104 0 193 170 156 172 49 168 46 46 65 104 111 135 212 207 200 222 145 30 140 200 33 107 130 220 46 140 133 228 206 208 120 174 25 54 84 52 151 174 201 230 121 30 211 223 114 174 97 171 136 177 35 67 169 39 33 112 98 142 118 117 153 97 213 71 235 115 223 130 
179 92 97 118 247 130 129 77 48 75 228 236 183 232 241 84 135 221 123 246 65 44 67 72 162 247 237 139 191 38 37 221 136 59 106 228 199 177 222 43 126 242 103 28 55 53 97 229 234 246 114 198 164 174 213 168 224 87 200 196 222 160 182 82 230 6 102 96 62 208 60 83 52 5 89 94 32 183 120 128 65 28 239 157 223 130 48 30 180 14 82 39 36 196 159 
16 125 165 63 79 226 220 154 83 147 219 116 70 205 38 229 185 70 166 178 215 117 56 200 192 226 241 23 230 66 155 222 88 223 165 21 228 178 112 224 75 167 7 239 78 210 85 61 80 39 185 233 248 59 195 132 176 161 101 65 110 178 49 156 13 33 31 67 231 126 237 208 37 29 49 123 7 87 99 50 218 245 166 149 213 146 57 49 109 235 127 85 121 128 241 
206 160 236 200 29 89 140 171 71 29 38 28 223 169 150 7 83 21 180 41 221 85 96 240 36 225 230 232 227 208 65 189 138 88 125 30 222 70 19 242 7 160 175 68 216 167 222 226 188 41 149 33 50 136 74 187 150 13 98 161 238 102 150 6 16 159 170 151 5 218 202 129 181 40 34 169 239 211 193 74 138 74 93 236 185 180 141 10 1 160 199 190 49 138 31 
90 69 106 97 159 221 62 235 77 22 54 172 5 200 222 68 28 214 172 171 202 194 207 120 246 219 78 50 105 5 111 171 4 57 59 42 16 81 178 104 232 173 172 244 66 79 62 124 15 77 191 237 85 182 75 158 41 107 224 28 80 136 69 201 234 8 33 1 80 2 91 204 49 83 109 71 37 52 61 20 21 60 183 156 161 247 166 64 195 112 139 179 47 179 164 
221 230 205 235 134 43 229 227 16 65 107 226 241 23 33 132 242 172 134 214 81 32 163 76 72 28 231 238 162 184 60 134 68 66 26 60 210 72 79 242 144 245 197 218 133 88 148 19 85 150 233 232 60 34 83 43 137 118 213 119 246 46 162 226 24 164 199 209 28 206 190 241 87 92 130 144 88 43 22 68 125 156 114 24 102 12 126 190 226 172 5 82 27 145 51 
124 140 27 25 184 191 150 198 109 74 242 111 177 239 47 96 50 126 51 169 239 171 169 249 216 86 113 20 112 231 163 95 97 236 66 26 216 105 193 167 145 143 34 80 66 22 72 234 58 116 186 228 161 93 192 64 131 134 156 12 71 141 135 213 72 9 51 12 66 247 151 228 170 11 187 105 180 16 72 221 217 115 43 130 187 30 25 139 87 46 19 105 13 174 6 
94 184 216 165 23 169 186 21 40 22 15 156 42 206 197 62 102 128 31 157 24 191 95 175 7 11 118 25 199 153 16 94 250 64 192 80 235 18 146 237 150 204 107 95 221 168 238 67 115 160 128 138 83 38 11 199 63 57 46 67 194 165 93 35 207 63 190 242 242 113 176 41 170 118 148 47 98 156 219 105 242 163 31 125 231 127 157 88 107 47 130 163 176 127 217 
4 14 220 165 111 241 152 34 190 138 21 11 221 98 77 67 121 73 90 247 193 150 72 229 8 59 81 21 215 148 127 152 149 136 112 167 69 113 121 124 49 29 220 197 68 167 149 229 78 42 58 53 147 30 17 213 59 26 164 186 43 229 71 50 91 137 176 162 84 181 236 190 148 15 247 247 17 245 160 229 116 5 0 201 188 193 116 46 146 131 153 124 135 184 91 
39 159 33 206 242 202 85 151 62 75 98 249 240 205 148 67 192 223 19 239 99 10 187 195 131 196 129 90 34 36 113 232 230 99 246 99 220 43 136 206 69 214 174 47 170 86 218 76 181 104 174 137 43 95 75 34 232 109 38 175 144 237 223 101 172 235 236 235 184 65 89 121 23 45 96 11 118 230 2 211 4 148 85 223 97 38 29 81 189 44 149 51 50 85 175 
37 217 111 201 117 121 224 233 113 209 152 161 35 237 233 226 131 240 224 225 187 237 145 26 141 74 218 226 204 155 114 39 42 227 223 187 12 174 102 21 242 21 23 163 8 21 106 110 76 119 224 4 210 62 184 2 97 14 237 8 132 129 89 131 206 138 182 147 17 215 10 29 117 18 205 25 99 123 136 16 22 165 182 245 237 242 228 212 190 231 137 187 77 91 98 
45 6 38 209 100 218 208 208 202 196 212 186 51 240 157 63 57 238 134 234 98 216 242 93 49 248 215 69 173 124 168 124 125 95 248 216 225 67 214 62 204 105 200 169 112 50 59 20 27 151 111 160 235 23 173 58 178 193 204 186 245 49 145 80 66 203 93 107 131 218 121 168 241 64 217 173 181 230 154 136 216 146 232 102 194 203 92 137 168 199 77 71 97 120 120 
143 139 49 0 66 234 122 133 68 8 161 198 119 21 198 160 27 111 156 166 2 4 222 109 6 138 185 147 169 208 202 185 109 119 247 113 206 195 210 123 185 221 79 153 65 248 233 180 20 218 16 66 161 97 160 131 141 50 99 211 82 17 108 239 231 109 5 79 74 192 34 27 173 180 212 14 184 154 178 203 199 236 40 37 0 154 197 103 38 47 122 20 232 43 78 
214 247 179 36 245 226 184 76 250 221 133 198 11 243 143 136 72 173 178 189 234 156 219 159 91 36 67 141 54 86 116 225 232 102 135 53 25 147 149 78 180 70 16 172 122 2 60 55 242 189 100 149 113 51 6 246 94 112 105 185 46 16 59 59 96 226 231 80 136 116 37 99 43 129 102 156 114 221 144 231 76 163 76 18 232 71 48 91 154 30 37 228 91 103 103 
32 12 193 242 68 59 185 120 207 140 170 173 176 87 90 95 193 161 60 133 3 139 189 201 78 224 195 118 207 135 210 242 83 47 208 97 28 15 56 179 156 142 66 45 83 115 112 32 167 61 113 198 170 155 164 47 220 53 188 91 78 154 52 140 123 11 65 223 138 18 184 132 63 1 233 235 241 24 93 127 241 125 120 176 232 207 42 121 221 150 148 202 2 89 79 
129 119 65 24 100 90 156 189 58 87 57 7 81 78 225 124 202 26 52 217 217 91 50 41 170 25 116 91 68 189 30 224 197 204 172 165 127 152 194 142 116 67 210 98 164 40 64 117 208 217 99 222 2 211 70 173 146 153 148 164 91 160 100 160 57 219 216 240 70 139 56 6 238 31 187 137 180 45 84 73 4 157 55 215 67 128 122 76 190 31 52 72 160 95 58 
13 93 225 29 122 132 0 206 52 167 248 133 196 66 117 124 123 147 69 188 169 51 137 208 76 125 177 234 12 85 199 165 224 41 65 73 17 89 103 243 174 139 20 117 95 60 26 210 176 114 207 2 61 245 11 239 197 58 198 130 131 51 15 31 66 57 19 30 204 124 72 13 233 240 56 98 92 38 114 85 25 14 200 86 232 47 91 202 6 62 207 225 54 50 234 
171 121 34 147 89 76 166 101 84 34 4 234 4 35 225 140 164 168 50 0 157 57 97 107 22 140 196 84 67 156 83 100 30 23 232 90 152 123 50 57 108 246 226 0 61 65 119 63 59 224 120 171 239 56 153 197 76 179 43 185 165 192 248 152 201 29 42 214 138 15 192 128 109 87 116 165 38 120 126 59 103 6 3 42 136 22 36 239 133 220 20 186 11 12 51 
130 97 82 10 247 56 47 57 79 205 199 58 173 149 115 89 134 36 205 25 16 229 186 194 139 9 165 66 123 241 41 193 193 206 63 234 45 193 172 79 42 212 33 202 78 80 150 7 169 27 98 190 229 156 55 106 61 221 116 234 229 241 235 235 41 211 142 185 223 115 69 221 214 249 91 2 51 234 193 27 145 121 232 244 232 100 140 92 77 172 46 17 175 148 204 
87 153 39 33 54 0 106 67 4 23 162 1 118 44 124 17 201 239 177 153 123 191 51 83 95 167 11 193 110 248 6 72 47 245 67 238 138 46 241 64 207 226 243 60 208 189 5 93 86 136 66 5 235 223 193 33 156 98 121 147 163 48 109 171 116 113 230 171 65 84 239 134 136 236 231 235 191 195 190 94 68 27 48 73 209 175 87 66 99 13 48 52 195 225 139 
237 184 56 59 201 85 241 82 250 225 94 49 38 123 59 15 111 89 247 230 35 62 91 196 50 124 19 91 212 80 198 53 111 169 110 181 109 240 158 181 196 114 1 190 2 144 202 164 20 36 1 96 25 50 186 234 155 188 149 183 112 226 235 246 35 44 242 248 169 181 107 178 158 205 140 223 27 155 222 3 2 33 191 142 125 171 166 72 178 234 165 133 33 42 10 
143 113 115 151 28 175 209 52 128 80 83 229 138 113 229 23 29 152 3 211 117 208 166 95 141 226 158 145 201 143 1 165 112 206 142 30 35 16 210 88 237 104 162 34 186 154 180 64 197 193 9 236 186 136 221 76 17 183 54 233 244 56 19 206 58 110 101 208 234 21 221 38 128 222 66 128 92 165 148 201 239 7 223 19 125 65 42 63 227 119 63 232 159 235 167 
98 30 61 215 163 66 103 192 21 202 235 189 109 96 203 43 179 218 223 194 139 123 134 139 35 53 229 54 187 4 84 89 71 148 94 138 188 88 154 177 15 160 196 81 95 75 122 53 145 221 203 33 60 101 88 204 94 21 105 11 185 31 35 178 178 215 167 233 10 83 57 11 53 224 36 169 142 214 178 68 18 133 155 141 72 192 83 172 112 156 20 81 226 189 79 
177 46 190 163 191 77 199 128 97 237 109 185 210 100 241 203 35 100 25 216 53 143 96 232 135 137 188 18 154 183 233 40 189 141 221 204 31 26 111 186 56 176 108 59 63 152 225 20 63 92 226 193 128 78 55 187 171 134 125 65 73 138 185 123 48 4 117 152 145 201 66 110 146 243 29 174 240 129 115 110 238 175 62 93 174 116 47 143 84 60 25 45 182 158 99 
82 235 49 140 233 158 197 70 187 188 30 72 123 227 110 206 106 143 87 200 209 20 128 39 210 111 250 103 155 208 201 184 60 101 15 171 196 71 79 103 33 16 51 145 46 122 132 9 179 223 96 116 67 244 59 28 22 81 64 196 170 10 60 210 62 170 139 212 198 151 221 204 48 249 40 107 232 1 200 184 134 223 250 15 32 73 71 84 102 223 78 90 175 177 60 
98 124 87 165 64 135 116 67 134 30 9 186 226 192 55 86 229 119 131 65 20 174 44 21 118 90 34 97 70 142 203 250 169 7 156 171 32 216 142 198 103 61 182 230 220 111 110 44 24 227 149 72 193 165 186 97 95 86 155 182 39 134 137 209 165 218 130 75 84 31 122 224 200 159 113 137 118 34 233 85 175 209 90 45 152 176 21 214 190 235 149 97 235 65 214 
172 16 226 231 48 182 155 84 203 65 144 85 14 183 82 153 190 153 135 92 182 45 53 17 151 144 117 4 238 177 10 186 220 5 72 166 189 25 116 96 243 246 215 73 152 4 64 73 103 163 125 5 99 46 193 108 135 207 202 176 86 244 49 2 78 220 120 90 68 4 216 132 96 160 174 238 105 116 47 225 245 14 2 51 242 23 54 131 15 97 143 192 31 106 36 
223 35 72 235 233 2 127 139 89 12 170 16 91 153 58 91 65 153 236 200 146 36 219 230 106 167 191 209 170 107 218 204 13 167 36 221 88 209 194 64 99 93 10 136 38 193 80 82 152 26 214 154 245 81 57 247 97 71 114 226 195 144 42 218 50 243 59 88 144 166 176 97 96 17 175 47 155 8 202 5 246 19 25 7 60 75 51 178 239 83 244 145 144 249 50 
38 171 116 183 137 195 194 56 143 219 103 143 93 219 199 107 247 138 221 27 96 226 125 58 21 149 153 147 208 26 67 153 209 226 144 198 120 17 1 45 83 136 203 217 14 159 243 146 145 68 42 125 237 115 63 243 25 0 45 73 13 101 36 161 193 158 244 111 185 204 213 48 8 174 13 247 22 243 13 191 240 175 184 14 2 71 99 144 71 47 97 93 93 87 87 
159 187 140 48 130 188 57 56 26 209 134 3 14 95 149 181 175 124 112 219 82 136 67 56 220 203 121 2 145 238 61 134 20 199 188 225 72 44 108 225 142 155 233 191 158 58 172 226 67 31 187 1 237 189 72 119 194 201 192 194 17 248 178 177 204 204 12 147 73 28 20 148 160 109 239 181 160 244 76 77 147 249 95 101 151 239 22 37 242 131 175 247 7 210 103 
142 200 211 118 142 155 223 194 31 209 126 83 78 190 52 134 135 194 46 218 159 106 240 99 148 26 33 92 180 101 177 139 89 158 33 207 101 147 214 106 146 157 33 8 130 35 173 48 137 60 4 190 96 84 60 128 126 183 216 188 219 8 8 61 103 184 130 169 126 87 118 197 142 62 168 59 223 88 173 183 223 79 238 76 134 166 45 174 34 133 86 177 1 6 127 
60 103 53 148 96 239 166 127 143 136 123 30 224 75 209 9 64 232 141 30 159 196 125 193 122 246 240 215 192 155 118 216 61 29 83 33 156 206 7 247 197 163 1 55 247 195 164 195 32 116 179 37 97 163 14 36 51 250 157 176 238 64 247 13 51 61 90 43 125 98 152 133 138 45 188 136 86 24 148 199 77 12 90 61 233 233 34 233 247 204 0 131 151 32 124 
25 30 227 199 0 151 17 206 5 210 88 49 210 222 123 51 34 140 74 55 125 98 93 2 13 128 232 50 205 205 145 218 164 27 38 7 131 26 172 3 100 34 216 0 87 120 15 194 46 133 228 204 211 50 46 120 17 16 242 209 82 98 29 83 132 142 43 134 1 89 27 170 192 182 144 99 109 6 154 166 184 203 15 244 244 114 58 220 38 135 244 87 179 22 132 
114 79 242 57 187 214 187 29 1 36 178 241 179 173 129 60 55 186 78 106 93 62 67 102 69 165 122 180 30 44 120 189 230 108 74 140 93 179 241 39 131 38 136 90 168 133 201 215 32 68 216 74 195 185 96 250 127 186 226 101 185 82 138 44 239 238 155 4 215 131 220 1 117 28 239 27 159 20 218 100 71 54 97 205 36 197 119 186 231 17 101 31 247 209 28 
172 82 249 193 161 149 206 56 159 125 187 151 40 153 143 35 228 250 45 85 157 89 122 246 189 80 120 208 145 214 12 16 171 8 113 189 59 155 12 75 15 220 45 72 211 226 191 39 123 240 229 130 97 93 200 179 50 203 61 120 126 103 207 237 218 128 247 137 93 92 185 109 8 78 122 27 227 221 178 113 158 34 210 205 217 97 195 238 230 58 175 234 39 1 119 
46 208 119 25 186 34 199 36 79 13 248 75 37 16 78 131 173 62 192 196 180 13 7 99 149 26 155 7 120 155 38 199 2 168 174 66 4 111 112 35 200 151 156 138 106 224 205 117 160 88 1 207 143 171 169 171 19 92 162 195 176 51 202 240 155 38 174 231 127 225 219 29 174 217 229 3 188 102 91 123 221 158 36 161 97 216 226 33 201 245 95 136 187 125 18 
76 204 55 30 5 233 5 69 216 84 207 182 155 186 47 117 75 149 143 240 11 83 155 6 146 149 8 210 249 194 131 170 214 42 80 61 192 184 79 32 92 62 78 42 147 90 129 134 200 139 140 9 26 21 207 201 61 203 240 154 6 120 49 89 125 6 186 172 213 73 227 243 114 93 177 38 183 18 102 226 113 160 94 76 170 66 36 88 116 225 235 142 191 158 188 
240 243 174 25 166 186 95 18 166 231 247 153 134 28 58 191 60 197 131 204 189 21 141 150 8 5 153 121 145 45 115 139 230 6 229 78 114 160 58 101 42 118 163 98 189 93 238 145 100 124 41 221 102 28 47 90 14 116 199 48 140 150 236 160 122 54 15 156 31 112 71 37 213 2 88 108 205 186 207 148 169 126 195 154 145 223 82 148 182 120 215 144 247 119 143 
