73
179 31 52 137 181 53 32 33 13 151 138 99 223 170 3 56 106 54 237 193 48 155 193 41 133 210 182 75 153 186 38 79 234 74 188 89 231 117 10 93 0 106 50 46 93 207 114 234 201 121 80 186 232 5 100 19 237 38 154 16 165 28 58 88 162 66 242 22 105 61 145 231 39 
33 118 213 125 36 141 27 198 115 83 43 170 9 88 12 58 95 104 141 142 204 127 77 52 79 153 145 58 70 238 200 203 84 46 85 123 10 192 197 42 203 243 95 112 109 247 59 213 181 100 215 209 96 72 223 195 170 157 94 24 135 87 159 104 163 132 70 53 240 165 102 189 106 
181 5 115 87 144 147 31 25 34 103 230 156 112 240 160 55 67 200 21 13 188 127 246 92 109 203 44 61 238 106 157 222 1 19 204 68 26 159 16 102 78 211 4 54 28 58 238 164 60 137 110 192 219 246 5 37 141 127 4 186 14 108 204 44 98 24 185 87 19 28 65 140 198 
221 124 1 141 47 35 97 92 62 4 191 137 89 201 167 57 192 211 58 201 236 99 40 16 193 154 151 180 226 209 71 73 146 87 156 124 52 6 174 154 183 181 182 36 178 143 45 44 73 140 169 91 239 117 221 3 7 230 57 159 55 211 85 199 85 19 120 76 190 18 118 10 5 
126 58 188 117 247 86 126 35 121 162 134 75 159 150 53 62 157 163 49 149 149 148 230 137 119 130 4 11 7 135 12 226 61 128 103 31 52 246 173 100 39 173 197 5 96 210 236 117 138 218 163 131 188 152 186 52 78 223 132 194 102 166 200 88 76 150 162 119 35 88 244 111 56 
18 163 217 232 178 236 79 1 110 160 203 250 55 65 21 83 160 111 15 53 151 147 127 134 71 4 138 59 125 237 242 40 181 9 97 137 87 176 201 115 75 43 53 234 245 160 212 66 69 237 150 219 135 198 67 161 216 128 164 60 250 157 246 200 63 225 160 19 136 161 95 78 53 
69 35 59 156 41 40 14 21 1 105 22 16 230 82 43 210 43 187 25 2 133 157 114 172 226 179 19 222 98 19 118 53 1 36 223 10 24 55 249 50 143 118 143 101 225 193 52 94 142 194 236 175 103 29 231 39 152 7 14 33 140 28 171 180 21 40 12 63 101 112 132 208 236 
238 15 232 67 160 230 84 77 113 213 194 167 49 221 55 2 36 124 193 217 30 50 162 116 50 147 118 243 198 9 42 236 165 119 153 81 213 86 150 50 164 201 112 242 46 137 9 250 30 57 101 78 217 53 152 216 121 182 250 77 169 61 25 238 221 60 26 29 202 237 41 90 163 
225 62 242 196 96 159 24 178 19 112 236 96 245 115 125 208 148 101 41 121 236 156 204 89 97 87 126 131 63 18 117 161 26 150 214 124 229 87 166 77 74 158 172 82 17 96 117 126 148 205 159 4 126 248 249 218 108 142 10 126 234 115 25 126 59 135 126 72 175 3 174 170 96 
147 117 5 215 198 175 235 147 150 24 167 248 223 39 40 147 49 155 78 199 175 151 125 26 170 117 114 4 103 153 39 13 202 187 124 19 102 245 105 131 146 218 178 161 101 81 92 166 101 178 128 170 66 178 167 123 221 214 43 63 52 99 246 118 138 4 52 100 201 64 217 239 238 
138 0 138 168 97 187 60 5 196 108 136 140 128 148 196 199 56 144 145 97 163 1 48 174 135 141 13 20 111 136 32 7 3 159 201 55 12 205 214 101 239 167 228 202 234 38 106 206 18 52 174 133 84 22 157 161 59 133 245 31 1 36 54 137 154 192 181 206 162 54 248 45 235 
82 183 218 234 136 68 144 96 80 98 90 158 40 244 231 140 195 173 44 206 47 16 92 74 31 103 82 116 246 4 166 2 247 198 113 185 230 123 229 183 144 218 74 244 234 160 143 62 159 113 137 71 185 139 176 128 128 238 145 182 222 40 57 44 185 137 177 108 160 171 33 10 242 
227 201 12 38 9 67 164 133 133 58 213 71 204 225 60 53 156 158 209 124 106 152 122 63 229 145 87 217 220 208 22 186 145 70 124 208 29 51 146 87 207 250 224 160 240 193 74 205 210 55 47 8 161 123 52 83 138 100 248 250 154 128 176 84 203 20 243 15 33 11 136 112 86 
147 105 75 127 112 103 70 101 89 186 76 198 90 120 104 132 186 42 246 30 35 158 175 135 154 21 7 123 247 207 32 210 148 250 27 250 124 4 142 139 54 172 171 195 233 95 3 112 58 65 98 80 1 201 160 40 18 194 161 225 88 99 156 138 177 53 133 108 76 107 165 38 157 
12 179 181 224 94 248 159 160 162 15 5 64 75 112 108 169 200 10 246 19 187 163 79 22 51 211 9 3 227 130 243 75 177 12 230 38 141 201 84 224 135 184 9 177 248 234 12 237 90 60 189 105 193 179 6 140 85 150 77 222 173 91 158 74 164 41 178 225 104 154 79 8 239 
105 62 27 5 185 219 28 230 213 214 246 134 111 157 80 249 103 113 87 192 21 201 106 85 41 203 12 209 25 35 206 196 193 202 178 221 37 61 10 96 158 219 180 239 174 64 65 116 104 171 131 102 86 46 133 145 17 138 116 100 195 15 136 153 131 127 96 51 72 89 32 199 25 
203 123 62 208 25 196 10 214 229 56 35 191 189 237 25 158 150 6 237 245 135 198 77 155 164 242 111 43 216 84 49 169 158 106 126 35 5 3 103 124 15 76 57 137 24 248 87 220 148 20 182 63 46 242 217 83 50 222 204 216 71 112 136 100 167 92 146 210 189 29 102 160 187 
155 182 229 174 75 141 171 174 57 60 167 91 85 121 118 140 12 147 90 61 179 248 121 135 33 48 97 60 173 82 18 167 243 198 48 16 104 10 82 243 193 30 5 196 35 128 46 18 33 182 36 248 144 171 18 250 163 184 203 80 67 195 163 151 13 7 50 19 152 191 246 163 202 
49 175 51 11 45 223 250 112 179 214 147 114 92 242 141 9 222 38 154 27 56 79 92 107 21 97 56 135 108 218 155 148 156 121 105 43 248 19 249 5 196 46 243 64 62 64 113 64 172 195 241 3 99 60 35 111 143 189 145 162 246 219 173 31 167 103 75 102 20 11 118 212 14 
227 24 147 31 89 79 206 70 221 144 2 201 163 68 185 199 149 21 110 184 62 28 238 63 248 107 166 207 61 167 229 41 121 166 188 82 107 136 48 5 123 131 215 115 109 56 41 71 166 237 127 13 101 54 139 217 117 161 163 39 109 120 46 225 225 168 151 140 31 123 111 119 124 
145 49 63 102 65 65 115 152 37 94 127 73 195 9 176 212 124 81 214 79 75 90 242 234 50 240 18 250 80 233 69 200 83 208 140 229 106 96 84 181 133 114 22 6 167 248 83 146 77 242 20 166 47 199 122 7 137 98 212 8 122 85 24 39 19 194 177 135 132 65 27 149 52 
193 163 171 65 20 15 248 110 205 82 242 228 81 73 89 126 30 55 218 111 45 158 238 30 176 102 113 164 20 117 189 40 246 132 83 70 247 136 62 14 171 110 92 104 170 121 232 200 161 148 128 235 198 208 51 73 82 168 122 97 141 104 44 184 41 129 119 38 221 76 16 67 59 
244 117 65 200 10 17 53 27 202 177 83 133 144 123 120 156 5 212 231 12 70 19 67 6 51 178 45 158 35 66 10 93 12 110 203 20 2 180 86 68 172 217 132 131 23 238 96 241 174 200 223 239 162 176 65 51 44 235 132 245 185 218 143 20 215 94 169 213 172 132 218 103 213 
168 210 161 177 97 157 59 137 70 239 140 63 130 55 198 91 107 87 145 156 68 166 230 180 235 214 239 63 97 124 156 139 74 235 134 4 37 224 92 225 178 168 10 182 20 224 164 70 250 7 137 247 154 90 138 5 196 71 74 136 197 103 139 135 98 157 235 132 128 191 9 17 220 
29 70 82 136 77 162 0 93 28 151 23 58 209 223 38 11 13 41 147 130 147 37 53 164 43 91 189 52 58 213 87 243 111 13 140 190 44 59 209 193 218 209 169 181 226 66 41 11 162 226 170 53 97 90 25 106 199 51 174 179 65 112 80 55 39 186 194 28 170 125 222 132 227 
9 245 229 101 132 79 113 57 95 183 133 38 168 70 27 133 115 43 124 9 7 87 222 38 146 228 165 153 114 103 38 177 6 203 62 142 85 168 214 11 150 98 82 237 165 158 206 87 235 147 171 29 194 100 163 108 162 110 25 202 192 29 221 159 119 74 8 101 39 214 4 21 120 
118 165 133 64 208 64 3 185 121 155 75 218 216 118 94 173 161 236 201 173 213 13 68 38 16 16 65 95 125 163 72 66 94 161 134 198 88 69 84 87 152 236 101 155 161 131 118 147 202 199 206 228 28 233 102 22 0 147 157 48 34 158 122 184 129 44 244 98 241 155 183 148 180 
103 132 27 197 151 89 17 26 234 29 194 160 181 204 80 184 187 183 164 244 248 28 221 173 128 143 215 171 153 20 191 85 164 143 146 129 190 190 126 78 110 90 86 168 85 33 23 197 48 162 208 119 122 111 71 142 164 162 65 129 244 195 47 100 5 63 198 99 18 26 50 228 113 
90 193 229 225 113 28 104 9 134 200 68 145 20 67 20 177 156 214 34 102 103 165 25 38 92 184 95 18 150 36 107 52 170 42 11 48 132 71 155 121 70 100 185 60 215 46 220 206 148 236 85 194 224 249 34 238 200 194 133 122 59 223 12 214 48 155 216 234 138 9 45 221 220 
135 127 233 55 215 149 87 100 31 122 101 2 152 236 228 174 24 228 250 41 132 6 137 165 151 56 85 101 175 8 39 99 56 249 216 78 165 81 171 107 60 54 144 225 249 181 220 205 3 234 247 57 33 153 173 185 23 60 27 163 222 80 180 157 123 80 213 207 237 197 164 57 58 
152 119 127 127 148 203 89 149 239 97 89 211 110 128 52 44 220 158 181 63 240 219 171 159 205 239 30 62 225 28 137 64 167 0 126 74 179 124 233 42 232 217 131 128 52 213 185 88 160 57 109 148 92 135 154 208 69 250 228 77 20 19 206 211 74 79 68 42 231 44 227 3 71 
227 203 124 153 179 53 1 222 91 93 159 133 199 80 97 14 246 235 188 64 74 124 142 125 115 15 235 207 73 63 220 19 41 240 201 201 88 106 8 69 193 186 79 227 240 86 236 36 26 40 249 155 46 98 112 87 142 168 55 231 130 30 211 241 88 188 64 108 161 5 80 166 166 
92 11 231 46 207 219 107 20 226 173 38 129 69 118 67 33 30 125 116 246 31 248 36 9 134 143 6 225 177 75 42 37 33 27 104 15 92 91 131 30 60 29 223 207 206 53 147 90 58 153 23 137 153 104 113 73 94 228 85 120 242 124 15 62 144 130 102 143 11 42 132 247 88 
20 30 217 107 142 4 51 94 143 41 173 13 22 189 57 51 13 129 245 221 6 163 74 227 38 43 48 189 17 108 236 111 213 204 161 221 8 117 240 224 119 154 28 161 119 190 139 221 37 189 187 37 129 194 12 73 240 11 81 101 129 85 64 95 155 51 192 173 118 138 105 61 53 
184 27 134 199 147 161 20 2 179 103 48 83 248 206 93 131 164 98 193 152 96 230 187 249 30 203 155 140 221 204 137 104 196 242 142 151 140 2 47 242 199 201 150 98 4 156 195 153 155 98 82 4 48 225 202 180 217 65 79 200 117 171 203 246 12 15 177 49 203 175 171 144 141 
138 206 194 119 226 87 103 97 166 241 231 239 78 167 210 250 223 149 104 213 85 147 170 248 138 6 69 166 53 204 172 194 174 233 126 52 203 53 159 130 183 20 79 53 126 150 38 41 189 197 197 170 49 197 246 32 74 76 136 4 227 195 152 3 7 158 190 249 6 250 215 218 114 
227 236 41 165 63 123 64 178 76 232 80 125 242 124 128 8 164 27 233 137 6 203 172 157 115 178 238 221 205 57 103 165 148 167 204 112 236 45 223 241 219 115 36 136 89 57 74 84 145 24 124 144 183 10 129 33 228 140 15 143 19 66 104 116 89 143 80 97 143 46 81 90 219 
192 89 61 62 170 118 140 172 70 234 205 73 93 162 137 171 40 103 61 212 15 24 176 191 36 189 201 156 212 76 187 58 92 141 194 243 3 49 6 19 18 206 232 193 22 241 2 94 177 73 201 36 195 131 131 160 144 208 37 13 220 76 130 210 170 134 181 52 59 142 245 140 103 
172 40 36 119 93 212 74 62 231 70 205 14 142 86 30 71 122 197 213 205 125 95 58 94 239 143 75 56 99 45 21 107 146 16 181 148 183 6 60 39 169 245 79 233 246 88 191 76 83 32 43 72 71 79 187 176 157 24 199 110 69 183 143 138 175 107 212 175 205 153 239 170 157 
205 21 14 184 33 26 56 86 26 209 165 130 140 3 190 204 106 90 47 153 92 196 132 165 157 249 226 103 54 240 171 248 40 49 46 140 231 203 97 241 2 12 184 88 24 139 242 20 33 241 208 222 22 35 13 68 248 62 5 80 104 141 154 202 33 62 121 183 211 212 2 118 234 
120 139 64 119 94 54 98 148 120 21 128 119 201 126 242 159 180 228 157 16 167 129 243 89 49 145 95 61 135 200 210 206 147 150 61 158 190 37 92 205 44 80 43 178 126 134 143 99 178 65 139 213 220 64 205 181 113 213 137 224 86 162 225 106 20 225 23 58 243 131 230 110 162 
133 233 173 103 22 200 181 86 102 177 2 144 28 151 3 204 69 81 198 231 8 169 207 151 225 200 22 202 93 35 26 41 151 160 110 99 210 195 102 229 8 58 226 106 95 33 182 98 216 132 166 237 73 44 78 238 149 22 146 91 107 69 188 190 64 77 120 153 72 115 72 9 33 
171 232 224 101 48 91 52 135 96 35 152 10 95 178 119 100 167 200 104 205 223 73 198 52 128 5 36 174 75 149 134 167 110 222 90 232 2 120 94 15 128 148 214 202 107 118 121 58 42 106 47 34 36 17 105 106 59 222 30 110 139 89 250 114 102 175 232 176 139 124 92 212 148 
195 94 83 158 27 50 73 71 141 30 110 62 39 184 185 18 234 178 81 171 139 182 197 185 229 64 140 245 83 248 125 107 81 177 159 191 110 136 86 124 40 177 140 112 198 36 52 187 91 233 235 187 141 50 247 214 243 169 26 43 8 200 146 81 123 192 26 112 176 46 199 147 111 
108 228 90 247 48 199 10 186 92 203 108 26 164 176 211 128 148 13 63 121 162 128 200 119 30 201 246 130 128 84 220 182 218 102 213 33 218 110 240 242 136 163 154 141 33 19 70 243 171 224 246 18 188 73 181 115 138 211 216 167 216 40 135 144 190 241 165 7 182 150 107 68 228 
81 105 87 108 75 141 33 69 218 213 123 224 229 215 33 232 88 137 247 112 119 94 37 109 7 6 85 114 129 161 125 28 183 122 43 34 120 195 172 124 243 175 51 159 240 14 117 183 153 110 232 60 58 3 152 29 244 22 10 147 62 179 219 115 106 134 205 196 137 32 122 10 13 
174 81 60 226 7 100 143 94 79 151 83 123 206 100 200 91 55 27 53 31 125 185 58 46 105 226 236 178 193 106 120 167 60 73 6 198 244 30 85 177 141 168 204 26 51 113 97 16 82 46 1 0 155 20 110 231 52 170 146 2 212 184 111 195 116 64 135 218 107 79 25 107 163 
178 24 158 158 197 133 140 193 65 26 210 130 115 162 13 154 215 28 137 174 47 64 29 30 242 125 241 221 166 200 175 130 111 93 239 16 40 217 65 223 219 163 119 179 210 160 117 180 192 232 203 238 38 70 28 45 80 106 162 23 127 231 227 83 93 177 11 60 71 81 130 22 70 
61 108 187 189 67 215 109 24 178 154 135 208 138 244 118 100 11 246 95 239 2 23 8 239 159 94 201 12 186 103 11 25 113 164 67 36 244 108 93 53 64 35 112 145 195 20 221 105 102 147 20 13 47 113 68 68 221 21 169 187 51 13 139 8 139 168 49 189 202 192 171 115 122 
213 206 121 241 46 132 44 183 79 40 86 38 105 67 165 7 223 84 192 45 218 220 157 1 105 154 188 88 210 234 117 47 206 116 152 235 172 127 94 224 146 5 32 250 97 117 69 139 128 46 2 201 207 147 133 120 243 206 83 78 137 183 76 5 15 243 63 193 6 89 137 135 162 
229 52 40 155 182 21 168 206 36 112 60 108 211 134 115 170 47 10 182 176 92 7 32 167 120 133 81 55 48 91 246 188 79 87 232 76 124 37 37 59 196 70 244 112 151 27 47 218 21 240 35 0 240 168 162 86 224 104 159 233 127 218 65 38 61 54 125 245 126 63 231 165 126 
136 55 143 27 222 129 122 185 88 157 145 34 198 55 69 50 63 232 85 119 122 83 88 115 63 4 171 17 54 221 164 167 76 31 205 107 77 129 100 139 18 173 2 79 178 227 229 187 80 104 30 236 178 232 62 18 15 86 250 42 77 143 59 218 14 196 27 192 196 184 70 136 67 
17 209 245 44 100 147 221 59 78 46 213 194 66 219 42 83 97 0 127 142 4 168 81 142 51 193 151 214 191 157 165 1 47 142 79 191 7 143 28 114 118 113 160 124 87 10 17 14 51 135 23 48 54 131 60 209 145 53 36 114 72 18 103 163 188 176 249 91 4 45 19 201 114 
107 234 109 41 109 148 109 82 90 24 225 47 166 108 224 214 177 89 159 101 64 185 57 205 177 176 17 212 209 146 74 181 240 188 181 96 188 64 156 54 249 206 75 191 242 90 221 189 101 248 69 158 84 92 142 148 60 104 0 150 119 67 240 69 191 49 105 134 81 117 105 183 206 
134 168 2 83 174 225 11 153 123 140 193 214 48 36 248 166 151 191 119 138 232 26 64 62 7 96 43 239 129 165 231 245 91 71 93 81 26 153 75 221 154 116 43 151 65 243 169 217 23 134 118 176 7 50 123 231 147 248 174 89 206 4 0 83 23 70 239 111 80 54 8 249 105 
173 115 188 87 102 143 47 138 224 180 89 160 245 27 70 207 31 124 174 150 62 141 61 166 46 219 165 247 97 244 110 107 245 84 122 37 250 38 111 85 84 208 121 171 237 28 34 159 168 45 74 2 54 249 228 216 55 165 31 187 69 67 103 205 33 185 242 68 19 157 79 222 159 
160 80 181 225 0 55 226 52 246 164 112 145 25 143 138 103 118 159 188 55 96 77 203 21 223 19 121 151 124 186 13 106 161 50 78 6 110 242 182 246 82 178 182 191 157 71 64 107 168 202 73 169 90 52 112 193 113 237 132 238 118 129 23 3 232 137 135 229 94 8 94 48 133 
29 204 67 108 241 81 179 140 108 110 167 58 86 245 88 127 33 90 29 199 136 46 175 87 174 87 0 221 212 148 205 213 185 190 1 189 71 115 157 233 95 197 41 51 78 162 179 160 43 39 177 156 109 85 107 82 205 220 176 215 37 9 47 23 172 157 219 226 108 225 136 28 196 
134 237 153 216 210 182 76 175 62 62 109 242 55 201 169 20 80 139 191 149 20 79 169 226 57 202 118 152 222 65 34 37 4 221 39 194 117 99 138 41 26 171 247 235 6 17 112 96 52 112 76 5 53 45 10 218 49 219 23 84 192 96 142 186 13 73 71 249 223 153 75 59 103 
110 137 98 158 137 228 13 238 221 38 183 186 82 241 209 36 133 18 235 220 194 36 189 185 46 244 32 57 36 125 87 135 7 228 82 157 124 189 182 92 8 36 218 184 103 203 4 244 88 119 188 128 109 41 13 213 191 213 33 224 178 163 137 83 13 10 98 228 247 41 238 223 244 
10 247 12 40 9 63 120 141 80 246 43 23 98 219 113 42 83 125 79 25 199 143 126 81 58 79 72 88 20 3 215 217 186 93 23 169 44 45 108 69 211 233 169 82 31 114 91 71 50 226 180 222 41 41 217 46 140 150 246 185 130 165 104 29 206 11 79 198 26 182 205 47 24 
234 80 58 136 20 58 39 23 80 10 229 134 41 222 19 6 233 174 62 157 125 0 16 201 140 144 95 47 58 115 21 150 88 32 19 75 46 15 202 137 83 182 152 99 83 96 211 34 109 96 237 114 63 88 127 165 92 72 132 176 68 250 65 150 225 57 209 174 3 143 68 34 173 
73 198 213 121 140 134 121 191 204 182 250 137 232 73 56 224 22 168 248 168 124 93 151 209 225 47 148 15 35 190 69 52 183 64 36 142 48 188 176 171 15 198 74 240 74 246 103 23 214 157 77 194 148 126 211 120 170 50 95 154 32 81 146 99 181 226 68 45 56 58 0 47 124 
183 123 165 41 135 164 67 115 45 89 215 177 20 73 30 116 124 22 108 106 125 201 180 193 34 87 212 125 177 141 237 35 126 86 95 3 167 173 159 144 107 80 59 169 191 207 184 210 117 75 200 101 61 212 241 245 3 37 69 138 72 11 91 138 129 112 190 71 224 249 222 197 17 
54 14 19 164 7 95 55 195 208 56 199 207 246 224 231 40 22 150 135 161 70 157 3 237 115 167 184 80 173 222 113 39 129 101 175 49 198 160 105 94 57 66 249 198 102 18 123 85 14 27 118 205 188 207 216 24 219 233 219 53 75 0 198 202 228 165 100 149 201 124 71 185 1 
129 8 213 174 166 224 50 9 135 222 21 113 219 39 221 45 4 147 116 126 220 212 95 215 169 171 4 219 124 6 45 207 158 167 157 157 201 183 204 210 162 113 171 103 186 188 37 86 73 207 25 239 32 7 117 176 5 25 124 183 139 165 233 129 43 151 148 125 43 114 143 192 102 
34 99 26 15 39 36 209 180 112 68 230 9 40 48 213 160 188 240 35 243 100 139 6 192 207 10 108 160 51 5 55 135 131 84 70 21 16 243 159 194 79 168 68 132 200 167 221 202 155 111 16 224 191 180 109 70 195 19 58 196 89 228 199 55 83 52 187 184 112 200 54 162 235 
116 58 137 5 7 109 98 161 101 99 22 216 198 61 186 229 200 61 101 56 160 64 8 80 222 117 178 242 230 232 64 172 83 152 175 75 239 55 61 55 131 115 99 206 168 208 112 240 184 10 50 243 7 42 78 204 71 213 139 43 107 217 220 83 152 167 11 59 168 36 38 216 39 
171 230 232 109 234 9 142 211 73 109 237 1 179 159 72 215 214 137 34 25 14 35 34 32 231 146 90 110 232 208 159 215 203 165 138 196 213 98 187 54 126 113 6 77 46 146 46 127 236 65 42 103 55 5 221 105 192 176 230 226 156 7 122 5 57 38 213 32 178 17 138 25 69 
111 27 185 62 206 169 219 99 125 220 233 234 224 215 148 42 96 43 149 35 121 115 234 154 83 172 42 172 196 103 204 228 242 222 15 120 191 1 248 65 244 81 162 238 237 243 8 186 114 106 72 112 93 201 214 7 115 161 108 179 49 83 196 193 13 142 69 26 101 245 213 190 94 
2 207 220 106 234 171 126 134 142 105 113 28 49 74 8 191 198 67 94 235 34 193 73 235 29 67 136 74 226 185 1 198 239 111 207 207 247 52 217 25 75 176 179 92 230 56 167 247 187 217 80 76 185 16 217 197 120 50 141 204 78 138 231 160 238 69 162 3 158 132 139 225 7 
10 229 61 32 31 93 23 186 167 210 197 149 70 230 143 213 203 118 84 94 239 70 59 176 167 134 157 82 55 71 211 106 140 9 112 248 54 88 157 5 13 23 37 250 203 133 71 53 3 175 135 45 165 25 190 40 199 33 174 130 13 182 11 22 178 41 206 108 53 185 98 43 171 
170 137 98 147 99 104 231 128 173 21 76 51 221 128 94 198 208 211 121 144 198 144 205 13 166 120 74 73 123 219 199 70 221 84 190 199 34 39 213 199 3 36 38 152 91 24 155 62 21 202 205 98 23 153 80 233 81 96 180 69 118 189 229 195 246 94 238 86 99 88 237 118 139 
