7 7
5 23 11 21 0 29 9 
0.142857142857 0.142857142857 0.142857142857 0.142857142857 0.142857142857 0.142857142857 0.142857142857 
0.142857142857 0.142857142857 0.142857142857 0.142857142857 0.142857142857 0.142857142857 0.142857142857 
0.142857142857 0.142857142857 0.142857142857 0.142857142857 0.142857142857 0.142857142857 0.142857142857 
0.142857142857 0.142857142857 0.142857142857 0.142857142857 0.142857142857 0.142857142857 0.142857142857 
0.142857142857 0.142857142857 0.142857142857 0.142857142857 0.142857142857 0.142857142857 0.142857142857 
0.142857142857 0.142857142857 0.142857142857 0.142857142857 0.142857142857 0.142857142857 0.142857142857 
0.142857142857 0.142857142857 0.142857142857 0.142857142857 0.142857142857 0.142857142857 0.142857142857 
32 34 32 50 31 35 42 31 
