20
80 234 76 220 119 249 120 168 101 80 87 230 193 13 118 125 132 133 194 130 
243 171 17 80 33 129 4 18 103 42 9 98 88 152 164 172 216 81 13 108 
240 126 37 206 122 67 120 96 55 80 180 1 67 149 123 248 21 90 149 128 
150 153 17 33 66 71 212 157 7 204 158 119 15 211 139 67 121 156 177 153 
46 224 154 46 24 204 107 250 58 117 210 46 220 161 193 154 137 56 182 85 
7 69 224 51 242 49 227 116 136 56 75 240 80 214 79 156 48 238 140 200 
159 184 97 1 128 142 71 187 223 52 88 136 248 44 124 142 26 118 242 211 
181 40 8 63 95 242 132 96 108 88 180 182 140 154 86 135 213 119 169 89 
97 186 187 97 225 180 132 103 43 156 132 129 101 17 216 2 143 193 16 249 
203 120 168 42 244 95 126 237 27 188 56 208 72 183 233 52 113 42 174 208 
200 70 68 13 114 122 205 103 127 166 218 116 191 227 249 160 220 134 132 30 
108 220 112 74 96 80 12 106 38 56 212 41 125 86 88 203 42 229 117 119 
113 113 148 91 6 221 4 65 63 36 78 70 191 169 37 5 158 29 229 107 
26 33 121 181 121 168 58 208 186 101 119 10 98 70 166 219 165 28 241 171 
130 6 95 159 87 243 240 223 175 243 130 164 44 111 51 175 113 157 109 147 
173 69 40 138 178 242 220 249 127 199 128 162 161 140 2 247 40 90 168 216 
111 92 201 7 234 247 108 56 245 52 159 44 89 150 192 102 181 99 202 103 
54 203 32 27 39 37 4 106 163 183 107 153 64 119 153 29 132 33 87 145 
194 73 211 31 10 79 134 136 148 140 67 185 173 70 203 74 187 136 114 122 
18 181 160 106 77 132 107 238 185 37 14 27 86 148 156 184 86 11 235 210 
