53
115 206 63 208 228 37 127 207 61 93 241 104 28 81 87 174 148 168 212 127 171 54 80 119 181 1 26 240 126 65 152 102 163 177 226 226 165 234 145 209 66 144 110 61 86 32 183 128 186 108 181 172 29 
209 96 102 6 82 51 35 156 126 152 222 158 185 12 176 123 80 97 138 74 168 4 6 168 171 29 130 100 145 35 109 87 153 60 232 83 205 219 81 201 241 15 41 185 238 243 226 177 100 14 229 218 86 
200 226 141 91 55 105 217 56 157 129 199 207 128 149 113 212 61 132 77 9 219 63 196 146 106 83 217 203 174 63 11 53 220 238 28 65 131 201 58 167 116 165 131 75 107 118 79 5 24 122 88 92 52 
197 101 151 48 101 143 220 245 143 196 62 214 149 250 140 165 221 128 237 241 66 110 4 223 98 39 177 35 238 242 98 78 20 161 71 103 240 209 246 121 66 160 13 3 46 94 96 189 8 192 48 152 170 
202 85 83 207 203 159 87 148 181 129 105 32 205 247 186 213 103 47 186 101 37 211 226 137 53 136 129 152 219 244 132 70 84 87 238 9 188 135 187 153 200 173 127 115 216 52 32 73 226 93 94 206 29 
210 155 212 156 247 221 216 133 44 75 250 174 161 50 2 206 26 55 195 187 238 11 112 207 233 232 17 9 217 27 180 176 22 116 134 108 208 95 74 58 171 232 171 44 202 67 85 213 235 114 83 226 47 
216 98 183 60 59 131 190 32 209 23 182 234 131 153 91 22 11 0 189 46 231 110 247 48 26 56 204 60 194 72 174 43 144 140 56 43 175 250 4 36 28 240 212 142 214 56 11 231 4 131 205 128 37 
128 153 109 59 134 131 12 147 210 0 139 31 141 244 93 154 69 102 45 125 4 27 51 228 166 75 185 139 102 147 162 205 167 14 138 222 248 44 33 125 124 91 152 201 66 248 136 155 176 20 143 33 108 
174 92 90 125 154 61 133 25 178 6 150 110 129 10 195 14 167 127 69 41 2 186 113 26 83 194 208 229 85 137 77 137 235 237 139 77 237 233 108 62 245 4 173 26 225 230 216 153 80 0 104 103 61 
162 6 183 191 19 103 116 228 153 221 153 160 190 26 211 66 122 52 15 150 185 25 231 249 227 116 93 49 13 16 158 208 141 86 63 202 112 202 26 48 133 185 165 185 236 34 127 148 206 188 248 5 41 
153 5 96 151 59 136 169 138 142 98 24 36 173 189 186 157 41 142 223 181 74 190 131 103 4 42 247 196 43 166 54 248 52 14 205 169 189 2 4 6 58 139 11 223 86 70 231 12 149 223 191 246 231 
237 95 194 60 5 100 215 20 22 132 248 164 193 149 119 47 91 151 20 98 102 187 55 51 105 12 119 109 125 27 118 13 217 104 222 114 197 193 60 214 140 32 186 151 212 113 60 106 231 117 5 207 106 
35 138 242 237 208 203 89 177 143 149 167 52 225 119 75 166 178 60 150 14 116 218 216 79 174 210 18 143 32 117 186 115 211 9 188 30 19 191 139 143 233 220 47 249 219 119 0 144 115 240 16 73 159 
108 165 101 192 185 16 240 200 207 20 180 90 46 189 169 62 231 201 144 8 163 233 21 44 141 106 151 160 8 96 165 226 234 16 246 235 158 240 119 16 227 89 174 70 201 231 12 170 86 144 132 98 46 
82 12 177 139 165 222 171 56 97 120 184 69 105 190 76 112 181 186 49 118 178 239 194 0 100 94 246 47 147 210 201 217 40 216 222 68 60 127 42 156 141 180 185 172 28 9 224 145 104 226 3 40 132 
134 87 188 113 215 27 17 64 231 77 157 206 197 122 102 165 165 76 141 63 143 56 101 178 128 115 229 11 193 128 10 76 231 53 87 188 201 15 104 29 218 234 164 178 134 9 210 21 25 127 193 197 63 
222 3 103 113 177 177 36 10 143 209 222 230 168 158 181 68 221 124 245 32 119 87 149 23 192 248 8 139 154 97 13 149 90 76 224 110 163 178 2 193 248 132 163 209 221 115 120 8 93 242 218 216 118 
90 218 186 226 247 123 32 92 232 149 18 101 245 111 105 36 154 51 218 24 166 60 0 93 240 231 250 240 63 103 35 48 83 64 9 229 13 29 187 84 244 241 21 187 205 166 111 70 140 46 35 38 137 
10 206 105 214 242 214 145 88 201 126 189 128 129 70 155 42 189 69 173 40 192 207 66 24 202 143 166 208 96 7 4 194 51 101 89 71 92 80 22 219 94 247 120 111 123 55 226 126 126 169 145 184 117 
59 33 229 64 30 95 113 126 233 156 81 118 206 44 134 202 215 200 4 61 33 139 162 45 249 85 180 187 123 190 144 222 118 219 149 34 214 153 116 96 124 199 213 128 185 215 227 92 81 36 109 150 79 
122 219 96 100 80 30 166 215 214 219 171 123 196 200 130 67 85 202 182 126 76 167 70 200 152 80 48 243 176 85 92 214 126 197 191 55 41 108 66 56 238 105 36 87 146 208 6 163 203 39 136 24 173 
28 207 188 8 59 190 192 161 83 40 98 249 101 201 224 99 243 55 185 153 29 135 108 28 2 93 123 190 156 234 44 17 84 125 164 204 250 242 48 8 243 201 147 151 215 122 115 55 236 230 10 113 113 
227 163 86 53 81 202 198 83 177 70 136 250 171 2 99 19 111 122 52 241 171 97 97 59 173 70 151 103 250 60 6 130 42 231 69 0 174 6 188 184 140 141 107 250 104 144 33 239 161 153 120 95 124 
217 173 96 148 55 246 91 76 152 7 116 209 73 55 51 73 115 18 127 131 172 171 179 30 164 64 162 1 113 127 246 152 52 144 213 104 27 236 175 241 116 148 164 27 130 250 192 55 142 198 211 150 87 
158 213 167 89 54 57 83 6 190 172 202 138 90 88 19 10 232 159 148 221 167 51 144 206 221 170 241 159 206 117 121 127 2 115 161 223 141 127 235 248 107 233 142 214 202 7 5 149 145 240 52 9 237 
92 73 203 98 37 115 179 224 73 160 188 87 246 236 82 230 53 250 152 90 45 21 12 247 178 249 239 232 159 134 87 119 32 151 234 93 34 24 183 85 83 47 165 102 176 171 64 66 20 200 42 121 228 
60 138 57 18 20 147 168 3 210 132 126 117 102 86 199 200 90 206 96 35 63 46 106 3 89 45 0 241 159 153 94 245 178 128 104 99 213 194 147 203 102 9 30 129 15 79 128 104 144 90 4 211 124 
1 121 226 184 0 221 207 39 179 58 155 30 94 86 149 169 51 130 109 214 231 133 44 180 158 41 160 44 42 96 77 37 154 47 188 226 203 115 138 153 105 55 18 1 18 129 183 130 94 231 109 238 16 
64 88 139 204 197 43 119 196 101 120 70 218 66 214 238 189 143 63 140 195 11 11 234 83 135 138 184 188 224 165 37 149 103 191 49 33 198 185 10 134 198 210 103 99 60 23 96 135 117 106 124 39 119 
120 89 96 226 170 105 245 28 214 215 216 227 76 15 228 107 180 145 155 225 249 229 223 141 138 53 66 32 79 218 111 34 126 45 238 151 247 98 130 164 249 224 29 93 224 119 239 217 59 65 231 79 46 
87 139 246 138 155 231 67 87 29 132 165 158 26 248 223 182 178 95 54 131 85 248 190 248 213 186 99 218 12 160 86 212 163 85 77 128 117 119 73 109 195 117 3 121 200 53 45 162 129 217 163 101 152 
160 172 150 217 245 219 160 111 233 4 98 175 67 63 4 8 228 131 246 114 153 41 83 3 110 31 165 170 87 231 145 82 246 19 160 25 225 163 33 215 92 231 190 65 250 182 102 110 245 102 84 191 137 
93 49 43 93 193 114 234 117 53 154 82 239 216 203 232 238 207 52 191 109 222 13 127 21 58 4 180 42 178 152 132 61 122 250 210 75 80 167 69 2 54 46 227 39 99 105 41 154 65 101 172 77 33 
78 55 106 93 206 65 200 172 129 187 201 247 4 173 235 12 163 39 67 6 232 133 79 40 85 216 240 3 112 81 103 181 176 146 211 97 3 149 236 9 84 71 100 157 173 126 0 145 68 203 129 42 87 
212 61 29 206 0 185 47 151 195 177 159 121 86 19 245 134 27 56 250 232 91 197 119 3 75 156 202 250 100 208 66 18 162 117 101 105 216 189 108 241 218 138 250 200 4 55 16 118 242 41 36 28 213 
139 49 46 122 100 168 58 179 145 215 82 216 193 22 48 192 162 111 22 12 66 250 47 63 39 124 15 118 142 37 126 181 212 102 62 10 24 34 78 230 227 35 78 188 112 129 187 219 137 38 142 145 24 
74 182 140 7 109 208 7 176 19 191 142 112 12 8 71 240 30 124 117 25 183 43 100 135 235 50 108 238 134 234 135 22 48 220 139 225 20 200 221 105 124 186 44 121 84 119 233 2 171 138 157 219 80 
47 26 65 41 193 15 223 195 17 48 216 17 239 161 18 45 115 131 126 205 47 23 116 81 246 116 4 239 120 236 55 244 33 179 19 45 26 165 199 210 138 149 130 157 77 235 11 48 186 92 164 66 198 
77 75 96 0 75 70 231 211 224 195 145 146 76 138 15 144 1 110 191 122 124 225 70 161 126 90 47 49 249 218 111 123 88 138 142 29 128 142 145 72 14 240 190 114 57 129 62 163 225 227 49 22 13 
4 234 219 225 208 56 21 219 210 204 231 185 107 172 114 156 58 249 124 152 234 181 202 57 202 123 140 220 175 203 124 144 4 240 26 237 151 153 93 122 133 216 133 81 76 185 44 103 52 118 56 74 191 
25 99 156 79 72 209 222 184 200 33 203 104 37 91 249 248 153 16 84 240 237 212 20 34 141 97 224 53 136 55 182 224 4 81 51 112 19 98 144 207 230 204 12 54 51 201 44 73 115 241 16 6 197 
125 4 181 205 16 63 51 162 97 98 26 115 123 185 113 221 221 60 109 165 115 111 46 209 77 41 44 227 92 155 136 97 243 6 81 111 234 38 105 207 155 179 184 106 212 24 219 185 144 222 191 224 61 
184 93 103 146 23 109 12 181 161 88 105 55 3 8 204 36 109 164 195 134 185 112 16 30 158 235 223 140 187 76 199 192 95 207 84 247 175 86 75 107 36 245 210 137 69 181 185 119 6 136 3 1 129 
106 9 128 175 175 187 183 33 153 99 84 5 43 162 66 41 7 130 235 100 208 21 50 117 238 100 81 229 196 162 93 104 46 86 45 67 29 168 196 144 44 243 236 214 144 72 111 102 3 167 118 213 9 
141 23 7 34 208 31 50 199 24 32 195 109 8 30 77 64 39 72 213 46 158 107 0 132 18 43 236 236 153 53 67 183 93 28 172 151 14 97 100 193 147 244 9 171 36 29 198 130 228 104 248 155 76 
29 82 154 249 175 142 144 237 137 144 173 122 109 137 49 86 140 205 94 41 168 219 218 172 122 15 248 7 249 176 169 239 89 46 189 48 238 195 103 231 72 4 155 5 155 47 232 131 54 15 126 60 96 
0 43 149 71 248 217 167 51 163 187 30 12 179 145 225 27 212 7 61 175 224 214 241 138 127 227 57 77 53 167 14 50 78 204 216 37 169 178 93 160 162 246 82 44 22 38 207 64 73 135 133 49 7 
241 224 148 42 21 49 245 123 106 50 19 242 140 38 30 56 185 233 153 208 203 204 12 242 99 233 218 197 112 188 103 153 153 142 127 150 242 213 0 106 130 238 114 24 146 56 122 70 20 237 19 203 3 
170 11 125 128 37 191 223 20 86 124 201 234 127 12 123 50 233 176 35 197 209 115 113 127 205 65 88 91 166 88 45 28 88 115 107 11 237 45 117 59 100 53 145 241 151 127 104 29 134 203 37 66 175 
238 139 23 142 186 187 212 116 43 8 54 25 18 174 11 208 200 214 160 218 91 86 210 118 131 1 249 32 43 224 135 247 71 6 2 102 80 137 232 248 72 68 72 24 160 190 11 127 249 145 169 222 64 
107 109 110 25 116 109 66 224 0 90 124 41 223 2 10 102 201 70 149 57 144 36 0 58 199 172 176 75 215 164 103 137 72 154 101 87 31 125 169 71 194 212 99 56 1 110 117 186 240 77 246 153 215 
47 107 154 150 231 9 234 20 26 127 51 174 103 21 5 161 63 138 142 210 12 22 128 169 70 151 73 216 48 49 28 90 236 225 147 179 136 11 197 98 186 1 183 113 73 96 162 44 219 200 240 23 243 
95 179 0 212 246 4 60 210 16 56 51 32 45 30 164 7 96 213 171 23 47 231 135 109 238 99 49 33 107 75 107 11 79 250 33 185 186 219 56 249 204 235 33 181 16 54 103 124 14 215 216 102 195 
