42
201 227 55 89 108 184 56 140 140 120 5 86 131 184 95 241 146 31 29 16 140 160 124 134 47 81 193 35 165 142 189 16 230 227 196 144 147 162 107 39 98 209 
217 212 39 247 226 111 180 96 190 103 168 231 65 215 27 207 237 117 46 71 150 183 198 30 126 146 36 219 149 72 56 171 174 62 123 19 194 25 147 20 248 163 
65 54 138 4 130 151 204 127 202 151 145 31 76 106 102 156 185 63 29 206 114 32 82 135 117 198 114 158 144 64 80 233 134 58 208 66 111 214 11 31 63 151 
0 126 3 194 134 141 152 197 25 79 246 26 223 71 92 72 128 71 128 80 103 189 22 126 69 152 88 212 134 171 98 198 15 153 153 166 248 204 150 31 140 221 
204 209 47 112 213 30 184 170 243 249 90 147 250 78 199 195 191 42 230 222 227 46 230 49 242 26 103 227 96 178 38 43 99 215 206 5 195 176 197 144 13 184 
160 35 165 211 149 241 149 13 67 110 205 134 105 42 138 6 188 169 28 197 165 143 80 47 39 160 175 50 122 123 179 190 187 81 161 35 201 183 216 0 49 233 
20 74 20 61 229 54 88 63 236 221 65 13 72 247 23 166 227 31 75 236 30 20 235 67 29 239 1 106 189 19 150 28 172 183 36 129 209 106 158 217 235 184 
197 112 110 87 97 145 90 200 127 138 250 192 49 94 95 187 75 244 205 127 247 19 120 199 65 17 167 245 230 197 73 119 150 24 144 205 159 139 130 99 135 151 
167 68 160 54 151 95 77 7 49 207 199 209 234 153 8 116 19 55 99 91 113 194 227 160 227 240 19 116 57 27 172 222 37 4 84 81 10 48 123 225 102 123 
217 90 164 119 132 198 87 202 167 195 21 199 50 62 220 175 122 34 94 126 24 150 71 178 165 56 23 229 239 197 40 49 248 250 105 8 67 150 235 2 150 114 
168 57 52 208 191 133 27 158 97 11 2 20 91 114 61 205 166 230 65 228 84 61 106 69 6 17 63 69 70 151 48 249 5 8 36 86 189 70 154 171 2 244 
141 87 236 77 120 28 173 83 98 214 174 158 118 121 81 193 151 31 113 27 240 172 241 232 13 132 66 15 209 40 146 230 29 32 134 239 145 27 140 89 165 15 
173 112 175 174 120 46 156 93 172 128 146 99 55 8 35 190 243 137 6 45 119 133 201 60 213 129 55 26 208 149 68 11 169 66 85 146 104 238 228 111 152 161 
132 192 1 230 146 39 7 243 2 167 66 69 85 142 167 208 115 106 10 115 112 46 158 245 26 200 207 38 169 109 227 101 166 2 229 92 68 6 185 53 65 121 
158 1 186 114 172 78 238 216 31 199 150 20 100 103 154 20 118 157 87 1 57 33 91 75 217 213 71 230 25 228 9 185 153 86 96 245 112 220 220 74 15 244 
199 131 173 236 135 186 123 28 204 194 129 229 143 219 65 38 52 230 113 116 152 205 169 151 193 50 242 129 88 141 219 208 61 87 117 188 30 18 13 1 225 233 
223 246 184 19 163 124 136 32 129 5 1 199 3 56 178 168 171 118 96 178 95 224 103 234 243 241 10 39 182 181 216 121 78 239 74 38 174 68 104 98 97 122 
221 226 126 236 88 23 219 237 162 122 137 231 37 67 50 83 104 88 203 131 182 157 116 162 238 8 40 87 87 153 179 22 12 106 175 205 152 241 13 214 36 76 
66 78 152 155 90 9 82 122 81 49 157 5 6 222 172 110 160 222 238 207 1 130 84 187 23 215 247 78 14 139 242 191 106 226 123 136 107 191 44 185 39 68 
195 197 189 142 93 159 87 84 173 213 179 208 84 61 25 104 70 20 62 136 30 9 168 45 20 208 238 243 17 133 56 2 170 244 156 85 130 54 16 4 32 230 
17 238 170 183 64 67 164 92 52 81 203 135 161 190 215 132 10 161 220 218 186 175 207 225 151 240 172 1 7 142 213 185 96 242 125 36 15 111 39 220 87 18 
162 207 66 236 164 192 28 216 145 40 231 179 22 0 33 25 44 79 43 81 166 207 190 35 179 159 66 115 158 164 186 192 72 222 133 32 110 219 226 201 173 142 
3 90 224 238 197 134 104 142 128 106 139 10 119 226 178 220 250 185 198 239 91 156 231 247 134 81 35 169 172 80 123 163 124 218 12 18 77 236 43 230 236 16 
165 82 92 110 133 106 160 200 191 43 17 238 38 93 151 79 61 192 244 58 217 195 248 56 155 238 235 231 60 113 229 60 100 49 58 185 130 56 197 30 126 142 
216 152 32 199 105 192 45 152 152 217 148 120 122 69 152 160 92 65 40 211 64 22 0 70 14 89 43 20 43 130 163 192 53 119 21 210 148 60 140 157 23 76 
230 39 102 153 155 38 73 222 157 200 23 53 236 133 2 19 113 164 198 112 220 166 86 98 209 188 20 38 39 67 78 115 151 97 131 196 7 1 230 213 89 0 
86 137 109 151 19 218 128 56 24 95 95 181 81 179 41 14 3 38 10 97 0 145 194 42 68 120 34 207 179 31 118 152 16 233 122 171 110 247 150 143 23 101 
223 132 212 120 216 27 50 54 69 38 178 243 205 21 166 88 85 73 163 132 69 192 60 71 113 186 116 165 195 83 79 8 222 146 40 137 216 77 76 222 35 245 
204 27 147 40 187 237 61 229 231 22 104 114 238 52 58 226 10 138 133 159 227 116 167 128 46 58 172 121 50 163 121 143 145 32 182 155 53 42 238 73 203 145 
7 234 44 101 205 24 46 228 31 17 29 76 192 120 16 208 22 121 249 135 18 156 132 193 6 30 57 40 114 209 43 48 247 77 180 150 81 214 91 37 180 95 
63 60 66 87 217 7 100 23 78 217 73 11 161 138 212 185 211 231 224 135 155 104 14 157 199 211 40 35 57 74 170 38 49 143 118 241 231 18 91 166 172 190 
41 40 13 108 183 197 215 160 159 87 196 124 58 181 22 178 141 167 132 3 47 99 200 79 146 188 119 53 68 18 229 25 144 113 139 94 21 216 246 149 173 228 
39 191 169 10 82 243 153 154 117 102 127 104 106 173 234 141 206 223 155 55 230 170 218 197 175 225 27 21 38 56 223 241 162 42 213 128 187 83 73 178 145 173 
44 196 179 211 213 49 221 238 24 219 249 214 131 186 200 14 194 220 139 102 92 100 1 207 44 143 128 187 221 51 243 108 216 200 7 129 113 146 12 42 10 52 
107 67 199 82 18 12 47 30 27 61 41 5 236 167 10 199 182 22 50 199 184 186 68 185 244 87 244 229 124 109 16 62 138 18 98 233 158 141 242 62 187 45 
42 169 155 70 150 128 95 215 245 45 186 6 229 170 81 237 177 17 59 8 65 140 4 116 85 53 110 94 67 158 35 250 182 225 241 158 134 26 49 12 111 208 
87 97 239 48 126 116 240 139 114 41 185 37 116 213 231 230 48 224 64 45 221 67 141 28 48 212 242 110 61 107 185 127 239 198 122 81 155 78 209 187 36 182 
199 53 118 197 63 117 148 167 148 74 114 62 104 205 173 7 90 67 250 35 121 192 84 78 209 183 63 131 99 228 122 72 73 87 84 221 200 196 22 213 143 172 
48 12 119 82 82 236 71 75 217 152 170 155 125 69 84 94 33 54 12 178 50 18 163 17 83 244 67 39 65 211 172 73 143 184 153 36 108 98 130 225 169 217 
236 118 58 146 83 204 197 66 166 229 73 184 241 191 93 241 39 150 164 202 235 126 6 103 1 196 202 167 212 93 109 173 134 111 229 69 3 195 0 13 225 62 
26 204 128 163 122 73 131 15 161 6 231 231 114 239 24 200 68 173 75 122 128 229 16 73 7 64 181 189 177 81 92 125 123 14 214 210 73 239 84 13 116 0 
10 141 209 180 243 5 158 0 236 226 181 102 153 243 225 22 55 68 132 75 13 149 183 177 75 189 6 151 62 42 34 209 133 13 220 230 60 84 227 79 178 173 
