51
102 110 69 113 169 8 29 81 77 236 121 58 31 248 33 250 218 158 119 76 6 247 88 177 101 221 169 108 71 240 191 133 226 69 142 54 146 7 146 131 72 40 86 117 5 125 220 223 183 61 208 
104 112 235 23 12 128 234 238 134 46 157 221 154 70 186 120 31 161 196 160 5 156 162 39 16 86 26 149 85 55 236 133 194 40 176 230 42 81 56 84 97 205 193 183 118 20 19 224 208 137 83 
105 38 170 143 34 126 72 2 133 159 45 129 185 21 236 114 184 201 74 18 80 187 134 38 73 7 59 247 61 224 200 76 53 222 42 203 74 9 186 48 88 61 165 2 194 1 41 238 240 165 199 
61 35 9 232 18 136 81 127 182 62 78 232 39 205 19 179 12 17 14 213 166 131 33 248 42 208 227 221 250 112 40 98 74 56 14 167 12 74 165 203 63 162 113 196 170 121 166 248 32 126 225 
133 112 212 211 149 21 63 92 58 230 104 214 250 1 161 106 75 182 101 126 233 49 69 8 40 212 89 220 81 31 219 41 199 89 32 223 39 69 198 203 138 196 41 157 206 66 96 200 168 187 205 
70 233 233 37 229 170 233 184 228 185 60 29 51 193 173 85 70 30 165 178 10 122 247 36 235 31 8 66 129 114 114 222 108 20 129 205 129 115 201 15 206 184 7 84 227 5 241 143 246 198 59 
222 0 240 233 46 114 186 96 92 13 107 151 243 190 181 223 219 23 42 56 138 131 29 225 107 237 141 218 73 102 118 165 168 193 62 9 110 148 108 115 192 130 14 115 147 141 215 205 161 12 65 
85 42 72 161 209 61 13 174 211 55 22 87 99 142 108 105 70 207 27 190 230 186 247 138 216 246 78 76 123 50 52 88 23 188 229 143 44 199 54 42 88 46 169 5 1 172 86 189 64 118 4 
213 131 108 23 53 136 50 131 206 64 11 166 233 178 108 150 152 219 132 132 135 69 25 137 99 91 77 34 15 250 173 21 22 87 173 216 27 110 105 41 33 157 42 75 160 234 148 12 150 199 142 
103 20 111 60 50 49 228 46 238 147 53 106 108 57 155 148 183 161 237 206 200 0 21 95 31 102 70 171 175 188 77 233 17 3 234 143 209 36 66 198 232 127 81 214 189 121 38 45 140 14 238 
17 12 175 232 232 86 64 88 93 178 58 72 73 131 45 166 176 16 227 139 241 61 198 164 82 33 190 194 129 117 97 178 208 53 19 71 208 220 58 61 77 221 143 39 190 1 33 172 177 239 24 
156 217 148 226 69 56 209 214 26 137 38 31 221 66 189 2 77 175 94 231 135 11 38 232 51 184 38 34 164 232 222 17 171 41 176 39 150 56 62 16 118 142 229 172 150 97 89 242 22 101 201 
177 204 162 247 167 179 70 29 155 100 234 45 167 174 31 38 81 22 233 160 223 243 199 112 60 58 101 71 129 224 71 167 186 138 80 195 167 83 225 204 151 193 12 137 241 240 127 53 141 206 164 
226 34 163 181 50 9 60 128 46 243 190 218 135 68 177 99 28 147 34 70 155 54 202 103 124 80 125 231 189 200 152 219 122 204 126 186 31 181 112 188 37 167 174 72 202 98 215 141 247 126 3 
215 250 242 178 1 103 150 159 104 111 73 216 11 131 205 134 239 47 103 230 132 6 145 130 114 71 216 237 101 151 50 86 18 96 46 191 57 169 172 77 188 229 77 205 69 136 19 26 121 135 190 
9 246 173 79 103 53 33 158 238 64 122 72 168 188 175 63 183 28 152 93 44 80 137 197 36 78 225 38 188 117 193 202 113 51 136 150 88 140 140 135 222 140 193 105 95 122 29 70 185 83 148 
234 203 35 68 8 133 228 161 46 196 88 218 9 192 198 10 143 184 100 242 189 17 224 28 12 129 116 159 240 27 193 129 160 158 130 17 38 61 220 109 229 157 127 20 198 200 13 160 190 84 189 
190 206 140 249 247 74 148 83 68 145 48 27 14 108 67 86 116 164 14 192 140 201 146 36 208 227 82 168 148 70 245 105 194 112 22 215 181 150 70 196 11 159 105 52 85 101 167 104 196 127 131 
172 209 95 232 161 84 198 190 52 226 182 79 228 35 147 155 162 105 16 8 142 146 91 17 113 232 49 68 80 0 196 245 150 51 71 125 175 249 28 41 49 132 248 17 52 230 205 201 179 50 190 
37 179 80 95 137 228 138 196 119 190 35 36 11 136 83 32 142 241 42 169 216 198 233 223 234 83 105 155 57 137 17 113 225 96 212 107 5 132 102 114 114 37 66 7 12 171 47 174 169 18 121 
30 37 101 68 166 228 108 193 222 207 66 188 230 68 29 99 247 240 2 104 32 247 162 89 185 26 166 225 225 207 39 11 206 108 61 239 71 169 98 152 86 122 172 104 129 94 124 198 248 27 54 
33 156 83 225 98 219 98 169 105 93 142 7 120 76 45 22 44 84 112 6 19 18 82 82 193 72 23 207 55 95 105 10 32 121 81 118 129 91 247 249 216 205 56 37 214 165 112 31 195 155 250 
61 39 166 3 138 30 157 141 165 194 220 72 171 85 8 8 122 13 120 137 65 203 185 93 166 167 4 156 239 158 230 182 200 170 177 130 104 180 197 167 19 188 180 74 231 197 219 250 149 60 109 
193 192 18 165 2 71 13 126 22 26 202 63 243 116 210 80 193 0 213 24 133 162 88 94 69 151 66 68 48 44 130 192 2 81 32 177 38 48 91 136 167 147 158 132 247 64 78 22 37 200 154 
97 76 212 232 184 233 19 192 41 236 24 148 175 174 177 122 86 153 152 55 83 190 98 1 67 23 210 205 231 221 212 5 204 49 213 214 214 90 146 160 102 44 232 191 76 24 245 118 243 155 37 
201 19 128 37 61 22 132 70 155 204 199 57 198 202 141 127 43 184 208 180 156 78 192 154 151 12 194 20 241 91 138 106 246 106 174 178 177 178 230 155 234 12 156 160 185 46 220 87 176 55 221 
165 73 220 70 204 185 116 154 161 58 9 224 39 199 66 164 41 186 228 36 205 87 101 111 159 237 202 28 65 42 182 103 148 159 36 128 131 20 124 150 133 105 130 72 184 235 31 110 141 147 232 
0 112 68 93 18 197 93 18 2 115 99 28 71 184 118 177 216 206 4 41 217 6 180 107 71 244 23 106 104 134 133 196 206 178 243 242 162 178 108 74 208 76 118 127 49 17 86 197 114 189 47 
199 48 20 80 131 14 106 204 220 179 31 156 141 229 178 120 147 172 240 205 193 98 114 43 67 54 3 110 37 171 4 244 142 51 105 197 194 56 229 159 240 92 79 238 173 21 6 26 108 11 202 
176 65 9 7 29 148 241 16 230 214 57 192 10 88 65 137 86 47 152 37 204 92 13 152 128 15 99 152 21 119 182 202 141 32 180 36 243 227 108 23 211 35 45 124 71 175 102 24 232 231 158 
22 46 82 87 162 29 91 235 248 114 156 154 22 140 83 104 109 186 3 123 192 200 15 86 99 98 77 81 195 135 65 224 108 210 149 235 102 135 11 181 70 74 236 48 82 56 245 180 24 212 83 
217 225 172 142 62 244 62 192 227 64 132 67 33 102 199 21 72 84 129 174 21 19 18 236 201 149 48 97 117 242 42 2 18 247 4 155 16 219 77 5 234 71 159 142 205 42 150 9 48 155 136 
128 36 173 109 225 219 17 108 61 6 23 199 214 37 158 3 66 113 91 127 41 55 52 52 235 70 167 73 229 94 126 56 62 149 244 167 69 169 157 200 26 163 21 38 193 198 29 40 107 154 3 
224 162 46 230 232 66 246 200 110 88 23 109 182 84 64 76 39 109 8 241 16 18 149 11 130 172 187 242 92 77 181 212 219 29 147 108 7 172 183 190 3 206 213 219 69 183 115 60 183 164 154 
38 93 75 47 150 45 224 196 138 98 135 158 20 128 229 214 231 171 170 111 74 80 71 130 30 117 179 53 126 66 171 125 27 173 181 136 167 5 62 43 56 105 1 203 154 23 105 194 7 198 172 
245 212 19 232 80 20 102 46 198 188 156 223 5 188 183 90 89 244 90 144 148 53 180 241 204 222 106 136 7 154 127 79 230 116 123 18 23 38 217 47 99 247 120 27 60 60 152 78 202 3 203 
138 138 53 170 36 92 227 160 118 247 179 111 129 239 202 227 36 201 174 225 187 180 30 144 238 52 77 49 159 128 145 34 51 128 160 188 93 195 112 27 189 164 209 145 238 156 179 209 180 22 179 
100 174 46 9 57 9 232 177 69 126 107 203 125 175 220 124 159 226 15 162 103 4 28 58 215 235 196 208 218 25 211 66 148 54 226 118 26 85 126 218 125 123 59 134 75 188 107 38 191 21 156 
54 122 105 32 27 179 212 100 50 154 145 121 168 34 123 112 23 28 112 192 67 19 152 201 150 191 83 60 111 44 34 96 203 109 209 232 141 76 197 17 33 82 45 144 241 80 60 23 139 64 188 
140 14 202 93 230 248 132 216 5 203 185 173 224 219 56 199 225 125 136 63 240 182 33 109 84 110 6 149 233 89 9 84 106 38 105 187 60 135 201 119 93 26 226 249 173 143 70 150 200 58 202 
81 235 63 101 62 189 46 69 196 30 204 227 127 123 85 78 92 74 25 28 116 142 185 50 186 140 51 185 229 92 211 199 209 3 207 187 174 116 25 26 98 122 11 68 52 151 89 66 67 84 231 
150 215 41 195 93 11 83 201 93 124 36 59 32 248 187 23 183 115 50 37 211 95 31 180 36 57 45 98 155 177 181 188 215 160 200 202 107 88 243 40 225 250 216 174 52 1 201 183 21 30 154 
88 218 27 140 11 26 145 178 6 159 243 169 179 116 130 109 218 67 195 125 90 36 13 242 51 20 249 49 119 226 237 55 141 151 159 217 41 40 23 166 147 236 190 168 77 38 41 78 137 10 8 
144 67 11 176 36 117 245 153 26 111 240 196 71 130 210 96 244 229 232 225 34 140 25 135 0 86 95 125 160 205 208 71 55 164 224 224 43 157 76 200 154 195 4 203 32 16 106 188 222 142 93 
157 57 209 153 54 150 51 18 49 212 203 127 133 146 165 74 74 78 97 181 22 181 31 145 243 236 99 79 204 19 242 177 248 9 12 16 201 169 161 112 167 242 15 10 132 219 242 145 104 137 103 
105 195 216 249 191 6 50 194 24 74 23 214 238 131 61 191 39 180 118 131 226 117 80 129 92 91 82 107 157 44 106 22 82 211 239 189 183 11 243 196 90 147 186 45 169 94 0 73 80 217 177 
45 233 90 109 232 223 216 40 194 36 79 176 110 0 5 117 193 55 172 35 125 150 250 249 43 54 200 94 163 132 92 44 113 192 202 116 121 165 89 213 153 67 74 240 14 227 223 241 22 195 6 
12 145 108 210 9 121 114 221 58 58 109 141 234 0 238 35 236 139 30 220 236 40 104 55 206 62 70 5 100 101 142 69 122 172 210 11 129 244 77 218 54 238 246 139 249 32 175 233 228 28 53 
47 5 206 112 11 99 106 13 135 42 136 196 47 114 147 22 185 166 105 11 150 235 209 78 162 94 177 81 64 160 51 24 235 110 134 27 104 206 242 57 111 145 166 194 152 171 99 133 173 244 41 
82 83 33 159 108 167 247 146 79 110 121 54 58 8 155 28 208 70 58 209 154 170 202 59 206 245 105 104 58 207 200 181 166 213 107 163 65 0 182 19 114 165 91 103 193 16 113 27 200 50 27 
41 118 248 47 124 158 238 204 184 48 87 13 110 42 245 41 73 147 93 74 64 243 248 195 128 38 243 239 175 154 21 201 114 73 114 61 235 85 122 67 136 56 213 200 42 73 79 25 218 149 141 
