40
22 116 170 225 203 209 243 250 23 226 213 175 163 76 148 113 73 84 174 141 232 247 3 192 225 163 113 148 162 87 96 248 73 44 206 191 72 129 109 73 
149 43 22 107 90 74 221 44 21 163 168 140 161 75 225 146 205 20 202 10 8 17 38 177 89 194 92 106 239 23 138 198 166 244 189 197 173 149 155 218 
187 58 56 136 34 238 246 235 167 146 33 190 206 42 62 69 53 119 70 11 49 113 91 207 22 130 41 34 51 158 44 183 56 186 142 179 242 126 118 210 
62 82 215 27 68 65 119 248 76 178 125 48 183 219 223 18 168 233 176 127 13 186 218 199 179 90 39 20 3 157 218 37 188 170 112 199 118 94 245 88 
108 124 58 58 71 247 249 237 73 11 244 32 94 31 104 180 49 75 230 208 99 135 101 133 216 214 118 98 91 86 227 119 46 33 60 174 6 187 139 235 
215 99 194 147 164 244 85 101 188 189 218 157 93 79 180 178 181 52 177 15 81 230 33 54 179 48 247 107 59 191 98 245 172 240 169 125 156 184 79 157 
175 101 220 222 104 165 153 12 241 33 91 230 177 43 103 85 11 63 12 95 98 121 131 16 68 106 106 236 203 19 180 210 200 62 77 34 109 36 130 59 
221 210 246 222 194 173 80 91 159 232 184 225 203 61 157 27 236 240 231 24 57 12 236 28 243 211 102 169 249 72 192 90 133 224 140 217 43 17 125 124 
50 110 146 124 199 32 188 30 137 189 5 173 119 218 110 99 54 86 30 11 123 140 207 54 107 192 84 50 123 229 231 111 89 82 93 180 121 85 235 220 
106 113 108 243 174 150 168 179 148 65 68 225 70 186 86 82 169 151 41 142 35 34 116 133 210 193 111 226 137 42 134 66 116 42 18 59 59 40 187 83 
206 82 7 94 105 186 54 131 211 159 153 225 147 115 155 121 212 163 245 154 208 167 20 192 219 141 140 216 183 220 236 236 194 162 245 124 56 20 50 198 
0 210 198 105 117 218 24 172 63 200 41 140 178 95 106 58 212 123 55 244 110 22 110 34 127 95 183 131 245 34 7 142 49 238 176 244 137 218 172 84 
89 211 34 44 17 212 194 43 222 115 75 42 35 93 64 86 229 118 21 163 12 89 246 65 122 33 55 247 197 148 238 146 54 112 243 246 170 66 152 165 
58 113 223 227 12 234 238 166 212 164 105 239 100 170 120 136 92 189 79 124 8 37 35 235 198 179 91 174 84 88 12 106 212 249 239 69 215 18 186 128 
166 207 244 154 83 79 234 217 196 101 219 114 108 90 68 40 119 192 90 242 147 53 178 54 93 9 195 159 159 241 199 143 196 70 113 86 169 19 113 109 
235 102 79 149 248 213 204 233 33 120 221 174 98 159 192 233 60 246 133 51 190 101 49 81 50 92 198 108 52 212 127 229 71 20 6 60 130 137 116 181 
2 242 64 144 66 83 85 51 105 30 137 132 28 158 222 189 209 222 230 21 179 211 88 72 223 16 217 169 223 148 196 181 224 191 204 218 64 61 163 144 
50 9 152 92 93 63 235 157 146 85 171 40 174 93 38 25 149 168 121 75 82 55 166 75 72 127 122 66 67 182 128 168 151 248 203 50 137 1 131 240 
205 67 244 15 130 230 196 32 248 90 62 237 115 137 51 138 2 180 86 154 192 135 162 85 65 27 210 231 147 40 222 102 200 233 36 100 29 103 103 240 
200 193 209 76 122 46 69 152 221 239 87 64 17 240 126 240 194 166 35 92 207 25 239 7 45 214 175 39 169 68 25 231 226 141 11 71 241 211 120 143 
102 211 86 12 56 148 246 17 137 120 214 5 233 85 95 197 238 191 51 66 112 10 130 5 27 180 221 47 98 85 106 178 114 42 220 75 117 189 162 249 
225 36 106 70 85 124 136 184 196 117 33 192 99 110 31 129 10 63 250 213 166 18 29 246 100 140 26 150 158 45 3 12 32 20 221 161 239 231 114 188 
149 100 247 63 206 58 143 176 66 199 122 41 18 118 174 228 12 154 163 110 34 162 107 242 146 227 136 17 171 214 240 227 137 47 111 164 35 249 203 57 
120 180 148 187 85 73 106 109 191 101 82 181 101 38 5 209 219 58 182 163 183 2 248 66 83 81 8 157 163 165 188 217 171 102 26 142 94 128 56 112 
65 187 230 139 37 226 52 108 231 80 74 209 94 52 198 19 168 132 99 126 182 143 216 161 162 139 0 52 161 122 39 176 202 108 136 205 175 190 85 95 
112 56 22 131 23 87 98 105 139 15 197 137 183 137 106 1 137 48 171 98 89 211 85 34 142 115 201 150 140 231 180 47 209 194 24 224 176 54 141 21 
213 115 138 58 133 219 33 232 192 227 67 220 133 34 20 219 198 37 103 51 226 168 250 194 183 151 160 6 102 199 171 94 75 241 195 166 157 21 22 91 
167 211 101 43 228 97 96 73 12 236 138 114 79 16 155 27 71 191 244 143 155 197 243 235 50 15 238 73 222 240 132 210 134 240 216 180 48 105 92 152 
195 161 52 112 106 181 165 52 139 4 175 199 167 89 173 197 8 171 182 133 14 240 146 140 249 89 244 211 3 216 178 170 25 206 216 111 243 70 63 240 
22 19 245 180 107 241 6 34 129 207 53 153 27 210 149 119 133 69 10 33 157 116 149 39 93 157 148 88 41 23 129 25 185 235 83 108 147 213 1 161 
195 237 173 77 216 104 135 186 110 225 82 139 11 189 147 85 137 184 91 36 235 166 150 61 247 131 191 18 56 0 165 35 45 35 96 148 65 130 95 120 
101 229 183 95 226 210 227 34 50 104 222 39 5 160 30 33 247 219 18 47 242 78 139 201 218 91 2 149 205 119 205 223 81 3 209 205 177 232 89 215 
129 75 225 204 166 232 83 246 200 39 240 77 239 111 97 149 34 95 128 249 189 97 231 177 242 141 122 147 99 56 19 85 141 250 174 95 221 104 96 51 
165 241 202 155 199 48 173 4 2 25 143 70 244 6 176 31 242 184 83 138 143 143 87 90 11 61 164 218 210 98 158 23 99 135 196 81 111 94 243 52 
239 80 195 33 201 145 219 129 99 225 159 75 133 10 149 95 230 143 7 90 114 9 238 77 104 159 204 73 211 19 189 159 98 164 120 195 148 69 226 34 
90 124 193 139 14 153 240 140 136 195 109 45 143 11 37 70 67 225 21 109 185 215 239 159 170 246 168 147 248 189 111 200 152 22 108 170 13 166 37 161 
22 65 107 97 208 147 196 57 169 26 16 140 248 185 219 237 179 65 188 231 23 209 174 187 73 43 198 134 77 178 12 76 249 35 23 4 85 120 226 220 
240 190 189 53 136 237 71 118 162 75 56 231 127 134 231 72 127 199 245 176 160 236 246 192 104 186 139 237 11 85 178 23 133 221 175 70 163 15 40 176 
85 134 32 133 151 153 143 142 177 223 57 48 204 188 236 188 106 127 205 234 192 205 125 192 180 138 99 35 78 234 185 192 76 63 17 72 102 23 212 212 
29 152 87 83 28 72 51 96 162 247 55 201 205 184 1 246 79 218 156 67 0 23 109 153 240 71 102 239 246 134 65 35 4 233 237 173 205 118 162 51 
