60
188 71 49 233 192 107 173 45 56 159 157 188 195 24 18 127 34 180 235 187 128 178 240 151 140 219 143 181 104 173 123 143 105 161 222 61 239 119 234 212 154 225 29 124 59 155 51 170 239 48 118 222 154 59 126 209 125 52 222 44 
91 21 177 99 67 21 94 48 121 87 165 52 163 65 44 163 25 140 130 98 95 225 134 245 10 63 48 121 48 123 138 183 167 101 85 21 227 179 8 166 155 186 167 206 217 35 180 3 107 196 123 231 144 153 150 31 154 236 142 201 
123 105 243 60 46 18 225 55 76 234 131 150 192 154 166 213 221 119 44 199 108 207 53 27 116 236 135 5 89 16 200 240 169 133 65 225 197 167 190 47 219 68 5 7 223 246 67 163 17 38 205 142 6 203 8 236 213 189 88 2 
13 197 196 205 41 21 182 127 143 165 178 189 207 108 78 96 78 126 62 134 230 64 241 168 232 239 102 17 249 2 132 13 201 121 182 35 1 226 45 155 245 144 214 188 52 178 196 18 97 198 164 60 32 241 233 3 167 63 201 46 
86 176 138 243 149 217 197 86 94 123 199 186 112 128 106 219 22 215 91 151 250 61 123 50 155 141 204 100 175 62 114 83 91 50 30 249 200 228 113 243 207 173 1 93 19 249 76 218 58 132 47 171 168 144 48 134 148 65 75 93 
177 163 195 49 247 86 158 138 128 232 137 213 62 114 141 245 78 32 188 35 144 83 38 177 84 234 201 99 216 111 120 190 77 110 57 209 128 12 194 230 174 136 162 124 90 57 62 28 164 70 37 194 129 161 182 160 231 167 119 192 
110 117 212 65 230 117 107 187 106 76 87 50 13 243 180 56 119 130 30 172 168 208 101 124 34 28 20 208 77 168 45 79 85 191 94 130 192 208 240 194 81 142 84 171 85 205 192 20 209 36 1 43 13 141 170 72 14 142 90 208 
135 169 163 239 89 77 5 79 184 91 79 168 4 237 185 162 204 34 153 127 71 149 32 13 44 221 76 91 169 50 176 123 64 164 246 229 232 136 63 123 144 198 17 144 137 211 55 80 205 46 94 131 112 17 113 8 242 158 105 108 
37 217 43 206 46 209 66 47 68 96 190 70 166 67 79 110 244 200 232 34 168 119 17 126 132 70 65 193 206 226 219 31 167 149 68 242 160 75 10 47 12 63 143 117 2 228 218 231 68 48 191 95 203 219 92 101 36 87 205 3 
233 205 207 44 113 57 137 241 12 38 235 24 5 204 49 26 18 153 210 6 143 3 23 131 149 152 213 182 162 223 97 20 76 122 2 206 212 156 105 45 66 41 123 197 194 137 160 11 63 56 89 173 103 106 108 178 205 218 150 109 
105 174 177 95 121 46 144 204 200 184 23 51 195 154 203 82 117 101 141 33 67 0 190 151 115 54 164 132 171 30 138 131 18 56 114 0 220 228 166 23 25 79 82 239 179 40 193 171 241 159 46 34 171 125 52 20 146 164 227 92 
112 19 187 6 210 165 40 84 184 83 182 66 181 206 156 28 186 72 198 126 117 52 142 214 81 38 133 215 204 215 198 194 107 234 27 80 208 207 195 138 245 26 172 225 104 243 100 139 1 172 206 201 103 229 73 208 222 174 222 103 
216 130 236 39 154 231 195 245 222 60 185 234 40 1 230 128 138 65 74 115 27 131 42 239 35 182 77 197 79 156 22 244 119 141 55 200 147 175 234 2 136 71 213 218 128 26 88 36 176 241 20 246 71 91 89 38 90 81 12 192 
235 48 201 58 130 232 64 234 148 142 54 112 15 8 181 126 214 105 172 53 13 166 250 117 209 19 31 72 156 32 3 195 108 110 168 163 83 86 152 231 206 129 212 201 239 166 235 83 243 156 9 82 159 218 94 6 107 203 160 15 
245 95 46 106 34 119 151 75 234 165 75 81 156 191 25 181 129 15 231 24 197 88 127 96 162 8 110 161 114 212 166 219 113 120 233 214 229 15 66 139 143 81 100 55 207 7 168 99 106 217 111 166 58 40 76 213 121 149 9 198 
136 95 182 113 139 16 17 118 228 66 229 25 218 23 82 116 137 13 225 178 43 192 44 34 31 95 144 6 134 27 96 112 220 116 48 172 59 126 69 42 181 103 81 24 154 226 106 220 184 230 140 162 25 23 31 53 211 38 238 137 
163 137 140 12 114 94 88 106 74 108 167 245 228 115 186 3 4 165 203 199 215 243 17 112 234 27 111 96 36 183 157 89 86 67 221 1 224 241 54 49 169 170 147 158 125 152 99 179 43 128 144 134 35 237 59 135 71 131 223 155 
77 182 183 8 7 207 203 130 140 96 97 226 246 242 197 236 34 205 191 196 203 101 198 239 26 77 116 205 17 134 176 248 53 153 200 85 227 33 36 108 166 214 21 220 147 87 124 154 69 29 169 145 195 152 219 100 222 58 53 5 
143 58 238 47 232 23 187 3 223 247 118 194 66 145 114 202 149 26 58 243 163 219 25 140 41 56 116 95 120 66 17 245 111 95 65 159 189 24 204 149 4 69 88 54 24 117 190 202 96 107 135 123 227 242 41 206 7 240 202 37 
221 210 182 63 157 70 226 77 40 122 8 154 171 105 29 83 146 120 4 143 233 220 91 111 144 223 92 38 67 128 92 161 141 23 70 119 27 172 176 151 158 213 50 175 7 63 185 77 107 173 5 14 210 0 39 235 207 26 64 193 
119 159 172 216 52 48 43 67 229 208 56 117 16 123 142 222 135 6 228 208 196 237 101 230 134 89 90 112 60 67 172 123 234 181 64 47 40 121 66 7 126 158 7 103 158 223 21 33 116 226 250 123 152 88 148 147 15 200 13 29 
83 142 69 135 214 219 35 192 113 139 242 111 72 173 218 162 179 178 7 1 188 198 132 183 61 167 72 55 117 194 124 149 234 237 6 8 211 230 187 50 220 24 16 156 22 95 151 70 89 221 157 55 33 229 76 141 199 196 120 23 
24 128 78 74 27 198 56 242 112 242 167 198 161 216 221 14 188 104 8 171 152 38 108 199 129 244 191 76 236 94 50 100 17 134 176 128 96 22 111 1 80 185 228 220 24 220 231 114 126 90 71 123 44 155 214 139 222 190 192 0 
82 168 153 89 167 5 133 145 19 86 227 77 189 249 11 184 228 167 20 171 143 55 214 236 88 22 52 56 146 191 79 30 119 86 126 184 79 227 134 125 145 15 181 219 139 219 195 51 137 109 122 118 41 17 74 71 180 51 218 161 
41 113 22 230 59 47 32 104 193 166 72 161 168 190 149 242 144 72 222 0 238 71 96 205 57 150 170 42 69 238 66 68 226 228 171 124 226 218 13 18 34 1 66 122 238 72 76 153 7 3 27 28 245 222 30 118 208 112 192 199 
237 176 115 9 7 94 43 63 37 14 19 199 68 11 28 168 13 176 19 157 64 145 49 164 50 218 137 44 49 186 43 3 107 74 111 111 0 83 240 132 207 245 151 179 137 38 233 133 75 148 8 222 175 176 36 172 27 206 219 104 
129 105 100 19 232 120 155 172 129 190 190 5 171 18 231 99 176 10 139 155 201 189 45 146 157 127 93 23 178 108 44 158 174 60 210 137 44 129 53 2 3 71 232 160 168 71 113 123 90 14 163 164 171 238 87 166 111 250 105 104 
60 250 86 80 108 95 230 118 5 51 121 240 130 86 238 15 110 140 60 69 165 64 105 92 122 46 243 195 246 141 204 175 192 49 11 243 147 241 94 90 34 113 237 93 203 114 25 103 118 201 166 135 1 229 101 214 100 53 148 109 
104 199 73 33 163 78 152 60 120 60 69 52 41 60 194 124 163 104 19 105 107 162 227 124 225 187 108 19 148 250 241 223 204 239 228 198 13 133 239 174 145 83 32 107 161 135 111 232 5 201 218 179 214 40 134 104 63 223 172 55 
185 111 56 160 220 247 69 207 114 163 147 82 13 35 167 90 21 149 11 137 204 151 143 217 243 156 88 171 221 99 105 175 141 100 73 53 122 183 229 18 43 167 200 28 31 95 83 248 207 247 27 210 181 120 74 136 136 129 178 246 
147 38 145 233 112 59 35 195 59 20 44 130 68 46 172 116 234 241 159 147 33 120 6 141 215 132 52 244 179 217 46 167 247 217 92 55 236 128 47 148 120 237 228 174 151 60 208 48 92 112 243 141 96 203 57 212 143 157 179 104 
156 35 229 101 42 68 209 194 76 150 93 173 118 211 142 171 27 250 8 245 39 67 14 202 177 48 83 200 173 171 114 3 16 175 113 236 93 87 212 198 121 214 20 249 200 43 165 21 32 86 78 31 64 61 195 176 99 99 61 172 
222 180 9 243 62 68 160 231 77 192 90 81 190 133 145 187 239 214 241 184 119 16 46 249 121 28 0 134 228 191 183 227 214 168 56 146 18 117 1 78 204 61 206 76 55 174 234 233 139 175 183 24 194 162 142 35 28 127 5 210 
243 108 121 179 160 97 232 57 211 72 207 203 19 121 128 237 58 164 126 118 196 48 212 35 185 46 241 185 93 213 93 197 35 138 176 107 64 134 204 68 69 115 73 46 111 248 67 38 95 218 43 47 141 200 222 134 113 237 101 234 
25 192 24 113 12 99 174 160 36 32 24 246 122 65 42 237 113 214 33 249 236 134 161 53 134 95 225 210 122 173 0 64 88 183 130 118 159 75 165 97 30 57 137 79 139 165 167 26 85 132 70 93 172 92 121 147 86 200 163 123 
94 63 62 105 171 48 13 228 19 132 229 14 231 34 234 133 11 37 180 48 143 200 227 82 234 243 88 160 49 19 39 0 155 83 33 145 200 197 70 214 6 229 230 56 108 129 203 209 174 102 102 22 99 16 91 122 227 14 235 90 
88 114 141 202 80 107 235 139 142 16 120 243 33 221 240 77 177 84 20 44 12 22 32 186 68 119 161 246 249 203 58 118 100 55 50 179 59 191 45 245 154 141 35 241 210 182 222 205 154 3 61 54 247 195 233 75 144 24 58 36 
46 206 136 43 44 74 122 0 194 15 145 243 158 102 122 237 169 100 61 195 8 144 140 226 116 162 36 181 88 31 142 65 182 203 118 44 189 11 134 67 98 87 56 61 150 181 173 119 45 17 109 157 185 1 81 167 188 220 17 90 
249 45 154 136 135 48 74 81 134 132 93 75 16 186 202 143 58 124 80 148 154 242 146 130 203 32 94 70 242 169 238 179 81 120 185 119 58 241 30 33 225 243 63 67 8 91 116 85 54 73 24 154 163 155 134 52 168 229 123 56 
1 200 2 81 248 221 32 231 95 241 37 67 6 188 132 29 220 113 96 221 94 12 132 229 69 186 159 108 180 201 207 26 214 138 86 56 78 101 213 82 105 194 41 49 44 239 36 199 26 132 8 171 43 182 250 144 16 80 49 182 
13 201 10 131 149 49 39 36 67 189 162 241 123 216 14 12 187 69 180 198 218 195 153 98 127 222 36 195 191 33 128 43 55 53 191 203 149 113 128 71 184 31 122 231 92 152 96 160 236 137 192 134 152 11 104 12 41 151 146 159 
15 166 13 175 87 236 71 13 227 121 246 181 26 51 242 230 18 121 29 184 128 171 21 59 193 103 23 18 138 147 190 17 51 216 204 140 86 113 112 28 149 154 165 22 6 53 76 238 205 227 5 10 219 70 2 205 179 166 112 97 
54 82 172 140 237 163 14 76 66 110 70 215 119 33 116 226 54 246 83 216 13 19 103 112 126 148 139 163 182 11 155 149 75 96 102 166 36 96 206 222 194 23 234 58 238 166 198 41 160 100 28 42 201 78 78 205 133 50 6 63 
242 106 117 33 103 35 89 22 66 27 183 230 136 111 112 59 30 32 76 18 204 51 140 189 230 29 35 9 54 163 141 196 107 102 211 173 79 199 243 174 138 97 165 142 113 242 178 53 16 89 242 128 91 96 197 169 171 0 186 67 
62 106 177 145 207 125 105 231 245 236 0 125 114 51 245 27 18 180 31 132 61 40 209 103 156 77 179 80 4 203 142 184 218 41 124 7 83 2 82 224 25 153 36 40 198 78 169 18 79 141 91 101 64 36 122 222 136 30 68 97 
68 104 30 246 58 168 139 162 32 245 92 110 184 57 22 141 215 148 197 19 84 222 146 161 102 209 83 133 76 227 210 63 72 220 206 174 21 181 244 153 24 177 164 167 114 110 230 164 160 170 45 18 7 230 95 168 220 176 201 37 
223 0 80 65 127 16 31 211 117 164 4 94 111 217 19 95 235 188 116 228 161 130 234 233 10 111 220 160 25 192 193 90 193 201 61 138 142 27 100 127 12 191 182 177 106 59 178 199 193 179 127 39 195 56 164 192 187 214 180 91 
249 121 122 234 8 24 155 81 180 59 67 0 220 88 44 55 229 111 94 10 239 247 8 85 111 161 29 195 181 43 3 244 17 52 11 24 207 26 155 193 30 190 24 80 20 96 53 207 171 96 136 45 219 85 78 224 116 86 87 20 
90 176 83 68 232 223 208 219 204 115 124 199 48 141 132 51 98 245 214 190 20 119 81 101 174 70 146 78 131 53 177 222 189 116 84 14 227 192 192 27 86 80 110 247 237 157 95 127 21 121 178 236 165 92 112 179 157 15 105 52 
241 249 105 31 199 37 97 168 193 98 24 56 105 18 115 150 85 154 29 1 197 141 176 188 17 21 75 124 197 211 43 28 169 185 190 89 30 129 2 35 46 165 101 173 51 163 247 49 123 38 122 229 171 198 39 58 16 190 140 40 
39 72 225 112 175 225 107 161 130 40 212 111 196 155 169 38 183 177 243 31 203 112 53 10 8 55 241 36 7 13 175 32 144 57 48 162 199 136 166 231 33 150 122 239 100 12 37 94 109 1 59 26 32 39 211 19 126 166 225 106 
99 50 50 202 125 131 16 222 78 205 202 62 16 61 192 241 211 135 207 232 198 92 150 52 180 180 90 138 8 103 249 26 131 29 84 154 109 27 129 101 175 2 122 123 144 234 238 47 82 217 154 207 118 211 62 175 41 225 153 44 
33 168 250 77 128 117 173 71 225 148 38 49 156 222 34 0 154 161 200 180 22 18 190 67 219 125 45 74 148 163 15 189 137 211 76 35 38 48 102 152 131 132 220 115 43 55 165 90 95 122 148 202 121 159 5 150 98 52 75 30 
250 1 73 38 184 238 239 178 39 110 84 177 69 225 166 73 161 144 76 118 228 124 237 105 49 243 85 223 18 107 159 106 43 114 1 118 14 201 121 47 151 39 174 218 190 172 169 33 99 64 230 140 107 18 234 16 29 138 88 209 
121 56 135 182 65 44 189 3 162 128 127 44 222 70 100 152 182 232 173 62 211 138 106 60 79 97 22 225 139 55 14 226 226 142 9 106 191 90 210 121 250 149 156 165 56 203 200 216 10 109 28 162 98 16 13 174 116 78 133 163 
184 145 79 104 193 3 148 113 162 2 55 67 93 168 148 51 232 166 132 211 119 123 151 55 172 240 123 49 162 119 222 38 195 209 134 207 131 147 183 219 15 7 78 19 130 66 163 169 172 28 199 186 151 127 211 244 165 96 57 15 
67 51 61 230 136 28 187 41 131 61 27 196 90 159 87 70 6 140 204 185 216 180 142 183 117 198 106 110 235 138 1 114 56 56 228 176 130 111 69 200 5 180 232 129 133 183 130 99 220 178 108 25 187 145 179 231 151 176 61 17 
81 245 172 210 239 179 30 168 193 104 205 205 135 29 157 40 149 140 137 134 69 107 198 126 87 188 41 135 136 224 20 118 59 88 93 119 38 125 191 114 240 17 124 94 204 76 127 247 176 3 209 8 101 179 62 205 117 12 9 94 
86 82 62 74 30 81 215 244 51 185 123 249 227 147 142 29 40 97 198 239 13 123 231 8 89 161 200 126 179 52 219 248 148 80 69 20 62 64 199 54 219 126 242 181 95 36 121 186 137 14 137 49 74 131 139 204 248 221 241 14 
236 240 55 126 105 216 202 78 190 160 237 198 73 88 61 158 51 84 125 65 162 160 164 239 84 50 85 152 47 74 190 117 30 205 48 145 158 57 24 181 211 215 121 250 158 201 102 199 164 103 137 239 32 68 133 88 84 125 121 86 
