33
171 21 42 209 123 18 3 109 41 226 67 97 106 19 17 215 106 91 240 188 222 65 128 44 237 88 13 21 27 196 119 45 89 
145 156 28 36 145 65 12 152 135 147 209 239 62 118 174 96 136 64 220 123 244 109 227 116 173 11 216 213 87 63 234 108 225 
244 27 249 167 39 221 5 239 131 22 96 191 95 43 242 20 153 133 185 155 190 242 137 128 150 133 94 185 104 116 178 105 83 
67 53 102 19 25 194 127 59 127 45 66 110 76 148 66 149 59 121 0 170 59 62 29 182 228 44 190 99 3 65 217 19 247 
200 193 197 144 63 184 108 13 34 31 73 47 140 200 230 2 229 35 248 84 85 185 190 171 183 246 157 175 154 135 130 134 103 
7 120 14 102 32 106 230 195 46 94 213 23 36 54 194 168 202 246 250 127 17 132 204 81 4 123 44 6 244 153 55 36 95 
51 5 23 140 187 211 232 136 211 74 38 17 31 70 112 92 199 202 180 69 5 249 202 144 93 208 125 47 239 174 215 13 69 
155 216 15 198 197 61 32 148 246 49 7 212 203 57 97 59 176 20 129 197 76 71 78 54 79 6 4 69 193 182 133 65 209 
147 172 165 43 248 135 184 135 250 207 74 240 75 221 75 202 173 117 3 193 223 124 144 119 221 11 135 49 243 54 65 227 54 
5 55 20 38 89 176 128 77 178 39 168 67 11 65 140 38 61 24 23 173 152 82 74 226 30 32 158 248 233 192 155 36 51 
99 145 225 144 84 151 205 25 63 112 158 76 88 240 153 23 48 74 165 194 205 231 102 247 213 76 207 75 73 30 217 162 106 
218 105 116 245 217 225 142 203 247 175 75 31 232 114 91 129 124 78 21 68 235 175 70 232 171 168 59 169 112 167 249 199 175 
119 185 75 220 71 46 241 37 179 136 195 249 64 140 248 241 112 130 184 37 102 248 197 101 247 157 247 24 102 18 165 16 79 
157 124 171 97 66 26 89 243 214 196 236 238 141 148 132 51 188 209 15 69 146 228 139 212 105 92 105 150 58 36 221 120 59 
144 123 31 86 7 211 112 54 79 46 112 91 220 175 195 210 92 101 82 187 12 233 14 9 88 150 117 159 26 240 222 57 43 
67 31 118 193 4 212 37 103 15 204 197 115 188 204 149 37 242 225 40 58 84 205 14 56 90 185 194 205 110 143 6 115 84 
148 141 203 234 105 234 101 177 143 164 63 188 221 20 131 24 146 236 222 239 108 31 28 221 62 11 19 112 190 51 86 131 22 
48 109 161 97 21 132 139 217 44 9 155 235 198 88 199 44 224 62 127 124 225 234 90 242 116 12 78 36 124 23 205 200 125 
6 60 157 172 227 74 17 234 125 65 51 54 98 167 95 149 44 229 152 236 185 138 157 103 129 135 34 211 144 15 65 174 157 
13 6 41 143 143 26 83 69 172 44 215 201 49 132 115 65 136 65 116 16 58 208 49 128 238 201 1 56 163 208 135 228 108 
127 144 113 1 74 127 189 25 181 36 12 38 25 116 118 107 246 243 192 105 113 114 161 108 207 237 168 58 247 5 24 153 200 
1 190 53 16 197 62 83 52 12 68 22 50 92 35 82 133 170 216 54 133 155 62 138 123 160 24 149 67 230 106 130 173 19 
223 168 91 83 32 74 82 149 146 57 146 38 102 120 30 28 178 170 77 214 158 244 46 47 16 16 71 236 90 91 214 159 166 
134 13 33 191 125 165 92 222 128 202 225 216 234 247 13 36 203 187 4 57 48 203 240 166 73 161 233 202 29 13 89 244 113 
220 27 68 89 101 40 71 136 98 156 191 55 2 62 43 135 224 96 57 131 227 176 62 96 185 242 207 119 5 5 212 136 153 
248 222 62 7 206 117 17 175 133 33 120 140 73 216 36 105 98 23 106 56 178 191 126 29 10 182 42 187 62 92 211 203 29 
173 210 239 103 75 85 242 198 122 180 212 67 179 242 40 174 171 89 133 77 179 34 219 107 96 227 85 93 192 247 166 122 203 
79 73 63 196 8 141 211 107 167 238 32 224 206 160 151 23 67 187 163 128 75 77 154 178 182 83 141 23 87 74 231 198 112 
193 112 46 12 27 129 181 57 97 65 240 217 172 210 237 59 110 179 12 49 120 217 197 180 130 146 43 116 36 71 56 129 153 
5 140 54 49 68 69 100 61 189 53 193 83 198 36 115 23 103 30 99 77 111 187 75 52 82 126 175 130 146 79 1 81 183 
17 155 74 65 223 130 90 43 17 67 114 4 53 140 82 172 151 50 49 62 17 78 76 129 164 0 238 131 76 36 245 164 156 
22 219 124 83 176 82 217 156 136 189 82 22 82 82 172 205 156 149 141 121 114 28 173 4 77 112 183 113 168 63 6 114 59 
146 218 31 12 75 186 239 180 127 46 107 21 16 98 107 245 175 27 198 129 2 146 206 55 166 31 60 129 202 59 204 32 230 
