74
131 180 238 78 68 113 71 50 17 156 17 89 108 137 97 78 235 187 179 30 146 230 138 59 205 112 19 107 216 213 114 239 153 89 49 1 97 39 242 72 105 215 218 153 241 43 242 137 137 211 238 18 58 190 200 185 44 77 82 140 29 40 41 167 71 233 28 196 219 207 191 205 201 41 
19 155 42 81 213 118 59 90 159 234 16 205 23 75 69 245 114 176 186 224 151 37 167 173 85 15 63 180 20 203 155 90 85 40 62 28 96 20 2 183 74 19 246 245 224 30 53 223 53 37 41 212 74 151 55 39 155 6 60 109 33 76 135 234 98 3 132 136 142 44 154 109 119 157 
237 26 150 24 179 81 209 10 40 171 199 112 151 140 241 25 45 22 84 19 40 109 131 211 0 27 152 89 174 250 129 246 27 193 23 1 46 250 146 44 70 89 219 52 94 238 230 84 164 206 217 118 101 138 80 190 81 1 132 49 196 211 100 30 17 218 103 54 236 151 185 214 98 44 
205 139 88 103 98 28 34 169 124 201 91 61 135 68 95 20 143 132 177 64 228 155 237 54 201 83 156 176 203 0 102 54 76 0 118 192 214 144 40 219 8 125 114 100 90 186 194 39 201 224 238 218 112 200 66 202 62 168 26 150 221 0 33 6 85 105 238 247 156 106 100 22 137 204 
65 240 22 139 56 195 223 132 99 69 56 71 16 15 189 114 118 17 87 168 190 175 93 36 191 179 108 210 2 172 142 53 136 0 198 205 148 129 59 152 1 7 218 123 146 36 79 127 117 151 22 162 198 83 140 133 164 6 144 130 91 249 176 240 212 106 58 42 19 182 49 179 83 44 
7 160 56 145 33 56 109 2 25 1 218 159 78 215 165 244 101 102 245 52 124 189 174 13 113 125 150 156 236 248 45 20 61 245 83 45 240 186 213 28 28 163 116 183 185 40 50 81 175 80 224 37 159 131 84 150 200 140 34 7 49 221 67 67 94 105 8 97 31 16 120 101 17 108 
116 151 244 144 83 48 238 181 174 204 21 92 183 149 170 38 131 151 1 225 3 7 168 113 133 1 213 54 113 26 49 98 87 16 221 192 159 249 15 131 166 232 50 232 217 153 179 191 237 250 120 72 204 77 125 118 225 201 16 53 166 2 167 33 81 227 97 14 216 54 220 121 39 12 
125 169 81 182 64 206 94 216 143 101 168 108 173 184 103 29 245 56 9 60 103 233 149 156 182 84 206 112 239 14 49 113 69 51 151 143 176 191 5 60 126 23 129 38 58 40 65 121 61 15 27 114 228 22 204 205 236 78 228 241 93 223 204 231 236 218 29 224 173 164 5 184 63 128 
34 163 171 97 22 86 6 132 47 53 39 56 24 105 50 29 211 73 128 110 197 200 133 227 228 125 119 106 82 28 200 93 217 181 144 26 219 183 186 3 170 1 56 209 83 153 62 83 59 240 213 151 142 130 44 46 109 194 152 135 120 188 68 48 106 207 211 47 139 125 71 47 248 142 
128 18 93 60 202 146 151 6 34 69 32 134 135 211 93 19 165 4 33 248 109 226 104 83 249 64 0 47 205 53 48 27 166 240 31 224 143 133 0 22 209 212 196 108 93 221 91 124 59 0 85 88 76 165 166 206 143 205 184 124 102 98 226 215 98 169 22 240 97 26 148 245 247 9 
90 223 57 237 106 33 170 119 229 154 206 233 202 247 201 207 101 100 205 215 110 155 73 70 246 202 21 196 116 127 19 240 64 54 201 213 102 169 128 115 48 223 29 127 25 212 6 45 118 42 12 148 195 64 79 195 93 164 127 60 227 227 197 6 131 147 214 163 161 184 150 212 131 71 
96 47 5 168 147 8 128 59 186 202 80 91 184 74 217 99 125 212 43 154 62 182 56 110 187 243 246 248 53 101 11 208 127 105 207 185 169 177 123 230 89 44 69 39 217 122 1 202 214 73 142 235 136 122 100 110 24 122 180 93 245 200 181 142 93 78 49 174 15 166 13 68 203 239 
128 20 171 184 227 56 53 223 150 129 103 36 0 7 246 56 62 201 249 54 42 77 116 16 95 18 46 115 4 10 103 12 171 173 53 75 201 80 137 31 19 207 239 161 111 229 6 101 108 68 73 237 103 23 93 51 129 156 39 38 145 129 65 119 132 204 64 180 47 71 109 15 162 187 
38 125 56 91 244 86 1 194 179 1 139 53 204 190 195 238 50 31 85 211 151 14 68 148 150 57 143 101 117 35 194 69 155 30 72 48 158 138 191 206 52 37 96 239 174 74 63 168 149 182 45 89 51 133 245 202 94 181 61 68 47 215 112 120 195 172 59 19 114 90 53 92 67 100 
40 1 143 235 156 249 179 227 81 100 125 111 228 246 27 3 25 54 211 114 161 78 215 200 3 0 210 119 144 82 181 85 141 15 74 113 88 25 161 128 25 1 195 185 90 203 218 243 185 6 25 53 159 212 93 145 104 124 67 41 191 173 47 178 17 108 9 163 46 36 108 250 16 4 
154 47 183 153 198 65 20 138 211 52 92 171 137 123 57 156 200 228 23 39 232 135 85 12 53 167 29 64 104 16 237 50 145 56 83 36 60 166 67 23 154 32 177 178 174 48 73 36 102 62 97 80 60 38 3 177 116 0 61 180 51 238 179 228 100 156 145 44 119 38 53 98 94 43 
92 59 194 210 148 45 102 127 234 213 133 165 111 181 201 22 144 228 181 182 246 127 212 244 191 183 142 218 91 105 165 86 134 237 183 165 30 222 174 129 240 224 39 44 134 63 2 83 64 51 209 174 247 242 219 144 234 39 96 198 218 4 31 24 158 133 104 93 154 47 119 13 120 89 
4 160 189 224 213 201 65 16 107 91 42 60 3 225 58 11 2 148 47 150 189 34 160 90 81 142 21 101 23 204 214 220 196 157 169 115 111 8 247 171 241 6 67 15 157 118 154 37 208 114 236 61 137 166 110 48 212 47 62 108 169 6 182 149 0 162 239 238 176 104 8 171 149 119 
147 176 172 122 102 103 155 225 195 73 117 203 49 20 143 65 13 212 110 209 127 60 19 138 46 40 190 173 239 205 4 37 50 28 194 156 195 32 208 24 159 221 207 122 44 234 36 126 130 169 118 207 140 68 4 137 189 92 57 7 176 165 226 2 145 53 2 122 63 150 175 176 86 66 
111 193 68 17 233 4 119 190 110 189 172 113 68 206 32 58 239 92 45 231 247 58 2 240 106 124 69 27 49 0 141 204 109 202 165 142 130 149 173 181 145 231 234 63 192 12 99 53 95 74 231 104 34 91 241 9 188 160 192 147 200 157 187 166 216 55 64 133 194 76 236 1 138 205 
224 24 232 124 64 135 120 47 28 25 239 54 200 40 173 61 157 73 242 143 222 134 76 89 149 167 143 103 130 207 207 237 137 158 70 190 233 193 221 94 39 9 93 233 186 228 174 157 137 98 79 135 145 231 214 195 13 27 169 43 236 250 230 208 193 238 62 46 20 140 129 2 59 70 
235 117 50 217 214 219 248 84 83 204 73 53 157 118 97 223 125 91 222 49 94 203 120 173 242 110 72 88 176 57 10 106 0 234 166 30 167 96 27 88 147 141 211 225 30 134 68 51 88 80 121 58 24 122 120 180 27 26 49 223 169 29 165 81 101 84 53 223 147 247 34 57 102 142 
112 236 223 129 224 218 59 181 83 75 145 103 25 123 109 212 183 247 85 112 238 71 49 26 65 244 229 142 156 215 249 130 218 240 219 44 107 212 1 244 55 89 128 183 23 235 143 123 234 218 125 84 54 248 242 74 182 125 58 37 198 54 165 158 249 149 244 9 231 6 65 174 224 26 
65 190 216 22 215 48 14 232 35 108 159 74 36 151 147 161 94 8 105 34 55 92 33 58 119 92 67 176 30 248 96 1 178 38 130 185 184 27 73 43 247 134 164 231 141 53 182 68 106 48 103 121 5 193 175 165 100 168 99 199 210 239 177 189 146 189 202 218 155 109 121 134 39 25 
250 212 82 69 102 51 191 161 215 232 48 169 217 29 231 136 226 176 105 55 84 175 49 118 112 75 213 205 182 24 56 61 23 224 135 11 247 5 241 17 147 132 246 173 36 17 90 159 2 188 134 0 93 236 212 13 64 183 179 174 37 247 72 244 182 197 189 215 106 57 5 60 41 135 
131 96 21 113 79 177 158 63 213 187 190 105 187 204 123 212 37 2 136 171 53 122 93 163 28 10 198 222 150 53 189 20 1 8 178 7 142 208 4 129 73 205 90 60 20 125 89 91 120 10 128 142 148 104 213 67 130 148 22 121 107 244 161 81 65 248 1 152 188 176 149 76 3 78 
12 193 159 39 14 32 95 157 219 125 122 5 167 130 65 120 126 127 191 211 52 88 145 244 236 225 124 67 66 21 47 103 40 73 225 89 229 87 9 100 84 62 51 239 63 78 203 40 127 120 129 9 104 206 165 238 199 56 69 182 136 55 207 166 15 37 146 225 114 12 184 57 164 245 
101 13 162 202 149 228 124 51 140 54 111 162 250 56 101 190 151 21 50 1 187 164 152 177 60 197 231 14 102 19 75 164 48 245 21 67 213 244 221 105 215 92 75 236 213 228 9 196 186 120 206 125 49 148 223 177 231 48 61 170 80 130 111 205 33 248 240 133 65 209 223 18 38 135 
36 120 146 174 204 3 6 37 71 154 214 75 170 212 247 17 21 130 102 158 56 41 232 222 86 147 4 216 248 220 210 95 226 224 56 142 59 21 188 190 53 38 115 91 223 195 228 201 134 184 141 82 199 191 7 35 180 239 78 148 3 134 57 131 7 51 218 153 139 105 96 229 96 125 
17 159 225 237 135 232 163 50 85 42 14 40 212 140 51 213 59 11 99 16 121 52 63 184 21 184 1 176 48 89 64 36 27 196 37 39 228 97 237 58 87 79 219 97 147 108 149 111 137 178 188 104 227 143 94 121 201 101 104 166 146 108 175 204 50 203 81 243 138 86 74 1 93 85 
53 1 102 31 192 18 216 238 168 51 106 49 11 91 65 125 245 169 55 119 82 152 207 106 48 181 21 41 153 25 62 137 233 86 72 73 168 149 54 72 126 113 133 139 2 76 112 165 187 84 247 55 168 177 154 18 84 55 169 8 24 177 88 193 122 94 131 239 209 35 120 186 139 38 
176 201 19 151 44 41 44 89 210 174 9 117 41 177 146 211 113 243 23 236 128 8 127 248 188 35 153 158 184 134 105 210 15 46 215 149 245 100 192 98 65 142 208 101 102 145 69 30 159 18 26 30 183 181 104 201 55 59 111 36 124 157 239 93 124 173 29 168 58 93 103 187 233 78 
53 81 88 5 136 182 33 110 203 75 101 99 97 146 184 161 226 106 195 116 85 54 182 196 213 153 34 111 52 217 218 101 34 231 207 30 227 54 110 114 123 46 174 235 99 132 166 152 63 61 4 235 110 87 183 161 166 126 111 174 186 198 52 38 165 70 140 197 246 135 65 148 41 33 
172 151 150 25 54 120 14 23 11 191 191 173 226 58 96 31 108 25 222 89 143 192 197 96 69 1 106 137 173 121 7 4 132 222 223 137 26 4 132 5 147 3 146 228 193 182 247 230 70 170 41 19 245 93 43 212 236 38 32 147 180 126 47 110 227 228 4 221 13 34 123 93 22 172 
128 120 190 33 163 203 134 184 104 138 92 103 11 11 31 177 178 199 39 7 28 111 191 212 165 237 141 22 204 235 11 197 83 14 141 168 95 119 210 189 88 54 248 70 127 232 216 173 238 226 247 241 231 214 73 177 17 43 81 8 61 83 151 204 14 108 46 164 126 214 43 94 5 116 
168 136 94 44 60 223 92 173 88 142 201 119 137 223 226 87 92 243 55 170 242 4 74 101 216 146 136 53 139 34 28 206 65 178 80 68 151 39 78 240 47 146 167 59 222 146 123 57 140 175 218 185 7 66 33 233 35 41 38 200 240 115 53 67 239 45 15 187 80 205 70 32 29 4 
174 200 172 213 238 125 86 176 10 32 166 126 174 95 42 141 51 136 7 84 122 153 5 132 69 100 82 147 197 239 105 222 169 114 94 65 214 94 142 17 7 112 37 35 96 198 225 240 217 9 219 90 72 56 128 74 162 231 218 35 156 7 237 32 170 91 157 205 4 59 55 193 46 195 
202 127 148 163 38 158 27 8 77 134 190 200 114 134 174 54 68 157 197 233 34 27 129 195 212 72 95 173 212 47 94 168 132 31 43 74 16 50 232 196 219 15 214 191 76 41 89 134 144 94 165 154 75 141 154 132 10 24 23 129 158 173 223 94 148 97 153 189 113 180 185 220 17 5 
193 151 71 66 150 93 236 103 31 163 20 42 113 195 245 23 102 185 140 28 205 82 0 207 116 193 83 119 213 98 15 100 172 227 74 180 92 6 76 232 245 195 213 121 122 144 26 91 9 69 179 121 189 39 107 164 16 246 62 192 83 111 41 26 65 206 85 173 21 128 204 100 250 204 
55 206 105 186 147 201 144 33 138 132 24 15 135 116 106 104 117 128 59 96 135 4 34 90 100 170 174 218 24 47 88 7 216 122 58 247 64 26 211 242 34 69 141 61 79 40 75 175 88 177 168 201 12 71 196 97 103 245 219 77 175 179 104 131 75 130 175 181 82 144 215 188 79 48 
156 249 163 92 91 159 189 146 8 23 232 197 67 169 142 100 151 195 170 41 223 238 165 81 84 71 180 150 114 23 19 43 107 9 67 154 250 20 121 66 18 175 95 55 24 59 0 132 66 47 209 61 50 138 179 57 187 141 200 11 12 14 143 92 26 248 105 34 40 175 166 62 167 156 
73 153 237 16 178 9 113 192 183 131 187 101 91 13 13 178 138 153 11 88 134 245 39 220 196 122 169 231 233 100 137 78 20 145 152 112 136 17 238 111 22 187 30 186 76 72 230 156 105 80 7 43 175 195 204 23 143 116 192 240 249 158 233 193 146 214 100 158 245 181 210 53 80 116 
157 202 46 137 114 111 110 174 163 137 49 213 201 222 82 238 33 97 209 86 131 20 214 57 20 13 50 214 204 135 135 248 224 50 249 73 36 135 165 99 235 33 190 15 49 114 125 71 21 145 34 128 66 220 158 197 210 0 107 54 172 200 64 44 248 139 79 199 114 83 166 232 215 55 
172 17 188 132 15 148 30 244 115 117 182 68 81 6 48 47 34 20 141 201 172 124 10 194 0 15 81 241 188 168 30 245 156 192 5 135 221 157 219 147 155 182 166 244 60 180 156 238 232 219 187 196 157 159 180 203 230 70 114 162 242 53 41 4 78 149 134 47 235 175 174 86 131 9 
22 212 65 98 96 242 133 189 107 19 158 207 93 232 111 199 171 99 179 33 244 0 19 238 1 96 171 48 145 117 159 92 16 239 92 216 56 158 62 168 150 234 148 194 78 82 216 186 51 49 56 78 42 46 92 179 80 229 221 165 50 160 7 28 125 114 65 157 93 33 69 195 122 130 
248 147 135 155 75 102 228 211 185 5 62 216 162 12 111 90 67 213 146 201 170 139 10 38 134 82 184 162 191 14 15 82 127 4 31 237 219 96 118 45 201 66 138 201 6 180 233 104 147 237 98 206 53 155 183 91 2 26 11 153 222 242 58 107 70 79 212 94 230 227 190 192 161 75 
175 36 95 74 230 53 196 44 179 87 217 148 30 83 148 195 16 100 86 2 32 46 102 96 24 99 189 245 117 225 54 43 48 214 173 5 186 92 57 211 108 141 167 4 239 133 81 238 99 74 177 212 155 156 137 209 84 27 128 107 189 84 119 87 65 131 224 8 38 57 34 90 244 59 
16 192 85 108 200 4 3 143 200 203 25 85 103 169 164 192 170 71 212 133 167 180 195 245 93 227 45 89 195 153 101 233 11 84 147 230 234 149 161 175 92 224 195 27 102 9 175 102 59 184 52 122 173 218 137 182 235 182 76 201 47 204 173 239 248 242 140 196 226 143 199 192 105 121 
164 129 23 200 235 31 226 90 119 243 4 111 24 1 33 107 115 54 216 63 70 193 103 21 158 212 205 167 189 75 22 92 126 62 10 177 83 30 84 197 219 117 210 146 25 18 152 193 212 194 214 6 147 22 3 3 147 158 57 233 198 218 11 57 239 84 208 49 102 178 246 197 10 53 
15 34 218 65 37 88 245 221 67 17 86 32 224 13 99 160 77 51 215 137 65 148 113 0 120 195 156 231 79 199 51 33 69 34 169 129 137 42 160 244 108 160 16 3 229 94 22 64 156 224 85 204 244 205 174 182 40 168 166 159 177 79 175 21 7 203 3 196 21 96 11 171 145 104 
95 249 89 130 90 14 25 0 127 33 127 86 165 214 103 6 229 227 209 238 58 190 100 37 66 112 185 81 205 147 66 76 10 131 156 201 76 64 21 92 158 236 161 72 53 41 203 185 91 132 83 170 121 145 34 189 219 61 131 173 47 214 24 220 150 206 71 137 195 157 142 107 110 77 
24 250 161 173 45 60 45 36 162 98 227 47 75 103 113 85 191 225 197 229 165 142 5 166 171 241 48 25 122 156 234 169 147 88 151 24 30 149 82 20 179 146 220 14 207 158 125 43 222 219 74 152 178 196 132 148 168 212 222 204 230 90 94 68 11 246 220 208 184 27 69 183 37 86 
103 83 71 93 32 177 112 19 149 102 38 187 5 81 40 144 185 52 29 212 232 51 26 28 217 20 193 127 247 145 121 222 44 5 147 122 50 109 198 184 10 216 55 172 139 250 60 240 3 8 22 66 95 101 219 152 124 37 139 130 212 158 61 7 60 230 53 33 131 156 187 2 245 34 
225 116 28 127 113 151 214 237 211 3 153 66 208 168 62 216 246 39 81 203 92 49 86 183 235 217 29 5 88 0 62 177 58 156 54 68 113 193 61 1 54 37 239 146 90 135 237 101 210 199 130 89 88 126 28 23 102 205 212 183 139 144 2 48 97 71 139 167 122 51 166 1 198 86 
169 52 250 224 87 119 4 26 48 107 213 128 26 232 61 2 114 178 39 236 124 192 244 195 31 186 184 17 195 83 147 98 33 160 202 175 0 144 60 67 136 242 118 31 139 231 178 200 9 131 119 73 170 134 139 126 158 233 194 72 124 126 202 45 159 114 219 112 248 208 176 218 68 175 
190 229 66 31 226 132 93 140 227 149 119 31 49 77 132 241 130 197 219 101 7 117 3 115 227 145 82 63 22 162 30 35 132 204 6 81 170 22 48 144 66 188 52 103 95 239 138 79 94 243 47 225 248 194 230 138 114 172 5 8 32 211 243 212 203 6 89 119 146 169 233 222 193 116 
185 19 50 127 68 124 239 134 36 173 71 227 250 183 58 98 113 120 42 77 30 175 18 237 108 58 124 136 235 13 203 78 222 109 148 132 5 99 186 121 65 242 228 250 245 184 44 60 241 220 127 95 249 59 78 21 119 142 130 96 192 22 35 55 181 55 197 250 178 160 232 44 76 80 
230 139 143 153 26 20 88 144 223 208 60 143 115 142 203 185 170 46 166 151 71 198 17 23 245 209 184 138 140 60 83 224 191 117 211 40 208 204 63 72 213 47 187 173 228 14 103 10 37 123 149 87 206 181 154 99 228 138 108 242 181 68 100 45 130 35 241 20 60 99 109 68 233 47 
227 133 31 19 181 189 128 31 118 250 123 197 81 148 32 43 236 140 161 106 235 33 209 70 180 152 48 64 237 151 204 248 92 119 69 225 54 102 70 165 12 49 34 219 1 37 137 68 27 71 142 8 206 68 208 117 126 233 250 148 41 215 18 103 65 178 50 250 133 94 172 171 0 224 
196 228 192 155 39 50 174 102 139 226 244 167 115 144 205 70 138 179 83 222 144 161 191 146 79 211 237 26 208 236 228 222 49 219 108 66 102 22 181 90 38 103 209 126 26 56 233 215 93 25 99 242 126 194 237 0 102 193 240 86 25 249 250 14 129 114 2 116 150 240 223 9 230 75 
36 195 46 204 133 11 233 81 145 91 125 164 237 112 147 102 8 163 221 196 246 99 84 183 27 14 88 75 163 193 15 231 218 43 32 175 153 15 220 121 49 22 91 113 108 232 205 103 181 238 250 105 229 115 206 244 16 104 85 204 143 197 111 25 135 210 195 127 117 123 207 242 144 178 
234 240 167 67 61 22 150 44 111 3 95 195 211 147 56 183 93 124 34 9 51 109 241 220 238 130 127 75 221 220 18 232 245 240 166 62 186 65 17 22 154 89 205 78 74 83 175 18 244 163 51 153 112 20 78 206 241 88 42 70 96 39 48 170 183 139 2 234 213 248 154 206 111 232 
202 102 172 70 64 102 103 4 201 11 219 123 130 231 6 177 23 173 217 57 111 101 226 120 93 36 18 94 154 131 10 8 70 102 29 29 57 215 9 231 65 141 217 70 20 60 29 163 124 2 129 133 42 28 110 116 63 5 244 4 115 126 174 125 30 235 223 169 249 153 162 241 65 101 
211 210 226 86 33 13 85 87 192 219 132 102 107 23 227 208 185 144 142 76 1 61 173 249 215 175 209 123 167 58 236 7 21 0 24 211 93 137 10 248 183 21 19 166 34 214 161 179 118 241 241 249 241 156 241 97 9 129 197 39 208 205 119 64 184 72 248 52 66 225 91 65 151 222 
97 211 63 238 102 154 113 102 56 66 142 44 116 122 46 119 171 9 8 215 53 163 2 113 135 119 58 60 219 250 238 134 42 220 184 222 232 160 108 24 160 122 186 136 26 215 33 236 45 230 167 32 201 195 135 77 129 228 42 57 13 143 48 225 205 6 22 4 163 40 114 163 145 42 
172 65 212 152 226 153 106 237 65 36 20 245 176 238 154 225 201 227 72 225 46 200 160 181 29 14 119 245 214 5 16 5 32 41 61 181 197 200 102 100 80 238 14 117 63 25 225 112 142 203 200 92 180 105 129 189 108 44 155 186 25 211 207 20 248 75 2 34 71 77 61 197 66 5 
141 177 195 225 180 186 160 180 92 21 11 84 52 230 4 197 246 117 243 145 238 217 193 104 137 195 238 138 0 148 232 141 94 2 124 16 150 213 204 215 80 75 238 125 31 182 211 56 107 153 238 83 108 106 151 85 169 152 46 181 109 212 139 80 121 236 16 87 79 162 126 66 156 121 
51 55 165 11 210 81 119 31 171 211 218 150 170 104 243 231 41 138 1 185 105 73 9 237 225 181 135 107 99 245 172 204 48 183 47 119 48 8 243 98 193 88 94 175 99 148 227 10 47 3 86 122 219 8 202 130 159 164 10 26 173 186 224 140 248 80 66 52 161 216 220 115 225 219 
83 184 6 225 2 90 211 4 144 244 129 162 157 35 85 60 153 117 245 243 249 199 145 133 4 123 213 158 152 75 4 97 38 74 243 247 177 182 59 191 9 166 65 176 47 126 64 94 159 24 192 236 86 197 127 207 234 43 68 243 158 76 151 36 96 215 38 249 46 84 140 174 122 160 
236 129 81 124 111 73 7 136 47 185 117 231 206 219 140 222 77 176 156 14 113 194 83 48 28 166 44 133 131 229 247 120 197 222 11 51 246 55 10 211 223 109 178 39 133 180 178 115 214 179 46 100 186 175 207 28 114 114 145 197 117 187 124 76 240 74 151 45 172 83 30 82 199 201 
13 11 102 192 150 102 133 236 50 206 240 171 155 156 215 139 209 125 24 235 80 203 68 222 0 188 111 212 169 90 110 135 218 86 140 190 72 132 28 222 35 154 163 13 80 180 195 80 167 41 154 45 175 15 244 12 144 216 151 26 197 108 15 113 179 125 4 135 57 170 188 207 209 15 
42 71 116 136 229 12 32 72 139 110 130 121 141 62 31 65 7 139 59 191 162 68 138 188 32 36 198 34 32 18 53 113 224 184 181 113 128 40 243 115 249 112 241 188 173 246 47 179 171 7 11 239 226 213 17 76 220 103 245 57 30 205 158 177 207 140 215 232 177 174 134 248 218 219 
221 230 7 210 203 63 75 74 79 130 35 114 160 223 82 134 218 114 130 44 147 219 47 217 4 139 105 174 125 2 78 240 183 148 208 213 78 207 30 249 213 173 228 190 25 50 176 87 159 0 244 25 226 204 2 116 38 243 84 182 164 133 91 145 36 24 240 236 148 27 100 184 231 224 
174 118 31 20 100 160 173 86 9 216 29 125 105 76 32 126 245 242 218 190 16 223 112 89 233 181 180 149 34 38 208 7 196 211 72 132 53 111 228 62 217 66 202 95 227 142 38 243 78 87 82 102 2 47 64 194 224 84 144 16 37 78 79 28 116 44 192 132 74 22 80 39 170 182 
