92
197 119 213 109 78 67 61 23 71 137 32 144 78 40 212 126 199 77 128 249 99 115 7 129 205 148 74 11 184 250 210 48 126 78 124 162 118 83 26 88 168 54 119 31 48 115 139 63 28 20 101 249 57 3 65 12 209 21 97 120 90 200 237 53 5 199 191 9 72 198 89 113 160 57 25 122 162 3 151 223 133 62 79 196 64 127 139 192 10 134 198 95 
95 91 3 219 32 87 51 135 176 193 239 59 227 9 87 64 118 156 7 109 100 131 92 84 76 151 115 175 37 32 64 153 98 175 226 97 23 160 146 87 219 173 152 47 4 237 178 84 77 212 178 169 6 165 177 14 163 217 235 94 88 89 213 21 141 172 119 164 231 67 201 217 224 170 102 186 18 30 137 74 163 250 9 211 48 45 197 242 126 203 17 156 
111 107 176 142 124 19 200 208 156 169 226 185 104 54 51 64 48 40 170 195 6 141 6 29 212 118 139 215 151 70 232 110 216 65 103 123 189 53 127 166 13 183 174 43 153 13 107 85 51 59 20 227 140 197 68 237 89 143 250 128 96 172 101 170 69 19 144 16 214 138 70 14 184 250 0 166 223 122 13 209 83 214 54 228 128 147 16 0 40 248 237 41 
88 210 174 126 59 218 99 66 79 61 128 6 221 53 179 61 224 58 82 175 229 185 73 159 117 201 215 7 154 239 224 168 24 1 91 186 44 132 104 186 237 86 131 211 27 180 15 7 243 210 34 25 93 245 1 5 7 36 138 231 174 177 54 22 179 184 105 183 104 180 248 6 178 147 13 108 215 163 75 172 57 219 100 14 233 190 72 70 132 186 122 38 
247 24 119 221 198 37 215 61 202 158 192 10 19 126 20 230 140 2 142 156 63 22 240 63 227 179 200 3 157 109 31 66 176 97 220 12 168 102 67 176 244 32 231 189 197 20 162 228 200 30 82 147 184 107 174 200 119 202 99 138 212 191 203 66 79 213 98 47 112 2 175 54 95 131 111 101 214 244 193 35 216 6 237 245 136 118 73 70 0 158 13 212 
121 229 59 48 14 76 176 126 74 122 220 180 6 210 0 222 194 224 58 12 81 77 185 239 182 135 247 7 42 123 209 80 213 146 64 150 32 227 141 25 10 123 211 220 15 179 108 14 225 35 188 149 173 243 130 74 151 30 13 70 178 97 82 84 132 196 113 225 31 70 229 9 56 187 10 84 240 247 236 216 153 183 43 220 47 198 174 70 17 248 68 243 
23 2 157 203 246 86 25 93 85 209 39 103 212 240 45 8 24 170 229 133 208 22 101 62 163 37 199 64 205 100 210 4 129 228 149 64 186 217 31 100 221 189 29 1 197 152 215 175 89 70 60 175 130 172 70 147 80 2 171 12 224 147 17 163 145 224 9 89 214 31 199 84 93 232 196 242 137 176 79 94 179 70 184 148 240 144 10 166 125 227 178 125 
198 90 27 70 18 69 212 229 148 231 35 89 244 40 9 221 215 29 26 246 132 43 167 97 85 132 233 75 71 4 204 175 173 250 129 149 104 56 82 87 7 113 0 60 143 145 87 149 214 189 117 95 197 54 244 166 130 77 117 57 128 155 173 22 202 37 20 4 154 124 40 67 168 100 80 201 40 153 209 77 64 175 84 135 67 209 90 183 48 168 109 236 
250 156 250 138 134 94 24 2 207 109 202 116 143 234 107 62 28 165 179 147 54 212 199 106 210 33 200 93 220 12 126 132 175 104 157 78 208 198 26 144 185 143 236 72 56 47 241 235 144 159 134 65 218 181 26 159 203 194 138 144 98 199 9 45 20 116 113 143 85 186 150 192 227 143 134 9 241 242 113 10 73 197 228 36 169 51 201 223 87 73 202 13 
101 182 117 0 158 144 71 30 24 147 232 69 139 225 72 97 179 134 128 155 91 4 180 56 16 180 103 167 213 217 138 74 146 141 97 20 135 124 212 129 129 31 1 217 179 43 244 59 154 220 33 89 134 63 239 184 103 166 11 98 63 34 88 75 246 64 35 168 82 20 10 25 163 146 129 9 204 243 197 50 177 105 155 222 183 241 227 104 196 203 100 154 
141 117 68 114 195 142 84 196 90 166 170 76 70 194 208 12 228 216 49 229 102 50 47 184 145 56 22 8 75 4 50 9 239 19 81 7 6 112 92 44 187 57 167 236 187 87 130 128 136 218 153 175 228 200 9 99 175 225 219 223 14 17 34 113 78 18 105 154 58 58 105 232 167 52 151 156 12 54 206 100 56 243 34 220 247 8 206 102 49 105 120 78 
90 188 30 68 107 190 95 95 221 97 160 53 249 241 108 163 15 188 145 73 102 211 222 250 189 200 22 120 7 203 167 151 3 65 87 138 178 233 176 98 8 111 134 48 181 48 100 64 200 231 5 27 31 76 167 173 234 43 87 16 177 115 1 92 221 232 202 5 135 230 199 128 13 56 81 159 109 60 1 3 54 120 71 53 26 79 79 99 107 111 215 73 
224 109 216 125 106 228 13 10 70 85 164 161 64 232 25 152 0 147 127 105 10 210 115 75 122 189 185 149 206 138 199 177 54 116 18 73 224 132 146 19 156 221 121 169 98 7 231 61 162 43 124 201 196 239 31 200 185 149 53 142 37 47 158 109 132 127 203 108 126 246 55 5 105 80 148 164 126 146 128 80 206 45 26 156 64 107 15 43 50 208 13 126 
111 215 191 231 183 64 120 248 226 88 204 232 21 196 64 110 87 41 120 209 94 213 48 78 147 227 46 93 68 14 98 128 237 6 26 247 131 109 33 154 102 138 55 188 195 111 146 139 146 55 234 183 186 107 216 207 137 14 207 29 197 240 190 122 74 163 23 33 122 12 39 119 119 157 48 100 62 179 118 107 11 35 248 137 0 227 218 150 37 7 166 120 
185 87 121 23 132 160 223 38 237 41 11 8 30 211 71 79 110 142 46 206 248 84 242 22 9 192 26 21 136 246 90 83 102 158 196 10 89 158 51 67 29 184 87 238 220 136 193 156 95 204 242 232 76 239 225 240 142 78 120 202 78 39 28 212 99 234 135 76 192 96 22 46 140 74 158 198 91 50 241 250 77 172 178 193 110 67 209 200 83 227 39 2 
220 185 26 143 150 236 6 53 116 193 111 152 106 219 227 13 192 11 72 115 163 215 36 66 43 240 197 61 233 60 169 99 213 80 141 224 238 133 1 82 73 16 147 29 57 193 241 159 194 156 219 213 13 229 141 83 27 119 58 207 211 140 74 250 63 169 128 31 208 136 157 221 40 120 40 165 11 44 137 142 192 215 130 60 169 25 70 227 229 165 64 19 
13 137 192 166 128 14 142 232 139 132 117 206 102 57 30 82 105 180 130 124 8 59 114 187 107 4 193 156 174 6 139 100 164 118 3 30 169 117 120 47 205 220 18 108 135 137 197 164 195 118 162 226 89 213 51 127 16 105 74 11 89 101 200 25 235 247 37 168 160 23 33 108 106 9 101 158 5 183 124 87 92 7 217 17 195 170 41 241 120 95 92 35 
27 242 185 230 109 127 215 242 51 182 86 160 144 239 16 57 185 242 156 180 159 104 173 52 218 127 107 133 109 90 214 49 127 220 44 169 157 103 31 168 183 119 133 57 75 201 135 28 102 139 162 211 101 247 80 68 142 20 133 59 176 45 157 108 81 169 57 3 112 193 241 125 177 51 25 210 157 246 207 57 152 250 219 213 22 210 69 99 249 71 241 38 
23 192 207 181 167 131 191 44 239 50 102 90 168 42 211 124 150 249 147 191 188 233 221 209 194 20 71 181 149 2 173 99 140 229 113 36 240 27 238 198 137 125 6 96 233 207 231 8 109 102 24 66 148 79 192 174 32 49 87 96 2 187 227 160 188 207 21 96 226 118 218 222 33 27 51 62 160 87 98 227 193 47 124 3 5 6 222 190 168 64 25 60 
71 250 126 171 183 178 125 62 49 210 108 207 122 3 57 97 206 89 225 195 228 94 229 134 73 166 226 25 147 189 152 111 132 173 221 198 29 126 99 142 177 108 6 104 52 135 75 108 167 66 204 135 48 190 233 121 163 16 205 211 176 15 218 88 21 206 2 26 203 185 124 118 214 167 27 116 250 112 247 98 105 55 78 132 140 172 71 48 60 214 22 49 
149 190 62 228 120 214 226 233 24 14 29 134 44 120 214 80 35 91 73 64 209 214 147 20 22 105 121 248 155 147 19 229 154 170 89 221 79 198 69 23 7 118 49 200 192 239 93 166 24 215 15 171 75 182 231 207 177 167 167 119 25 84 221 131 45 213 9 36 138 173 145 115 147 27 33 68 215 88 23 89 208 112 248 134 12 162 217 146 204 82 145 224 
219 34 240 182 205 220 219 67 84 18 116 29 42 83 238 57 50 220 86 29 105 225 41 209 85 30 73 109 191 227 39 129 129 248 56 108 205 149 54 100 227 25 54 167 49 130 94 185 245 236 128 217 69 196 214 10 31 114 140 19 78 135 105 202 213 32 166 194 0 156 105 65 182 15 210 120 51 47 74 198 42 4 233 20 100 180 31 70 79 30 202 30 
110 194 105 125 243 44 28 98 145 220 183 152 36 27 226 177 118 238 188 146 83 220 74 202 158 199 222 55 126 85 206 21 233 120 73 195 118 134 230 7 38 184 17 171 109 213 132 218 219 4 246 232 24 50 109 84 185 163 64 38 93 210 247 204 213 228 115 30 83 18 218 86 158 35 226 168 84 231 218 45 59 182 208 175 94 64 179 203 49 180 122 225 
4 128 181 122 132 6 232 117 57 123 59 53 232 168 108 38 68 23 157 210 25 246 9 137 204 183 207 97 158 54 245 26 93 81 190 116 147 134 130 189 37 145 210 225 200 130 209 148 174 26 181 133 119 125 241 77 13 182 227 173 185 22 227 88 139 232 144 208 121 244 52 50 57 92 70 85 69 181 15 229 33 78 52 25 138 215 242 89 118 217 53 214 
142 101 171 131 57 192 114 32 59 109 153 7 183 198 64 5 138 247 103 214 10 156 63 184 246 85 51 12 186 104 234 170 52 226 228 199 77 245 135 63 129 174 172 14 120 185 116 21 145 132 173 158 2 150 129 34 57 92 215 126 7 156 191 247 247 56 211 207 75 205 68 55 205 243 227 179 181 3 123 70 46 85 157 234 33 230 189 123 249 203 130 161 
42 134 194 16 211 101 121 151 194 134 215 58 155 83 69 237 29 85 163 196 69 69 236 117 144 118 52 35 204 73 182 50 133 32 102 34 241 119 97 2 209 100 123 145 54 181 220 136 236 72 2 76 199 83 153 96 246 110 130 102 50 101 183 29 65 231 84 17 202 204 144 61 113 222 25 166 191 194 209 150 158 163 123 106 243 169 181 96 188 76 69 210 
95 44 85 243 90 97 16 101 123 217 224 154 104 79 12 147 222 47 80 113 91 112 121 155 207 123 196 136 84 192 221 31 35 32 24 62 66 82 147 41 64 69 16 36 199 6 132 239 149 39 205 162 70 34 158 92 238 95 98 218 0 0 23 192 32 31 135 81 138 142 207 29 173 73 74 183 102 157 193 165 159 173 180 232 147 144 187 213 160 66 110 249 
8 199 80 45 78 51 67 156 46 179 87 191 200 224 48 194 186 200 11 239 42 67 165 9 232 203 241 14 238 86 31 147 5 145 171 23 243 120 16 109 191 186 39 170 212 0 6 34 82 163 215 189 114 54 107 245 247 158 235 66 214 231 13 36 108 133 129 232 227 127 87 122 47 45 172 218 42 154 161 27 39 207 138 111 141 98 196 82 49 198 116 73 
27 202 88 39 11 155 232 187 56 199 191 156 127 235 190 149 175 104 71 141 12 88 120 37 249 10 66 116 221 231 108 15 213 130 205 236 147 190 91 158 199 112 235 170 238 250 195 46 148 123 25 145 49 188 142 144 214 18 72 70 142 244 240 233 144 90 249 44 209 142 84 67 53 6 233 18 184 130 199 147 99 205 122 127 87 198 96 59 130 222 91 165 
248 65 32 27 195 62 51 137 232 47 31 107 206 201 100 182 89 100 100 47 124 55 192 68 118 147 93 91 168 110 12 202 18 196 96 231 147 196 205 1 232 44 50 184 217 1 242 240 54 163 47 68 83 103 25 138 137 15 250 41 207 78 59 248 246 143 92 81 60 221 69 196 160 198 0 30 174 28 82 99 200 17 110 169 186 2 239 5 24 50 42 117 
89 127 212 114 132 79 188 213 153 73 114 120 89 199 203 239 177 43 20 196 127 8 72 163 156 199 226 151 140 206 240 96 57 37 245 229 95 150 92 126 69 76 11 219 122 52 56 13 90 24 20 14 77 5 48 217 34 176 227 98 187 145 172 42 115 128 166 27 54 210 249 223 165 199 19 24 20 53 103 97 2 237 145 163 167 224 24 242 232 94 18 216 
240 48 227 76 160 226 175 10 236 245 228 236 157 145 17 36 43 62 58 235 82 205 179 52 154 187 54 31 53 145 208 102 113 92 73 63 94 184 44 226 185 169 151 180 233 119 99 203 214 166 48 95 178 234 203 217 176 248 53 249 148 65 104 176 250 74 84 196 103 143 33 117 193 199 134 40 28 8 50 231 56 190 151 55 124 114 69 32 185 138 169 33 
135 106 144 32 80 183 53 142 27 219 39 150 3 123 94 220 24 74 187 186 134 232 110 132 66 217 30 235 227 148 91 34 236 233 197 173 128 87 166 97 245 211 74 136 228 10 149 184 44 105 209 243 100 16 215 99 120 192 77 174 21 12 130 133 234 164 185 55 240 62 120 237 193 60 172 137 107 119 134 1 219 85 144 47 23 101 80 158 107 128 36 73 
218 194 189 218 9 44 44 6 232 228 34 229 76 215 121 114 199 29 37 74 216 217 204 74 158 191 156 86 204 232 137 70 213 70 79 141 30 27 136 118 160 100 152 57 74 224 226 10 47 10 7 218 35 93 185 89 219 82 185 178 84 88 62 19 169 27 179 31 118 11 22 68 30 67 70 204 166 190 154 81 199 7 104 168 78 181 8 15 221 165 90 77 
63 114 165 250 166 88 228 248 174 188 56 190 154 116 65 59 56 176 174 103 182 18 130 27 42 11 140 85 224 195 87 180 188 148 123 144 232 166 241 61 51 186 37 128 184 148 17 30 248 120 175 30 248 226 12 11 151 141 131 124 20 229 85 170 5 89 225 30 125 205 8 148 203 45 167 225 236 102 242 149 165 100 143 141 57 212 145 60 173 195 209 171 
111 26 134 149 132 126 16 57 161 228 13 62 55 75 22 244 39 142 197 112 216 204 203 139 15 98 103 77 243 170 4 212 105 75 120 154 141 200 81 170 94 33 106 215 170 248 106 25 139 7 186 150 200 72 185 87 150 195 77 129 109 160 231 8 80 182 172 33 237 62 242 70 26 93 18 46 127 131 100 58 87 102 12 182 194 16 4 201 151 186 210 125 
139 184 194 101 123 249 226 158 92 60 232 78 51 248 220 226 172 240 47 95 8 236 131 89 63 241 81 4 78 32 23 175 198 116 6 176 87 188 145 246 106 120 175 97 151 184 232 235 191 95 190 57 112 223 33 101 70 132 13 1 245 9 76 249 84 178 201 132 94 127 107 103 32 204 78 137 40 190 135 109 225 48 233 48 225 115 63 17 136 181 66 69 
189 2 102 203 118 231 94 88 158 14 62 226 145 58 161 34 24 32 203 216 116 157 154 53 148 156 75 28 51 158 209 144 171 213 108 208 122 43 164 124 219 101 166 172 57 114 124 1 198 94 17 66 83 200 76 107 196 143 245 190 3 49 209 10 223 232 144 28 166 217 200 140 58 74 85 2 130 122 93 138 58 78 65 100 20 209 104 109 7 119 43 111 
119 222 44 30 70 19 122 180 128 228 245 173 213 157 30 180 212 34 20 27 38 214 116 136 63 250 18 39 120 56 189 1 3 189 1 135 19 226 3 20 175 70 214 174 151 249 27 10 224 8 32 219 153 133 68 28 100 52 162 212 134 179 220 191 169 83 18 26 7 31 107 92 192 156 235 243 42 69 236 94 135 79 176 122 43 222 139 50 50 195 192 130 
221 236 28 201 74 174 59 127 225 29 5 14 3 164 228 148 162 107 237 44 134 36 108 233 61 24 105 208 231 153 52 75 228 198 138 2 39 153 59 212 197 225 126 167 147 130 192 188 99 248 90 195 237 8 172 202 181 227 245 113 68 150 48 50 67 170 235 167 55 201 206 144 204 13 122 214 32 123 131 39 7 242 172 112 135 88 189 93 155 168 189 228 
73 7 117 83 34 225 149 157 22 233 64 48 15 15 39 26 6 98 238 110 216 82 67 52 144 121 128 83 162 10 185 220 31 20 179 39 164 67 248 240 209 178 50 63 19 40 198 70 233 216 85 5 208 111 129 20 13 148 220 115 170 30 18 36 29 128 162 84 203 176 3 239 136 127 238 46 69 41 203 109 112 40 172 108 198 101 145 247 154 188 163 99 
97 108 45 163 58 51 165 18 144 5 38 59 112 9 103 158 76 36 128 200 236 16 145 145 149 199 207 118 23 118 244 12 124 11 99 82 189 180 35 26 5 75 193 44 234 76 118 96 14 45 178 112 55 223 66 109 114 33 142 104 191 58 40 152 66 151 166 101 30 195 168 156 194 136 138 150 98 124 82 26 221 106 155 149 248 240 17 73 215 21 34 26 
225 131 77 114 61 137 248 225 243 136 127 165 148 73 143 97 46 205 223 128 72 43 15 134 89 70 174 129 185 211 156 120 25 162 217 181 77 119 148 33 45 149 9 220 33 69 25 197 220 223 158 47 80 35 218 142 166 219 203 220 107 141 55 156 84 62 20 48 214 144 13 167 194 249 10 244 55 77 55 105 101 66 235 2 168 33 139 101 123 71 56 63 
175 195 240 216 74 16 95 239 76 223 211 76 189 159 186 46 223 164 34 249 214 26 107 242 211 143 103 238 59 182 95 248 57 153 103 57 18 63 16 195 209 119 32 233 161 224 24 198 46 212 213 167 148 82 189 179 79 203 140 178 113 159 100 76 222 207 48 190 30 236 7 151 1 197 135 36 25 230 84 152 216 147 43 216 88 210 139 164 105 106 189 145 
201 122 28 158 248 70 183 84 27 33 173 17 48 143 84 42 115 120 148 192 246 6 244 104 126 172 145 188 215 147 159 189 5 78 56 110 31 145 100 37 56 8 37 143 58 11 238 89 197 132 109 249 213 95 145 124 89 135 34 87 217 142 242 111 168 160 126 219 32 219 95 119 197 96 161 207 140 68 19 227 47 222 43 29 22 176 72 151 235 122 2 115 
189 87 243 12 117 237 112 2 177 247 23 137 182 77 53 52 183 131 210 179 127 224 133 4 79 4 212 248 35 243 13 124 198 181 25 138 138 1 0 52 198 3 138 15 102 80 84 242 121 87 170 40 13 112 84 21 131 48 205 182 207 26 64 57 121 4 245 237 23 5 18 105 202 212 209 61 87 235 206 222 162 230 214 185 32 180 115 160 105 208 44 139 
247 60 167 32 208 149 189 151 144 7 244 85 39 222 35 155 198 83 80 151 55 219 146 10 204 199 48 209 119 195 159 157 12 92 155 114 116 5 196 117 199 63 236 151 242 73 59 120 203 121 243 56 97 54 12 36 75 123 239 144 189 231 166 126 200 115 50 72 11 12 233 96 179 105 212 94 234 73 95 88 63 85 151 159 33 186 65 19 152 174 2 132 
84 230 118 148 23 230 119 220 207 20 29 241 73 24 95 151 126 242 137 21 212 70 93 248 61 164 200 146 89 20 94 191 65 111 126 95 216 239 185 248 128 25 135 35 183 150 63 13 222 111 127 200 218 108 194 104 233 240 87 128 226 69 0 75 110 117 137 178 106 107 191 216 240 179 73 60 44 150 245 183 67 194 47 249 143 119 38 20 180 127 178 209 
224 249 49 96 7 28 96 49 228 67 114 212 110 202 213 5 222 54 127 19 64 161 201 147 92 87 16 95 51 106 95 50 219 127 216 171 29 86 245 21 86 122 91 138 153 155 103 94 13 148 173 155 243 227 61 147 249 8 168 26 2 191 162 91 151 156 206 6 109 238 220 78 166 245 17 176 213 36 244 188 186 118 19 219 241 52 31 93 144 34 135 94 
207 225 217 0 134 156 181 4 80 190 149 77 96 8 175 162 162 66 17 180 71 108 249 245 90 106 126 37 132 38 136 250 214 19 88 113 30 6 181 156 69 194 187 225 198 91 224 169 106 198 118 232 181 59 158 44 174 54 0 61 144 70 224 54 107 186 137 13 37 214 124 98 23 52 189 237 122 197 210 4 33 48 102 167 110 18 20 88 22 30 81 178 
132 85 210 46 52 151 122 78 173 200 123 155 133 127 220 196 231 173 225 192 89 152 247 27 57 145 191 77 50 139 182 172 138 99 73 68 208 226 76 232 202 97 68 149 53 11 228 147 103 89 59 42 202 51 246 35 178 137 137 140 145 46 23 195 56 166 226 209 235 129 231 61 42 224 89 139 243 129 228 98 107 246 243 155 76 145 67 172 198 29 208 42 
48 29 110 225 154 141 141 102 122 209 22 139 21 122 209 89 246 79 153 45 27 42 7 154 143 77 119 197 143 61 3 18 169 190 0 51 15 145 79 239 158 153 214 110 8 56 86 224 185 175 157 136 212 133 149 113 35 60 5 243 32 56 31 21 230 233 132 161 101 57 152 168 77 249 122 164 218 214 162 33 57 109 235 192 59 73 216 193 48 205 149 110 
1 157 246 44 0 100 70 123 134 229 67 167 167 38 200 147 84 60 107 167 138 42 223 245 63 224 154 76 86 128 2 136 204 109 33 93 227 165 173 234 12 13 167 83 52 189 214 229 153 169 205 230 230 143 126 140 97 107 44 7 41 163 110 182 163 19 174 28 137 200 21 209 128 178 110 219 228 189 241 9 225 245 54 19 208 144 156 54 96 231 250 184 
59 190 226 100 40 74 13 98 28 146 97 130 176 4 198 115 29 94 145 139 213 84 152 100 146 227 65 154 50 203 149 250 63 10 139 60 175 95 207 17 183 202 176 183 204 140 65 50 18 150 136 173 225 98 104 172 34 34 209 45 96 245 217 11 245 167 144 142 159 114 188 46 158 110 87 61 102 39 37 117 32 112 212 216 106 38 42 242 53 16 163 179 
96 118 172 216 157 58 130 244 250 139 44 85 44 208 73 250 142 76 56 99 26 219 107 244 220 205 157 193 115 177 11 187 144 4 41 121 143 2 87 198 1 93 91 173 56 22 216 171 202 71 97 149 44 77 132 108 52 32 40 194 236 205 239 64 193 214 46 57 122 75 132 199 225 60 43 44 94 132 132 221 136 115 103 203 5 17 231 102 192 219 48 39 
36 224 43 110 106 2 127 212 30 15 220 204 104 194 225 187 129 75 160 65 181 12 144 122 139 3 209 133 152 201 120 192 98 118 114 28 201 244 42 21 199 27 206 18 135 186 154 144 206 75 151 106 70 29 135 236 40 16 63 51 55 43 56 2 146 171 31 67 2 33 149 103 122 179 233 29 82 202 184 84 206 94 246 34 3 21 128 87 153 9 11 92 
174 97 19 22 18 114 123 171 181 24 243 34 181 144 208 92 201 188 7 233 66 127 1 19 192 105 206 156 57 12 166 141 94 168 70 80 19 21 89 6 47 208 207 81 129 155 124 1 130 137 3 49 8 15 199 95 30 228 246 75 187 68 154 117 45 75 25 221 92 7 77 72 167 164 15 162 112 137 26 225 76 247 117 67 241 140 179 190 89 244 239 106 
197 210 241 39 159 77 2 101 81 49 246 128 228 175 240 10 55 248 86 211 47 167 28 176 45 129 215 205 51 20 75 49 219 38 164 28 233 76 100 169 188 158 43 106 57 97 160 154 214 19 2 176 172 89 111 110 120 27 48 59 52 43 242 92 123 70 218 250 12 198 11 168 124 108 55 19 43 97 76 42 120 168 79 150 12 76 132 108 195 98 114 207 
221 65 108 6 190 106 110 207 201 31 131 44 81 91 128 149 41 106 91 64 234 91 6 143 18 121 83 138 125 209 145 121 57 16 165 113 9 8 250 208 98 169 145 215 181 151 89 242 197 215 195 223 96 119 161 35 25 195 97 190 61 231 76 240 86 19 130 245 118 38 242 175 157 30 31 208 172 78 6 189 181 150 133 118 198 182 99 173 25 106 165 207 
120 36 155 4 178 107 244 16 15 184 181 29 176 103 227 186 12 196 44 118 126 83 55 7 11 228 249 130 29 125 13 182 1 59 86 234 109 215 12 91 53 3 71 135 240 239 187 32 64 154 72 140 31 67 7 226 183 40 163 93 201 12 78 147 212 214 250 178 227 45 85 118 6 145 224 216 39 142 133 233 187 93 214 96 236 108 137 12 95 246 12 209 
239 136 49 240 41 248 170 190 177 220 134 149 182 185 121 118 182 152 116 63 245 33 145 18 6 120 182 149 83 24 229 187 43 100 248 25 173 246 103 50 47 121 97 73 116 174 144 103 50 139 108 207 13 5 17 54 70 246 197 75 192 67 70 52 214 159 76 12 128 114 119 46 193 86 243 171 148 239 146 112 55 13 125 90 26 179 184 213 158 232 151 159 
219 215 183 164 131 197 107 139 103 125 40 236 108 68 211 60 212 150 10 78 105 4 182 238 144 31 172 127 207 23 149 76 194 150 205 197 224 242 151 154 209 105 19 205 66 182 204 35 118 245 189 225 207 181 50 84 176 217 74 228 64 203 202 228 53 132 83 194 199 40 178 165 155 246 134 118 166 193 157 84 191 168 225 136 207 49 46 111 89 228 218 203 
78 200 77 64 101 78 97 39 84 97 180 105 167 127 128 120 180 93 81 131 2 57 223 175 71 36 91 48 200 42 49 10 31 10 178 248 111 157 225 176 238 226 7 63 168 210 126 79 188 145 168 4 21 184 148 250 132 51 8 236 131 126 46 80 92 80 230 213 230 237 66 137 88 214 39 147 148 78 80 33 95 172 168 153 59 175 129 18 156 221 172 124 
26 135 68 148 55 144 46 13 160 234 49 162 180 187 221 162 250 56 142 235 119 173 195 213 108 131 243 158 228 219 109 142 105 99 121 222 170 20 7 143 52 169 71 212 162 246 47 213 173 22 109 189 233 113 100 56 97 233 116 19 203 144 204 163 156 19 59 197 54 30 154 56 202 134 57 245 69 118 162 39 10 232 37 119 48 220 230 156 185 135 82 169 
203 5 143 129 123 52 35 229 23 218 180 18 181 92 67 156 92 12 45 62 44 231 230 81 211 196 139 170 143 241 205 126 172 153 132 93 194 30 165 244 210 119 120 63 81 8 247 228 47 159 156 149 108 83 46 162 164 230 101 225 153 120 245 58 158 162 138 231 177 30 6 87 226 196 171 156 241 169 50 168 212 99 192 0 229 14 160 141 227 65 167 49 
134 247 193 179 139 236 115 139 193 12 12 42 66 52 194 159 150 206 53 124 101 31 150 220 135 175 147 249 188 76 60 232 150 192 70 61 226 164 74 155 166 37 187 164 209 195 40 123 126 70 22 82 90 246 72 3 24 26 194 20 208 196 24 5 1 217 1 21 115 42 55 3 16 16 232 141 91 11 36 247 70 25 50 9 145 158 48 121 223 21 67 131 
67 130 187 13 148 219 98 131 46 71 223 34 191 156 210 106 140 187 28 168 104 11 74 2 82 179 6 126 173 25 218 226 183 106 228 196 31 47 144 87 186 90 194 95 200 0 165 119 180 88 21 3 119 15 117 234 184 100 30 142 87 143 174 64 216 17 41 65 19 174 130 152 241 204 170 77 173 214 97 204 35 244 65 214 53 231 3 225 123 73 54 51 
235 236 33 185 250 226 29 149 133 224 223 219 116 60 57 117 116 178 13 47 64 171 105 70 120 19 15 98 126 187 225 187 92 121 146 106 28 249 39 151 242 245 185 4 124 184 76 109 79 95 33 143 160 146 67 196 80 39 40 169 60 128 201 111 17 242 4 169 79 144 138 104 144 244 178 113 94 124 245 169 131 197 80 192 76 73 44 201 56 246 234 67 
61 131 243 210 167 2 221 79 197 110 148 104 72 133 100 157 3 143 101 204 16 240 151 22 27 104 244 107 224 131 48 87 162 120 42 105 181 40 185 38 197 112 15 201 231 47 73 195 167 248 108 174 67 248 78 174 167 44 21 4 110 66 238 66 239 144 20 160 136 112 212 78 96 43 100 220 182 108 26 43 34 143 233 245 38 170 120 214 185 85 19 175 
20 80 234 84 197 241 51 247 243 143 203 100 130 184 163 237 168 137 198 74 155 90 202 59 130 32 247 162 108 110 2 166 225 209 8 152 246 237 195 109 223 220 21 184 2 9 180 159 107 232 39 241 15 112 72 38 39 51 182 143 28 16 108 71 155 99 33 174 187 7 178 177 186 165 178 110 202 124 117 66 131 57 182 146 153 34 8 71 114 75 64 223 
213 208 81 176 103 241 126 12 73 59 7 91 63 241 22 140 71 221 215 127 250 159 164 242 45 169 165 181 243 192 28 121 74 218 93 202 211 25 40 132 115 197 49 24 132 15 35 30 209 184 143 186 160 6 6 138 148 51 247 87 185 150 94 229 52 169 187 202 113 24 73 121 46 217 87 1 43 233 175 180 158 230 19 93 37 6 28 172 192 167 194 105 
246 209 15 136 178 107 127 48 164 143 91 204 192 16 49 65 246 80 132 0 222 192 140 84 193 250 11 245 38 38 211 128 174 71 119 92 225 102 16 194 116 38 87 80 120 247 148 194 182 23 229 59 68 168 197 200 144 35 165 153 227 148 146 174 247 140 17 155 222 102 43 184 110 176 120 55 72 171 109 102 250 20 185 143 35 172 225 238 36 57 166 196 
235 196 206 179 216 200 22 109 217 80 194 25 159 182 157 144 6 77 76 243 220 145 191 124 86 42 125 92 15 43 44 132 198 87 196 158 233 64 99 244 30 226 153 0 145 242 166 241 180 9 246 155 161 242 203 79 39 246 240 64 234 106 34 109 26 76 71 102 232 201 123 9 227 214 62 27 46 32 205 211 232 159 26 213 92 100 222 30 168 12 54 65 
106 8 190 216 39 207 12 35 107 22 238 121 126 6 216 123 148 174 149 143 210 215 120 57 94 225 79 81 26 206 32 22 186 138 104 96 235 173 234 76 161 250 93 102 145 29 209 91 235 153 230 242 93 40 38 175 71 227 113 41 39 241 161 161 157 61 3 105 88 159 196 148 168 184 45 245 223 221 34 173 80 98 148 189 231 9 38 4 49 75 45 231 
71 226 71 198 68 216 197 78 28 6 117 249 167 219 58 80 108 140 86 248 205 139 125 115 84 115 219 208 246 76 144 30 127 92 7 112 180 209 220 139 4 41 181 147 85 6 42 36 79 246 42 182 249 246 178 92 210 9 59 61 145 46 111 200 229 88 62 28 187 146 159 173 106 189 218 128 88 232 228 243 70 15 153 219 173 164 167 21 25 186 113 142 
70 195 49 47 103 133 204 14 171 137 70 38 212 80 106 188 4 157 212 18 177 2 168 61 96 7 181 80 82 78 86 238 108 167 121 219 180 12 229 150 12 44 104 239 151 2 120 153 164 135 97 57 202 97 164 172 68 45 22 241 139 22 217 175 233 227 140 219 54 59 65 204 112 152 239 118 32 131 172 12 115 230 14 135 53 0 129 218 32 59 59 33 
231 87 220 7 98 1 225 143 120 78 155 50 136 120 7 38 127 96 123 52 144 240 120 65 59 34 24 28 157 34 126 221 167 74 131 35 165 214 103 94 39 230 179 214 124 19 210 126 192 203 235 235 98 198 108 166 237 56 192 94 127 171 129 82 196 78 12 49 27 187 159 160 173 159 186 113 11 177 2 17 135 218 6 244 177 60 209 244 24 110 147 49 
21 177 224 93 18 237 216 94 109 168 4 108 116 108 68 3 115 222 221 13 37 57 101 64 56 103 142 194 178 57 84 40 216 177 120 195 98 148 61 33 220 237 61 134 7 160 209 184 107 93 214 101 196 194 115 194 67 236 116 87 131 231 21 29 119 201 203 97 129 0 109 218 29 101 175 95 76 214 190 142 150 89 23 144 243 72 8 101 175 192 1 5 
243 142 76 247 49 56 208 3 138 195 1 90 32 220 70 54 31 91 180 118 124 188 16 241 99 184 235 48 120 140 179 154 13 35 0 2 88 245 160 119 48 91 108 117 88 105 214 134 17 27 37 243 44 75 100 3 37 241 37 100 158 119 176 1 116 2 247 63 57 41 41 157 72 15 17 114 107 94 117 52 71 71 133 232 121 85 104 147 49 11 19 20 
226 6 169 9 241 84 222 220 136 161 211 235 154 20 60 196 201 25 36 200 49 56 49 15 61 199 174 172 48 167 5 196 129 170 97 166 242 89 188 13 3 39 51 112 61 86 45 230 173 39 191 85 67 59 98 231 42 42 187 224 89 162 14 62 16 5 230 67 162 61 112 217 131 81 90 149 153 72 222 12 162 148 148 13 233 128 62 148 66 53 71 69 
220 80 64 6 59 147 148 52 23 168 181 154 54 48 140 21 231 169 189 218 109 66 169 167 49 140 246 181 168 249 201 165 212 226 226 64 204 220 239 171 40 111 191 118 146 114 213 41 122 147 113 142 185 181 48 90 126 24 78 57 221 78 245 140 42 154 203 167 205 200 148 63 173 38 153 2 115 148 59 24 201 43 197 240 154 88 21 246 149 249 82 154 
146 127 67 204 123 90 222 115 240 220 240 199 146 219 33 96 89 93 147 17 196 71 162 204 66 117 47 21 96 44 33 69 103 210 221 110 88 210 226 173 238 179 216 59 220 138 5 107 80 238 250 214 93 65 149 13 98 161 106 156 241 158 166 170 2 235 192 65 11 45 88 41 22 122 117 184 49 45 165 12 104 175 184 56 206 113 241 66 86 18 185 111 
18 247 142 147 89 232 72 73 103 145 168 213 55 224 216 169 50 134 53 70 201 217 142 45 45 242 12 84 160 114 225 121 59 107 47 161 176 70 0 208 12 5 99 102 159 55 155 157 72 75 14 209 63 239 54 221 215 210 114 46 213 236 82 182 171 219 175 187 164 178 137 91 233 44 164 72 64 35 181 222 13 222 185 23 237 78 161 234 15 170 50 172 
49 92 205 52 115 111 1 230 117 153 164 201 104 140 187 230 22 155 233 165 92 114 240 98 19 133 5 62 75 132 39 235 86 160 109 101 72 44 27 212 140 232 81 128 167 218 2 128 46 33 72 187 57 71 150 206 42 31 154 24 127 214 134 152 110 99 145 220 159 35 88 139 163 234 193 78 5 21 9 120 175 245 71 235 174 191 51 243 39 181 178 200 
62 180 195 100 67 175 208 167 112 68 120 38 142 200 61 38 163 46 33 94 55 105 142 133 32 157 156 109 196 137 116 199 60 8 111 169 183 206 141 127 5 250 110 230 215 165 19 91 111 203 73 205 180 201 137 75 109 12 52 249 69 139 45 49 233 79 62 202 211 86 225 33 222 52 93 21 208 121 215 245 127 178 148 67 20 144 111 206 58 68 68 148 
59 132 125 228 111 29 127 42 127 126 167 85 3 234 22 112 53 177 221 192 197 38 158 173 90 102 1 150 98 21 13 120 194 58 83 82 199 203 116 5 172 33 102 206 118 97 91 144 24 172 128 200 45 152 15 149 179 156 21 153 213 118 242 123 97 206 209 39 38 194 7 226 135 102 55 46 217 248 234 6 172 239 140 211 197 113 32 198 235 133 127 8 
24 26 9 134 214 173 132 116 241 118 248 27 227 210 211 220 108 24 25 101 158 5 9 102 176 78 71 224 60 188 55 9 110 228 234 23 23 151 95 12 92 173 81 223 81 16 99 174 212 168 224 145 97 222 217 167 210 203 55 35 2 157 16 242 21 45 100 7 86 9 16 139 208 63 119 85 203 148 104 239 76 71 178 158 151 144 194 133 72 61 129 95 
3 235 120 129 38 85 3 110 36 60 194 237 226 24 226 98 246 207 177 215 150 48 44 246 245 198 61 247 140 154 225 114 35 36 60 24 9 217 22 229 98 175 144 44 128 40 105 171 184 189 95 22 107 52 243 120 227 177 223 15 237 235 144 65 28 222 142 141 45 206 166 89 235 98 48 227 59 239 46 72 133 241 58 224 177 48 196 237 99 223 246 164 
216 179 193 2 192 230 14 157 10 98 65 235 56 244 157 15 17 239 214 90 160 218 126 32 195 213 103 26 187 135 114 76 147 149 194 161 0 89 147 54 117 186 16 62 246 64 194 44 50 45 53 129 142 201 63 238 159 238 217 30 157 117 236 188 238 55 72 24 238 196 154 158 36 96 38 39 162 87 163 101 15 131 164 195 28 86 202 57 246 98 164 246 
188 122 203 40 43 165 213 78 27 222 91 175 169 197 239 215 133 169 50 116 17 249 17 123 79 92 47 151 11 76 170 9 138 59 138 199 196 16 99 61 84 96 138 111 54 188 93 5 199 128 101 14 240 141 32 114 61 186 41 33 234 204 114 38 7 208 131 32 84 151 227 87 200 76 211 123 87 158 203 229 110 90 62 179 249 30 42 61 24 60 3 239 
233 60 181 131 137 31 7 108 182 90 249 72 82 78 88 2 187 227 201 143 114 193 27 190 69 87 151 115 226 147 166 152 42 153 39 13 74 38 192 222 128 70 154 11 9 41 134 221 94 156 34 68 114 6 136 109 194 137 148 2 220 85 197 109 194 168 142 57 168 77 230 146 160 26 156 229 224 215 102 111 229 30 83 62 204 66 14 128 150 139 208 249 
151 246 140 175 186 46 96 210 40 128 163 50 104 154 42 179 186 246 221 223 217 83 116 106 128 165 173 63 10 222 106 175 32 241 80 78 65 162 87 72 59 133 211 112 107 222 103 18 114 218 24 196 208 165 26 229 148 60 179 70 191 58 69 101 40 140 186 34 137 6 41 18 146 83 157 191 135 124 195 87 248 87 121 11 234 0 154 232 93 96 115 213 
