65
72 61 46 205 155 94 79 12 14 153 207 84 95 79 97 9 238 222 210 234 120 137 199 165 155 197 120 36 91 3 12 52 23 81 174 11 206 111 58 14 187 206 139 90 194 108 175 2 93 152 178 132 164 240 139 112 64 21 246 64 183 186 146 226 83 
178 220 26 72 66 220 174 108 73 159 77 22 105 239 130 227 36 93 73 173 142 212 79 232 198 248 136 171 113 27 82 53 62 240 180 148 71 141 131 238 238 153 43 200 152 30 101 41 157 18 71 183 162 90 232 8 115 51 2 244 6 88 95 122 146 
224 231 108 201 64 155 217 175 26 240 218 152 165 4 211 167 234 64 175 13 189 80 26 229 231 130 49 68 115 196 27 84 48 159 183 203 230 24 107 147 194 6 142 24 188 169 193 96 69 213 186 212 163 219 195 3 104 54 2 11 243 248 82 223 115 
192 28 16 20 177 190 95 119 100 151 220 96 187 210 194 131 242 2 26 184 32 196 211 159 170 158 153 95 233 207 199 171 241 243 90 178 246 118 67 184 52 226 140 245 217 207 223 60 45 244 167 152 98 145 155 14 188 173 88 239 205 75 160 149 242 
230 8 210 185 209 88 7 134 244 151 47 193 135 21 174 10 58 54 98 185 15 125 165 182 85 241 61 9 218 223 108 146 233 233 221 169 224 132 106 117 35 17 20 34 40 175 51 122 174 12 32 16 117 207 196 187 166 241 32 38 91 95 119 67 163 
89 209 156 125 156 37 29 188 128 226 51 198 181 48 38 45 155 184 183 65 120 116 248 132 89 227 248 44 218 67 159 72 152 157 55 52 72 177 85 213 101 123 130 69 181 40 195 114 46 191 241 240 212 43 41 6 121 181 108 140 246 95 183 209 203 
139 151 176 218 195 163 63 71 83 83 116 193 195 191 90 80 130 74 218 195 30 172 240 55 43 142 235 0 182 28 196 90 194 2 51 222 139 4 67 202 36 215 207 241 12 50 168 226 191 117 175 219 127 141 66 61 145 198 58 154 7 111 49 215 228 
166 191 219 13 153 33 146 91 173 162 208 47 75 201 40 132 92 132 45 98 223 174 141 20 230 42 174 64 77 58 108 124 75 98 196 162 148 7 189 232 190 226 74 160 142 67 186 69 62 46 131 54 83 237 202 148 27 158 238 174 206 152 15 40 143 
230 119 173 185 114 126 166 118 212 54 45 45 189 203 74 188 185 246 41 126 64 126 137 46 75 93 161 73 128 115 243 37 97 68 164 9 56 11 170 203 249 150 2 204 126 224 74 13 116 101 47 163 61 239 173 85 110 153 59 104 77 164 43 132 21 
77 241 109 229 123 237 160 26 18 235 62 114 30 178 47 73 174 156 199 181 147 189 75 37 54 115 73 118 77 169 245 8 132 43 89 148 117 18 11 68 206 145 48 109 178 145 36 155 7 125 116 161 2 175 149 229 115 87 152 129 99 99 221 206 2 
241 200 27 174 167 177 30 244 73 205 199 133 144 101 20 72 161 123 226 109 2 142 137 196 101 171 191 92 96 86 166 233 101 76 161 213 73 55 161 78 130 100 16 133 143 95 101 171 61 66 80 166 78 109 78 84 217 237 77 129 192 31 90 237 83 
69 22 159 55 133 62 218 4 65 46 89 12 250 61 16 162 109 165 207 80 121 120 171 219 48 85 220 122 190 155 231 177 23 92 188 60 241 121 111 176 0 207 120 55 61 122 28 175 15 237 106 8 203 60 195 127 207 46 29 73 60 5 217 217 238 
77 15 52 192 90 215 70 215 175 49 112 224 49 194 86 71 128 35 205 5 240 85 127 226 116 100 203 118 213 234 18 231 148 116 44 161 185 147 68 244 152 0 242 191 99 216 93 112 192 39 225 34 178 26 243 244 160 26 226 33 206 178 181 76 60 
214 193 178 87 6 148 180 27 156 99 50 225 144 185 176 227 205 134 135 163 37 100 206 158 38 69 122 83 68 59 81 230 248 240 179 58 213 121 200 152 110 223 52 203 20 27 189 0 43 122 218 153 74 189 8 64 159 181 25 229 31 235 188 245 236 
99 131 52 201 172 6 94 48 40 100 225 189 72 211 79 44 48 103 238 71 87 87 168 215 52 11 87 6 167 229 179 109 113 16 11 100 105 240 124 124 16 54 131 210 128 139 37 58 149 144 133 51 11 21 1 241 100 28 144 98 100 151 12 168 172 
236 37 170 239 52 100 247 177 81 193 114 240 116 206 79 242 33 139 145 196 160 79 80 124 21 141 67 209 207 238 183 155 9 160 221 190 226 153 219 123 112 88 23 171 105 84 28 49 150 219 126 152 189 247 142 156 180 179 83 68 26 76 66 126 35 
161 145 3 197 127 168 49 49 17 19 211 0 231 212 250 81 2 81 62 170 250 245 20 96 237 160 203 231 117 200 121 73 115 75 193 47 231 18 148 199 195 210 214 106 21 238 135 221 33 32 228 153 65 238 128 123 140 159 22 248 226 88 167 7 162 
72 43 47 204 238 224 153 52 174 89 186 95 177 27 81 94 73 158 190 17 234 54 154 143 216 224 58 92 99 232 8 231 112 54 209 1 124 235 145 238 224 26 125 1 41 60 57 47 174 82 1 141 43 3 56 128 190 96 222 225 68 64 190 42 198 
136 165 94 15 83 192 13 56 126 62 3 156 102 90 246 121 106 102 44 122 98 22 139 131 68 158 106 30 137 40 153 214 218 96 186 37 63 30 75 230 7 233 1 186 38 249 225 21 148 47 3 13 10 62 23 19 148 128 141 134 17 187 5 233 186 
154 169 241 95 208 234 223 86 97 196 5 197 178 18 166 211 150 6 170 61 29 9 107 149 73 76 67 163 205 16 163 56 9 93 18 184 19 220 226 222 220 20 155 164 70 130 74 224 210 245 248 142 154 116 17 188 107 36 148 211 129 34 214 163 127 
193 7 88 202 151 116 176 119 113 120 118 193 91 0 59 24 144 210 140 212 198 67 175 157 124 182 130 230 109 70 103 26 51 5 240 242 146 89 172 43 236 218 174 143 74 52 161 44 154 114 154 3 189 16 245 193 61 106 152 149 18 250 66 84 208 
110 137 96 216 21 77 111 119 53 31 132 181 8 110 222 106 152 195 168 75 132 248 116 168 215 163 43 53 238 225 3 189 156 115 114 87 98 19 208 140 154 66 169 121 221 158 52 168 245 52 150 168 113 12 35 65 121 113 180 9 194 195 10 208 153 
109 86 229 250 146 198 83 185 153 91 243 49 129 238 202 142 152 183 219 115 233 137 127 59 139 195 54 54 235 29 154 39 78 47 117 111 41 215 177 209 201 188 100 52 24 6 71 113 94 250 126 187 222 124 4 77 208 96 25 60 189 1 82 28 84 
118 96 237 148 174 204 28 22 64 174 237 126 2 130 185 39 225 76 129 127 131 216 200 193 238 137 199 20 128 124 170 112 230 19 196 35 81 222 195 85 225 167 11 98 250 128 109 87 41 240 176 145 64 67 129 235 187 189 61 2 62 2 10 141 51 
193 238 45 232 125 34 148 157 246 125 44 164 61 45 93 37 228 242 173 156 233 18 71 166 142 75 102 84 111 26 82 71 202 84 127 169 123 20 90 228 168 22 243 148 248 249 110 18 56 21 76 4 241 164 226 75 228 41 24 74 138 92 37 221 43 
129 183 72 105 15 233 205 152 110 25 43 169 250 186 41 109 233 146 173 242 64 25 128 21 44 143 152 246 185 62 171 53 242 39 23 237 143 152 222 162 143 154 154 229 231 218 104 200 244 224 244 11 234 111 79 221 38 84 235 126 24 247 2 234 230 
180 176 131 175 223 44 55 52 11 218 151 171 244 185 51 167 46 6 137 101 155 172 86 241 200 132 130 118 133 12 145 141 79 139 166 20 144 145 179 227 21 229 240 153 201 23 42 167 24 108 116 235 11 229 198 5 93 132 223 90 22 211 144 81 185 
217 109 59 228 105 233 58 160 181 38 92 11 93 139 133 194 197 55 164 112 117 82 241 14 87 171 197 152 178 214 244 148 10 51 2 97 162 222 103 182 166 160 122 38 250 2 207 37 206 183 121 95 146 100 189 249 29 215 226 229 114 80 43 29 67 
126 83 54 33 229 187 172 191 219 21 176 45 62 249 246 176 94 105 89 220 111 4 120 173 62 167 152 225 7 211 100 31 197 213 165 142 216 248 237 177 200 232 182 226 113 192 75 248 101 130 130 90 209 82 158 241 106 103 127 243 56 5 86 44 111 
93 109 79 36 238 227 84 162 53 1 122 2 39 44 176 87 65 92 209 29 189 221 50 208 35 204 37 156 240 158 57 149 190 202 237 6 82 53 87 10 144 70 25 243 192 232 146 119 30 162 137 52 12 66 22 87 231 178 76 225 174 250 114 29 103 
181 132 64 20 93 24 43 193 87 86 73 102 111 124 200 117 233 96 225 212 215 195 111 36 96 224 121 243 181 94 111 233 240 247 52 18 23 120 27 181 243 136 218 100 181 45 182 142 62 145 236 114 46 92 34 228 154 0 226 198 6 107 234 100 98 
163 96 206 209 84 4 70 67 126 218 142 179 106 152 191 123 179 86 24 14 42 71 221 141 5 87 110 29 111 141 76 196 108 83 46 75 152 245 208 96 65 231 17 54 147 119 139 185 145 173 162 145 26 8 176 24 221 70 94 12 221 0 249 201 248 
132 244 59 25 124 188 235 36 96 171 149 130 245 222 239 87 165 28 154 135 219 41 246 202 13 123 115 242 225 169 129 81 18 217 163 93 10 127 24 65 242 71 27 115 241 97 214 51 105 198 60 86 99 95 34 126 64 2 225 166 89 144 84 150 178 
216 8 37 46 161 65 237 15 7 76 116 42 6 8 211 119 16 224 40 37 100 74 39 188 230 70 73 103 206 223 93 79 75 80 34 126 55 17 113 51 40 217 173 80 207 116 215 147 180 30 45 152 197 123 12 53 86 158 117 143 97 235 94 128 183 
220 154 250 57 236 154 38 96 18 20 66 59 51 226 225 15 190 23 97 31 22 243 193 170 134 143 57 57 223 172 119 74 234 70 30 231 7 202 97 124 165 104 59 102 73 199 50 74 98 188 19 160 164 77 182 39 210 238 202 188 15 63 109 103 240 
197 234 233 220 40 201 20 2 207 197 57 73 136 168 36 35 142 108 95 153 228 206 218 34 153 71 119 188 90 107 64 149 164 154 104 46 96 2 232 100 166 98 61 157 210 126 24 26 216 52 87 146 122 103 118 169 13 92 41 234 36 141 214 108 98 
4 221 183 89 238 75 100 1 163 200 30 61 47 209 90 171 54 55 1 236 104 76 147 3 165 202 100 72 29 123 31 70 35 1 123 56 87 247 101 105 88 193 209 11 102 244 25 67 87 250 47 129 30 33 221 237 222 184 17 79 120 59 161 64 161 
29 118 162 239 159 162 226 197 141 5 71 201 3 116 24 16 211 217 168 28 55 88 111 174 200 20 126 0 164 173 156 213 167 134 234 168 126 152 33 200 181 73 200 22 16 96 134 77 175 177 15 47 220 214 79 99 169 146 2 41 11 180 1 181 44 
31 144 124 198 130 72 38 69 73 95 123 127 198 3 116 232 187 246 53 218 201 2 10 169 155 157 166 212 45 242 224 41 231 242 124 203 207 124 246 21 44 62 65 147 114 167 103 206 36 231 209 203 240 192 114 150 225 207 126 13 40 129 132 130 63 
207 146 77 214 116 115 81 72 165 208 140 192 67 83 161 245 187 220 189 19 221 8 161 84 219 163 139 213 181 227 51 20 80 50 63 107 161 105 74 46 245 129 58 96 177 202 73 134 187 18 181 140 100 101 74 188 97 238 176 139 138 123 49 61 177 
73 245 241 118 182 195 200 88 155 42 105 77 44 178 61 34 213 238 165 108 212 51 207 65 18 174 63 127 109 116 32 212 1 240 95 161 0 13 48 55 242 9 63 210 77 185 223 139 192 14 42 77 32 75 18 81 249 71 52 104 185 34 204 185 37 
170 138 52 100 136 222 45 154 21 192 131 191 197 90 245 162 207 117 55 190 81 151 114 173 54 66 71 100 250 164 93 189 81 115 233 165 249 152 242 226 231 188 98 146 236 227 210 151 199 79 240 26 0 180 134 151 228 73 10 36 128 109 61 94 177 
218 56 147 221 204 32 219 165 194 218 187 152 18 23 152 34 137 203 214 225 12 225 244 173 65 185 142 68 201 207 171 54 179 58 69 52 196 100 25 232 190 237 9 16 77 239 108 248 97 0 215 124 194 45 59 150 27 13 41 70 125 20 233 102 173 
155 152 47 20 115 142 242 83 67 249 125 95 32 90 226 118 149 231 25 249 135 61 220 70 124 97 170 194 231 32 148 249 237 126 108 81 84 49 94 42 162 196 199 55 19 7 83 118 12 136 239 16 104 40 25 64 187 177 249 51 206 115 191 137 4 
212 176 226 75 5 212 178 244 30 74 75 19 199 68 191 91 184 153 17 30 52 114 150 77 106 90 34 186 85 10 3 128 32 226 242 98 40 82 49 79 65 108 166 9 129 219 211 22 120 63 207 64 2 103 7 138 244 90 190 17 225 208 97 67 204 
212 233 58 213 96 160 72 193 85 48 192 27 213 234 143 21 94 17 91 54 196 166 26 86 170 30 106 84 115 203 2 132 202 215 139 19 7 16 181 228 186 192 14 82 93 122 9 186 177 46 185 146 249 106 3 8 63 48 146 88 133 243 134 235 176 
245 188 106 180 112 78 169 47 78 44 87 70 114 20 162 84 171 121 86 48 232 109 107 144 29 151 71 43 46 142 74 240 120 194 46 202 181 181 29 233 120 45 33 80 173 237 92 96 242 179 223 168 35 109 173 35 247 245 147 232 170 240 175 220 237 
147 237 46 20 32 17 215 152 22 150 217 208 28 56 180 23 128 126 90 27 59 217 225 47 58 175 207 168 158 203 74 163 210 208 87 86 175 236 88 40 21 122 103 172 163 201 135 39 181 57 63 42 178 5 33 122 219 32 119 128 123 199 80 61 94 
190 171 71 239 225 178 45 40 242 27 176 126 170 186 80 214 233 217 3 179 46 96 239 17 113 78 24 53 95 235 80 138 177 195 90 68 208 121 11 53 208 72 112 86 85 167 155 172 100 234 131 162 136 80 34 134 207 84 85 15 152 171 211 56 114 
46 187 213 136 199 217 4 90 160 19 178 171 21 59 214 246 48 218 135 55 5 119 143 40 159 57 69 203 79 184 42 186 41 68 209 99 210 71 15 170 67 94 18 56 168 239 3 173 106 38 248 224 235 65 218 146 16 233 224 250 248 199 23 182 27 
157 113 123 98 136 226 133 221 159 39 208 59 92 59 155 125 166 6 9 18 114 123 71 41 60 49 121 217 110 4 71 26 152 165 46 227 57 0 2 204 56 73 53 48 186 14 49 11 165 210 250 14 186 32 4 19 122 81 202 13 241 229 111 40 84 
23 237 71 196 136 94 186 188 131 209 14 185 135 37 155 249 223 235 177 178 31 110 195 3 50 190 122 138 153 105 207 202 162 241 129 17 133 16 212 154 114 31 148 245 51 163 149 127 95 202 47 107 185 211 97 212 234 51 159 250 137 233 86 37 160 
233 90 221 31 99 20 191 131 133 0 134 213 240 100 42 19 59 123 236 190 109 211 218 49 31 211 103 239 100 81 141 108 113 104 15 98 81 98 62 245 190 66 224 250 190 155 49 53 101 89 14 100 179 214 30 37 127 55 113 98 247 80 98 3 240 
232 70 10 143 169 209 192 235 118 23 79 58 48 109 45 13 55 114 164 122 100 125 78 7 135 54 25 158 151 24 231 114 202 208 16 108 203 0 43 64 65 164 218 106 162 211 29 159 242 15 18 219 25 103 10 5 206 26 66 32 152 212 144 205 235 
15 177 106 204 123 72 35 223 95 58 204 38 167 174 1 184 112 132 250 131 215 236 9 75 28 159 0 100 214 176 17 132 234 173 178 108 106 136 41 226 184 58 160 221 35 20 76 87 182 128 12 54 107 171 247 194 134 175 180 201 172 156 174 169 187 
144 30 191 181 147 35 173 1 188 232 113 101 182 197 200 25 36 3 15 149 55 132 248 40 85 48 176 196 125 214 114 214 118 50 115 43 66 125 117 161 124 121 161 150 1 208 234 89 178 118 183 39 129 161 162 236 112 227 14 57 199 146 95 158 170 
171 123 247 171 210 195 146 114 112 199 244 77 61 94 123 192 239 52 185 241 195 1 189 110 157 206 126 81 44 139 245 137 98 235 82 244 120 78 5 14 23 32 103 79 28 131 171 60 134 165 224 243 90 148 198 118 98 22 90 60 179 13 210 167 127 
13 215 237 11 115 83 65 190 132 117 69 5 18 84 158 139 135 122 44 116 72 235 108 70 27 63 120 218 179 132 169 213 99 61 84 77 21 117 206 79 188 94 212 162 33 65 231 191 83 39 146 170 159 179 47 246 216 230 226 42 178 218 238 178 228 
138 30 109 38 2 159 89 75 191 94 32 10 217 111 17 22 70 23 11 55 94 192 207 212 6 31 235 248 151 129 109 45 141 211 189 52 49 78 33 78 231 133 224 220 134 140 96 234 37 236 184 211 243 210 167 185 248 180 246 21 125 65 180 195 237 
172 215 133 189 190 185 86 215 138 199 58 85 119 186 234 173 56 63 219 202 206 244 175 14 208 130 217 69 24 47 244 102 213 126 7 161 122 205 122 25 70 24 158 165 80 14 116 72 244 184 9 82 24 7 121 156 227 63 163 21 195 55 74 37 176 
207 149 147 3 3 20 186 244 60 250 71 137 238 85 173 236 217 80 24 216 77 94 133 104 176 90 94 249 130 189 112 0 51 146 23 118 64 179 84 180 168 54 154 167 204 136 243 55 177 211 39 161 0 5 187 221 177 85 5 121 2 118 166 246 95 
7 117 49 205 57 156 94 192 88 115 136 205 126 129 35 53 207 95 197 26 2 0 92 239 185 109 115 1 45 141 165 104 103 207 93 203 26 130 201 43 176 198 24 197 154 41 168 149 149 46 37 40 201 40 39 165 243 178 211 225 12 144 234 180 96 
133 229 247 227 164 58 184 184 48 95 133 148 242 158 239 34 206 66 4 19 55 245 230 114 202 209 183 164 109 1 151 217 193 115 106 182 94 54 19 83 63 73 227 200 205 154 180 203 90 192 214 60 123 163 216 81 185 125 195 113 39 213 242 112 106 
1 190 13 23 163 32 142 19 210 44 241 7 61 160 247 112 164 147 96 73 104 124 68 142 70 64 151 145 67 115 40 149 12 190 82 229 188 11 134 200 125 221 212 50 180 15 216 192 241 67 128 116 125 54 227 165 178 74 175 237 63 79 200 22 200 
12 183 30 11 223 60 120 159 189 132 7 170 12 206 153 26 8 217 207 187 119 249 226 106 226 169 42 58 6 134 208 204 202 239 240 69 215 67 200 90 206 90 206 130 193 151 55 34 245 101 11 43 76 183 103 86 129 198 43 125 34 116 242 107 176 
