63
249 128 2 68 79 126 128 219 247 228 30 39 145 183 182 153 128 22 215 167 67 56 89 143 121 74 16 29 250 194 143 99 190 34 107 153 232 246 139 121 28 228 105 98 194 13 200 87 154 246 120 29 63 141 226 6 24 237 33 60 44 182 131 
203 7 117 239 79 166 211 155 188 101 163 214 60 208 156 187 95 11 208 245 189 152 113 17 238 247 193 235 143 216 173 240 181 112 172 245 114 57 82 14 165 151 165 136 174 243 204 76 201 36 195 190 64 77 122 160 72 58 249 220 213 190 111 
211 222 187 114 177 144 224 86 163 1 52 231 153 175 119 23 240 241 77 14 160 81 87 129 195 169 60 35 140 99 51 46 111 85 116 180 184 178 199 229 77 238 31 35 83 11 233 174 44 9 182 65 122 137 28 177 169 143 102 13 101 41 6 
156 25 110 60 8 201 124 227 150 139 184 235 21 85 23 4 41 112 144 118 240 35 201 0 157 30 53 20 106 59 167 45 215 219 171 87 21 51 39 137 160 148 117 196 84 53 141 16 234 237 144 4 196 30 95 184 188 28 49 223 183 188 57 
105 34 23 49 204 140 86 44 21 26 172 32 208 75 73 209 161 106 117 154 206 43 182 8 111 42 220 59 3 12 86 59 51 84 209 118 189 148 33 10 198 38 236 102 95 105 50 151 127 122 83 121 158 3 0 239 18 101 30 81 46 242 185 
231 241 237 199 196 209 100 249 174 145 112 45 84 46 233 234 188 83 46 112 35 147 207 193 22 83 166 144 44 136 89 189 95 41 61 170 221 84 219 113 230 59 91 137 131 164 15 148 32 95 168 217 19 207 139 42 150 171 112 153 203 159 80 
120 148 166 60 10 175 230 149 66 75 201 42 50 25 157 21 46 184 174 143 197 222 100 225 223 198 11 108 164 235 173 77 224 197 113 84 242 118 208 244 166 106 243 210 141 171 24 14 80 21 83 126 233 189 127 207 5 216 146 224 183 2 233 
220 183 156 212 198 52 95 56 15 191 250 83 135 64 215 30 33 228 181 57 139 102 216 207 42 15 130 49 190 30 50 71 30 242 135 80 182 203 246 81 81 236 246 132 19 209 178 90 41 236 136 161 43 94 27 158 182 3 167 136 46 108 142 
240 93 188 42 219 36 200 51 104 209 199 199 151 104 98 114 206 133 12 210 51 60 247 86 187 231 40 0 91 69 177 147 19 207 171 208 118 155 5 16 205 203 249 46 57 214 48 97 172 157 230 193 90 13 153 217 69 120 39 221 244 218 158 
139 79 231 212 203 127 239 147 126 2 34 143 5 66 189 46 209 140 41 119 163 169 36 156 170 161 241 50 135 141 68 202 11 199 99 178 205 57 207 134 129 170 71 245 53 187 197 168 177 174 221 210 228 158 50 161 248 123 195 113 117 15 204 
65 63 178 195 112 84 191 171 122 107 214 62 169 207 62 29 41 72 191 106 238 198 247 184 20 77 147 215 5 88 8 14 57 127 102 99 231 34 130 118 63 222 235 194 48 84 58 166 105 145 149 86 148 169 176 90 90 205 153 67 6 29 80 
98 136 55 44 80 242 92 69 36 210 138 134 103 166 167 48 239 110 179 202 57 201 184 234 238 79 74 185 44 239 26 132 61 183 49 39 106 112 99 160 191 147 192 125 246 14 229 41 234 166 137 68 97 39 245 70 171 224 72 199 14 89 17 
121 139 57 118 25 200 107 236 145 96 41 143 71 160 5 72 14 26 36 182 249 161 157 233 1 169 206 35 135 236 162 146 9 90 39 199 140 75 116 205 61 194 105 82 187 195 205 190 249 54 75 150 131 62 246 151 32 54 41 222 3 189 35 
74 104 190 71 118 131 81 23 18 129 0 35 100 98 236 138 33 14 82 233 175 95 36 39 90 115 9 20 53 144 149 226 144 195 150 8 145 50 207 236 135 92 223 126 183 153 169 46 155 222 88 235 79 57 33 83 242 163 40 247 84 192 18 
157 243 5 238 214 139 96 185 227 145 206 36 86 52 81 2 47 14 15 153 61 223 167 185 123 146 60 220 209 198 130 220 17 23 103 68 135 159 249 69 159 45 202 134 158 228 151 194 39 90 210 196 131 156 76 197 224 229 71 110 164 174 167 
244 12 147 96 51 60 107 206 92 213 145 140 156 154 81 192 243 180 149 77 196 193 45 37 195 233 0 170 16 203 150 174 71 245 185 146 37 192 181 111 96 223 89 136 235 71 181 137 155 205 223 0 129 198 173 37 108 116 77 157 152 202 172 
220 8 97 173 145 165 61 230 132 111 165 234 182 89 179 155 103 107 230 135 123 166 2 226 103 151 219 23 45 202 51 48 102 82 107 237 138 219 34 38 17 231 13 192 128 142 247 84 113 60 113 55 169 214 140 14 247 12 151 142 100 245 54 
132 171 226 94 185 100 195 217 188 165 156 60 241 173 223 132 227 231 192 164 192 234 224 96 120 124 220 73 75 39 132 97 104 185 50 103 29 129 216 50 199 127 187 146 45 193 81 186 132 217 177 63 228 32 12 189 186 202 35 223 57 123 83 
172 45 185 77 242 242 233 71 219 173 183 96 127 64 181 45 152 53 158 127 57 197 93 150 178 129 42 9 111 141 152 190 250 226 9 0 12 183 120 156 61 250 99 69 230 103 11 126 83 231 225 104 205 143 193 35 37 91 195 228 86 207 215 
182 221 173 193 20 132 201 228 136 57 50 233 244 152 63 31 34 36 157 120 52 223 54 105 148 185 89 168 248 235 85 2 45 99 145 9 165 153 228 216 96 100 80 70 25 182 30 243 51 16 71 58 190 235 211 18 229 201 117 242 8 229 148 
107 37 184 178 58 104 71 65 27 211 226 220 200 109 115 180 20 38 214 172 185 156 100 186 21 202 229 107 214 110 149 15 39 249 38 136 194 211 244 243 9 209 41 25 86 70 59 234 1 137 42 138 127 116 40 39 244 163 82 67 201 184 135 
153 96 78 136 217 7 197 51 208 102 231 122 182 30 144 46 92 138 158 247 14 88 79 128 31 183 220 182 121 133 2 58 204 110 20 143 227 158 148 65 190 153 45 220 76 101 65 137 184 177 202 249 101 103 163 62 104 69 38 88 213 66 89 
93 245 89 238 221 113 50 71 170 73 81 222 151 49 169 71 169 56 228 71 54 222 177 66 31 113 18 177 63 149 125 159 113 200 39 179 154 81 196 109 126 99 91 133 69 46 214 58 224 62 123 39 117 181 218 107 250 152 137 138 196 8 242 
99 236 43 237 93 144 172 211 18 87 78 83 154 182 206 144 3 96 118 156 69 156 102 222 206 161 244 161 78 139 71 131 69 97 57 24 79 50 25 217 81 154 118 114 224 74 151 205 154 139 97 231 240 203 155 7 225 63 141 230 55 170 201 
224 237 224 168 25 196 191 95 229 236 55 97 131 146 158 187 135 75 11 132 199 60 70 115 138 95 83 175 69 8 240 66 81 71 161 185 125 65 243 100 228 230 170 224 189 200 34 128 248 161 237 180 49 198 141 134 242 233 190 40 181 180 63 
28 140 203 196 19 238 51 61 13 53 150 136 208 238 185 245 46 15 90 143 163 70 111 55 41 74 190 117 45 11 79 137 234 193 208 23 175 104 73 101 171 191 104 66 20 128 71 164 48 66 17 186 7 67 21 103 231 159 138 158 27 89 27 
177 240 43 122 153 188 218 25 77 198 3 250 122 33 64 88 218 82 11 217 25 159 50 227 118 149 139 21 126 233 87 64 64 173 81 100 163 62 219 159 37 160 76 102 214 116 197 55 48 99 10 18 181 125 116 157 31 28 222 236 118 28 172 
189 62 105 170 6 153 5 24 57 114 26 203 230 237 105 2 174 37 127 244 39 209 33 67 133 166 56 202 0 138 10 113 242 111 46 242 160 63 33 47 219 239 47 109 123 37 216 223 102 7 221 201 55 36 158 93 18 133 161 110 193 87 129 
158 225 80 153 130 197 242 217 248 130 13 85 236 111 109 130 225 79 69 207 225 218 202 63 58 157 123 65 86 23 90 158 201 225 154 147 167 217 208 20 223 143 128 112 202 30 5 44 212 157 86 207 234 224 45 65 4 155 172 170 111 92 192 
59 68 46 55 217 153 226 51 18 134 244 90 190 36 227 117 80 74 2 81 8 92 12 95 248 130 9 5 227 216 153 33 138 30 63 230 238 135 130 202 66 9 7 47 60 106 124 94 7 43 152 148 247 81 192 140 86 132 239 242 87 209 202 
45 119 231 75 171 155 149 136 247 225 93 18 38 88 227 42 148 34 199 183 215 43 217 92 190 136 120 40 60 189 63 15 212 41 87 93 229 246 195 210 148 148 168 73 18 144 93 157 168 45 42 167 138 140 9 115 224 110 87 230 153 28 114 
96 149 196 184 235 67 164 117 51 136 72 143 21 159 1 92 210 71 108 204 124 250 152 152 59 208 67 183 3 98 29 155 102 220 118 154 36 91 184 41 162 142 223 102 78 97 202 70 137 150 167 69 1 99 222 167 150 10 74 96 5 1 45 
199 109 67 56 8 69 2 146 230 121 104 186 216 2 63 124 89 80 104 250 148 177 49 163 69 200 4 231 152 86 108 203 212 243 173 134 212 227 57 219 103 117 238 78 146 32 159 137 108 53 218 125 153 224 131 216 155 151 106 215 49 203 88 
216 13 175 188 137 217 158 149 28 100 9 116 206 66 155 194 126 223 240 228 143 14 139 122 20 235 147 75 92 12 96 229 62 248 40 155 213 74 133 74 231 250 221 37 194 237 157 120 176 47 194 42 113 125 56 24 240 203 83 95 60 112 138 
11 190 100 57 102 214 172 141 224 223 97 52 198 72 1 161 246 219 124 163 213 104 140 189 30 53 202 103 144 102 92 107 71 186 153 47 37 70 52 1 122 32 189 172 155 200 230 33 224 172 78 248 248 33 240 47 19 163 117 71 87 11 92 
234 237 105 49 199 234 110 154 221 220 51 241 49 78 53 34 138 54 10 61 135 178 159 233 43 37 50 19 43 154 243 171 120 161 88 131 74 50 113 99 130 116 169 70 41 62 49 23 193 61 145 194 145 15 61 26 226 176 85 202 44 235 118 
197 112 9 90 229 51 53 96 186 181 41 58 96 18 62 62 227 12 27 78 120 193 99 164 243 152 213 59 206 141 201 150 165 225 22 63 97 10 211 16 84 237 184 238 32 216 248 156 66 130 84 242 168 64 20 189 40 175 174 170 39 37 42 
121 64 0 106 55 169 150 89 104 212 109 246 41 71 138 115 74 162 33 40 15 72 66 61 75 85 204 137 223 71 89 157 38 91 218 115 76 142 239 187 98 227 95 99 84 195 225 194 99 194 22 137 248 209 151 14 93 25 20 45 77 145 21 
243 241 99 207 249 107 155 115 119 0 250 119 109 61 203 41 17 247 115 196 162 132 226 173 111 34 47 68 139 45 11 141 191 147 56 58 27 214 136 121 42 188 91 99 52 37 1 36 27 127 145 66 248 92 137 240 93 34 19 71 47 25 122 
106 165 62 41 222 218 136 132 244 147 172 228 88 121 95 58 154 209 44 156 74 232 116 189 59 121 22 95 96 43 113 168 183 206 50 70 85 30 91 249 46 125 247 131 14 126 201 240 152 169 196 233 93 136 19 172 229 135 157 22 198 71 82 
131 51 100 220 95 61 122 53 202 135 168 6 232 233 146 73 215 143 48 100 77 193 185 129 57 188 178 15 182 140 177 210 208 155 232 37 229 3 87 62 96 18 228 58 131 167 87 231 176 212 217 163 64 240 113 134 50 175 83 159 193 156 227 
77 31 228 89 137 116 124 155 16 128 194 18 85 35 74 30 238 27 136 181 91 98 158 110 147 134 46 207 232 146 66 12 172 120 50 185 120 238 129 156 187 78 17 115 6 68 204 209 6 97 76 24 101 244 43 92 131 204 147 33 39 223 250 
110 77 15 207 157 152 197 210 1 131 59 137 45 143 90 144 152 111 134 14 141 7 50 95 33 184 249 161 32 192 140 100 159 8 138 152 228 52 197 143 207 243 233 153 36 28 83 10 18 75 111 6 105 100 59 110 65 124 8 103 80 36 225 
78 85 172 205 247 140 0 13 30 33 7 45 123 18 62 85 202 216 215 123 47 61 206 50 91 57 36 233 180 210 94 78 179 234 64 8 46 103 108 141 169 196 90 239 120 182 48 220 121 84 136 145 194 229 181 88 197 146 160 159 249 236 34 
151 47 75 221 122 133 189 17 158 110 198 47 1 207 119 208 91 43 53 218 122 249 19 5 140 171 182 105 139 95 37 107 153 111 234 51 125 167 179 214 180 43 117 48 157 90 26 154 92 6 57 148 215 217 224 109 32 164 170 5 172 63 23 
221 185 30 106 191 66 98 34 49 224 144 157 236 91 234 34 68 83 21 89 120 60 214 47 131 71 56 120 67 236 84 116 18 224 113 124 194 154 71 139 210 183 125 213 98 10 136 244 240 153 9 64 64 0 247 90 248 203 197 3 199 24 208 
118 3 72 16 165 63 215 9 135 249 106 216 27 246 174 53 40 30 186 75 125 182 74 224 75 149 9 218 180 9 137 2 98 74 189 208 219 239 200 44 110 22 184 159 31 163 214 186 31 238 208 195 131 109 39 230 161 7 30 2 218 12 175 
160 179 196 211 93 122 139 127 72 183 50 101 133 138 208 66 27 148 91 243 166 31 43 144 151 136 177 193 110 214 60 142 135 240 167 196 171 43 166 42 9 100 115 105 233 118 89 173 128 228 112 181 27 141 152 28 155 99 35 48 137 64 167 
216 216 25 247 125 53 45 78 60 33 129 114 164 243 194 112 163 126 125 140 152 91 13 82 34 135 201 110 27 71 49 25 167 233 48 120 183 52 12 244 234 25 144 239 235 85 53 206 96 170 135 190 244 59 72 46 187 88 239 15 224 192 232 
232 122 245 137 249 148 37 201 125 247 68 63 118 44 172 163 228 195 116 37 146 148 247 39 47 145 26 142 67 171 136 209 0 141 153 219 27 10 29 235 90 1 91 102 199 39 31 223 115 145 246 145 131 100 37 245 226 129 158 150 120 151 47 
42 34 114 95 19 205 130 130 213 54 26 234 23 167 228 168 5 133 125 3 249 118 64 182 146 59 26 101 163 159 195 40 212 153 187 166 189 225 143 150 181 48 244 205 113 205 166 148 82 192 38 216 41 155 144 210 247 35 3 103 113 0 106 
244 229 234 113 248 90 159 80 217 51 81 19 37 205 93 26 157 78 111 203 37 171 50 135 199 57 15 220 131 143 48 30 196 169 1 230 127 148 154 231 154 149 205 3 126 24 7 68 22 11 243 56 62 126 79 22 221 46 0 216 40 5 132 
239 74 245 26 189 152 116 83 50 89 116 69 139 103 101 134 20 105 30 96 154 192 155 69 224 217 79 128 70 127 7 248 115 182 237 184 53 21 246 144 199 46 144 5 149 196 95 173 38 178 93 243 104 234 64 223 102 159 103 3 227 26 233 
152 146 179 218 54 160 32 74 242 227 154 239 11 159 94 189 212 128 173 136 116 120 178 163 195 161 11 163 5 44 4 96 160 106 229 19 132 41 26 102 72 198 77 138 177 33 135 110 105 143 61 49 54 181 246 133 187 199 166 215 193 155 105 
71 201 177 119 115 178 182 50 221 84 6 197 186 241 48 40 56 152 28 200 100 118 128 39 71 18 198 38 67 1 134 117 142 68 34 208 77 9 56 197 210 250 229 60 19 104 247 167 132 34 41 97 60 102 136 93 116 146 43 58 174 138 22 
143 14 7 75 47 87 244 106 101 42 53 215 17 86 187 233 101 246 7 61 236 228 223 25 9 42 151 221 38 92 203 145 166 209 176 93 60 216 171 34 104 48 110 52 206 162 52 113 128 160 90 92 58 63 152 48 104 37 92 169 14 170 230 
12 150 144 101 51 71 235 122 48 105 108 21 191 139 50 140 93 146 3 225 244 168 230 215 217 164 10 6 88 202 91 210 208 174 105 15 105 13 62 186 180 137 223 99 66 194 214 30 17 5 107 105 0 221 180 175 198 71 169 209 179 153 234 
234 48 88 144 21 21 84 14 121 200 53 77 160 107 162 78 92 175 216 149 41 175 79 93 209 198 7 32 193 218 122 235 227 209 166 27 122 2 221 136 1 45 55 62 125 189 144 124 239 126 219 87 221 18 9 25 211 168 32 203 129 54 197 
157 134 11 132 16 39 56 223 161 97 101 40 67 81 204 217 15 187 23 96 188 174 240 166 180 241 66 77 93 208 173 77 240 204 144 97 160 172 135 112 22 26 50 219 204 110 35 45 128 111 234 189 116 56 113 247 101 197 153 103 106 111 87 
85 46 181 90 223 148 30 85 227 52 131 200 46 152 192 241 66 35 48 65 18 50 21 9 192 3 22 128 102 56 243 201 137 181 221 129 71 0 20 214 28 42 26 225 128 71 55 58 218 148 205 186 248 214 5 134 31 9 183 85 5 38 63 
241 45 111 212 127 185 67 121 201 187 19 197 250 51 99 176 249 139 152 116 116 82 50 231 119 116 39 3 118 189 119 29 237 31 0 229 13 9 81 191 160 59 111 97 16 39 152 168 78 115 142 209 129 8 136 208 52 112 201 244 130 141 183 
108 138 53 124 163 152 87 61 203 73 92 198 43 207 151 218 117 164 49 120 221 186 167 226 181 184 103 22 58 236 81 130 240 229 16 16 72 45 123 175 2 139 102 69 59 5 45 239 167 7 152 235 207 192 211 239 140 86 174 184 78 185 73 
236 37 43 86 109 223 3 190 221 157 82 151 226 160 238 137 189 180 66 210 134 75 76 60 61 18 37 131 37 53 207 222 58 120 34 86 83 56 195 243 111 130 230 41 78 75 170 223 229 149 162 61 182 216 165 138 247 133 69 216 87 239 96 
