77
65 240 243 227 191 75 137 171 184 249 11 55 39 53 227 82 98 112 110 120 166 192 99 169 79 237 215 226 248 91 88 250 131 58 248 78 45 155 81 192 88 196 17 58 89 200 242 136 247 55 186 217 96 230 15 53 165 29 240 147 236 127 75 201 117 171 59 203 16 239 150 68 66 118 232 159 130 
97 21 147 50 177 133 193 227 66 93 51 91 229 171 127 240 247 92 114 10 158 97 94 15 219 213 153 38 68 79 226 64 15 237 39 100 116 73 34 194 109 56 73 204 97 28 212 184 242 12 179 234 217 208 19 170 151 16 219 66 84 180 203 103 222 223 7 30 98 170 62 234 74 222 142 242 109 
183 85 22 135 181 147 153 163 96 157 190 27 99 157 107 48 5 163 121 99 44 68 125 190 249 57 195 230 70 30 23 58 127 36 151 182 161 97 178 219 75 55 164 5 48 159 102 55 45 82 236 238 20 196 155 6 232 108 124 80 76 7 60 134 53 29 24 59 104 56 144 4 193 4 29 73 195 
44 198 32 78 243 160 40 21 198 129 107 164 211 2 0 205 17 179 212 140 179 133 226 224 14 47 59 95 199 2 9 31 174 55 95 196 163 244 233 37 73 233 2 158 10 166 155 40 91 85 150 24 228 207 93 216 188 171 98 192 159 70 165 139 55 37 161 208 214 27 143 237 22 194 138 235 154 
63 210 51 247 133 36 166 139 111 226 104 247 28 2 65 12 103 99 166 154 179 1 8 88 236 227 232 177 6 245 203 231 159 249 196 96 79 17 89 136 1 153 14 83 192 213 90 0 133 241 156 68 116 78 45 133 62 110 233 112 60 61 90 215 123 36 50 165 198 122 23 230 102 250 189 103 82 
145 131 127 156 7 122 14 52 95 72 192 249 137 29 74 114 197 7 183 142 104 63 8 203 239 7 57 227 171 12 191 122 29 179 187 61 186 149 76 232 125 185 250 161 233 86 97 237 215 72 59 126 31 171 118 227 151 56 165 9 163 244 38 247 247 114 172 71 152 110 234 225 20 81 144 147 200 
81 227 134 193 46 8 107 139 200 18 94 189 179 18 134 192 138 236 135 16 225 193 203 38 182 86 105 242 250 214 106 19 236 228 11 179 110 246 82 83 214 67 136 36 87 160 218 27 9 167 9 98 180 224 103 244 90 236 78 211 201 121 117 35 139 168 32 228 58 200 237 242 28 46 19 157 149 
67 75 107 159 119 126 231 245 9 109 239 90 21 174 190 127 198 13 62 96 105 108 79 180 99 16 10 151 72 20 63 52 30 107 55 158 9 244 50 71 151 142 145 214 59 43 201 222 110 24 135 7 60 144 117 186 150 72 181 201 61 227 220 170 32 101 207 221 110 120 4 164 196 87 245 91 161 
156 165 77 250 104 47 107 217 186 43 105 243 190 30 121 221 151 85 25 161 224 127 63 153 142 93 200 73 197 208 30 41 225 139 195 135 207 212 11 43 203 202 180 84 91 182 60 120 148 222 214 68 191 246 35 188 7 111 77 106 57 48 82 29 6 102 34 80 1 31 166 132 34 49 139 65 50 
83 122 170 226 164 175 236 211 215 139 51 26 124 223 132 123 166 38 224 178 69 72 23 128 86 152 69 37 29 245 230 122 173 66 82 155 59 25 140 55 220 204 61 20 11 183 218 217 16 122 29 27 123 179 96 62 201 28 146 6 40 82 120 65 51 10 193 78 216 108 209 216 62 232 98 145 95 
128 236 39 31 188 87 45 105 178 74 182 59 0 127 83 139 102 181 103 69 111 151 245 206 156 34 129 148 154 102 55 150 11 14 113 66 29 32 122 27 197 62 156 156 99 242 210 134 211 165 140 169 33 241 114 201 71 240 159 14 173 96 141 144 179 119 210 104 11 239 150 157 130 149 86 89 78 
161 244 44 37 123 114 84 115 227 233 22 38 147 192 189 235 62 28 47 30 206 232 207 131 109 59 193 165 18 125 157 131 88 6 120 189 140 110 161 44 242 71 51 155 161 40 30 216 57 225 121 223 124 73 223 168 243 14 106 133 203 204 48 183 217 202 77 217 178 119 86 76 224 119 23 197 57 
131 206 2 77 250 204 198 225 11 135 243 213 40 94 165 149 126 223 18 157 242 89 161 94 144 47 1 23 184 101 224 180 13 244 180 249 110 193 106 41 186 124 189 202 32 160 50 150 123 14 49 94 58 125 85 200 3 119 47 125 110 213 164 148 26 166 132 63 85 111 16 25 84 23 195 166 139 
149 95 30 141 58 34 128 177 155 208 41 179 69 53 87 237 152 74 39 238 11 224 216 4 101 245 51 15 4 80 154 119 29 159 172 128 242 73 154 177 238 175 202 88 0 83 109 132 36 131 192 145 165 210 214 151 197 195 97 22 139 28 126 127 2 132 124 174 130 229 240 109 154 17 5 171 101 
29 201 120 86 21 226 46 134 97 66 173 18 238 145 52 216 143 6 177 84 49 61 232 15 7 6 238 197 35 134 239 116 92 234 134 117 187 63 9 121 35 119 143 238 185 27 240 198 187 71 154 211 123 191 235 224 140 50 107 193 89 14 1 13 78 18 102 123 222 246 5 98 38 23 141 143 131 
247 48 246 146 165 105 178 102 218 56 96 138 89 33 187 152 142 169 156 189 136 22 70 135 56 3 147 84 36 2 52 24 182 44 164 240 10 183 205 219 53 163 31 11 25 98 218 175 245 205 68 64 64 182 179 248 43 199 226 56 29 14 169 183 246 214 249 191 147 232 133 36 236 186 118 173 182 
142 154 25 2 37 156 145 131 166 23 81 20 77 39 117 29 158 157 236 37 185 30 159 237 71 37 128 191 15 40 164 46 208 99 219 184 119 47 72 164 48 7 209 111 140 154 68 125 129 115 29 135 89 207 93 182 134 58 65 176 6 27 223 148 106 59 232 79 222 63 135 220 151 105 17 8 239 
196 168 160 73 100 134 216 148 24 81 242 41 159 148 75 180 208 0 131 89 155 96 240 209 21 165 83 116 69 131 52 36 146 47 94 29 121 15 75 203 117 106 128 45 207 70 74 248 125 25 202 29 130 181 126 244 153 97 34 11 183 67 207 24 117 220 130 176 131 244 233 23 178 138 197 226 112 
6 235 9 52 110 27 235 133 2 80 61 53 170 120 206 159 211 221 228 167 225 153 219 208 181 242 117 92 23 81 90 28 228 73 59 58 243 30 125 147 35 234 79 131 42 136 43 166 61 248 114 100 162 68 31 52 112 107 209 241 121 128 209 58 40 20 230 120 133 183 24 195 32 243 31 29 88 
132 30 83 47 185 45 128 43 27 6 45 13 222 233 176 112 174 92 241 125 5 226 196 172 160 95 135 105 43 105 46 250 86 59 135 238 221 34 62 26 54 119 130 100 197 9 186 134 98 231 103 174 220 216 20 154 64 245 63 102 42 31 54 69 166 15 182 216 182 78 14 127 29 243 26 176 188 
65 89 217 66 86 121 221 154 41 215 163 154 231 204 205 210 180 51 240 15 90 31 138 33 49 141 97 30 236 220 15 13 41 92 130 49 84 10 172 212 164 9 126 65 243 224 66 167 224 81 145 236 178 206 60 95 44 99 105 191 97 176 97 58 177 107 211 247 76 203 25 36 151 126 129 154 121 
245 164 225 68 14 35 222 38 207 3 149 165 85 120 241 248 208 111 172 69 54 46 74 242 51 239 11 220 233 54 66 120 150 238 222 133 100 243 80 198 8 138 141 48 132 214 17 84 47 1 0 84 246 202 231 34 143 111 202 99 81 142 9 36 231 154 90 115 9 150 177 215 140 118 233 95 184 
215 231 121 230 143 177 118 154 241 149 97 216 32 170 50 168 7 196 249 155 215 188 212 247 147 39 190 197 61 192 90 236 111 124 67 44 222 103 133 133 186 152 225 0 134 122 227 67 102 22 217 31 53 240 26 194 186 140 202 213 6 54 176 223 54 38 110 30 241 174 101 22 189 96 107 42 41 
53 15 52 125 139 85 165 230 42 161 165 151 117 175 154 151 230 173 70 198 54 84 128 209 130 250 25 80 11 211 183 201 246 219 217 103 206 201 124 147 88 14 45 95 143 16 43 71 196 99 240 175 138 193 149 170 122 69 186 42 139 158 204 56 2 66 243 29 25 33 64 250 83 17 148 34 63 
244 121 54 79 244 105 155 136 176 109 86 152 58 154 171 92 27 81 138 112 202 218 115 204 200 25 15 54 179 54 50 91 100 248 55 177 205 196 165 238 195 96 28 101 79 235 142 44 18 213 181 190 238 12 26 128 230 173 139 215 86 125 206 195 239 76 2 133 135 191 65 126 105 79 58 215 155 
107 0 88 241 57 192 195 238 8 132 124 217 224 124 248 148 143 96 121 227 181 120 68 14 126 186 216 44 232 149 16 225 237 173 76 159 110 181 161 149 190 187 17 38 100 217 175 132 13 128 219 82 221 140 34 154 103 234 98 186 65 128 24 35 53 85 209 2 126 38 181 157 142 84 55 81 77 
9 2 25 174 241 56 26 131 48 189 108 0 155 24 230 245 119 219 66 148 128 1 210 52 47 151 247 138 194 148 186 113 115 65 240 9 4 149 107 229 182 76 166 88 147 238 191 14 3 109 63 232 237 81 208 39 199 60 78 97 82 103 243 192 206 101 173 175 75 132 88 26 197 179 50 223 221 
38 97 178 99 243 233 94 15 26 246 68 245 97 250 24 12 41 18 105 4 129 249 157 49 235 103 174 238 105 174 100 219 4 18 26 208 103 15 196 152 111 239 73 111 68 94 229 27 135 59 49 75 238 54 51 233 17 119 60 209 167 75 41 173 37 62 65 31 230 61 71 194 217 53 23 24 141 
60 107 200 238 102 203 171 16 209 199 243 229 75 50 218 68 145 11 34 131 190 89 248 41 163 116 185 169 193 208 181 180 116 234 62 140 241 18 101 63 235 52 121 116 50 49 207 89 246 144 214 185 134 146 122 184 107 45 192 191 7 222 17 224 33 117 109 38 236 155 49 232 28 178 117 227 157 
5 213 159 227 104 229 140 65 3 92 67 188 44 137 147 25 28 208 55 174 31 98 5 230 14 173 0 146 76 42 87 36 57 84 77 161 93 46 10 133 170 1 30 175 166 195 240 57 161 188 153 35 32 179 84 243 120 142 178 234 130 225 144 219 11 154 84 240 22 249 0 177 200 121 28 230 1 
82 198 180 163 92 62 166 117 142 244 115 237 103 52 201 158 149 20 9 213 233 135 55 111 59 126 238 83 33 177 199 210 129 245 60 184 83 150 1 142 217 16 118 153 211 222 75 138 45 196 137 24 73 112 3 131 42 70 249 83 32 243 57 76 205 148 108 65 74 81 34 238 88 188 54 41 56 
197 191 240 203 16 160 124 70 46 14 63 215 169 5 19 13 24 13 32 42 46 132 99 47 80 169 65 166 181 76 61 106 134 131 77 164 127 76 116 49 127 215 169 189 225 3 52 185 195 107 230 169 174 150 194 218 46 232 162 219 246 11 160 22 239 110 159 20 86 58 209 56 219 26 23 102 25 
227 17 174 136 178 114 188 7 1 5 187 82 135 3 191 121 50 132 115 90 152 15 217 140 210 69 147 151 238 56 16 109 174 234 210 36 59 217 97 181 244 75 19 60 197 119 144 231 118 166 203 121 127 72 1 140 61 71 213 13 15 1 150 104 236 184 244 141 177 78 120 51 114 14 122 116 65 
227 134 197 57 79 0 147 157 72 130 37 212 50 170 112 163 74 22 138 76 117 53 32 82 166 174 215 156 157 153 105 211 135 12 104 5 168 250 127 19 248 74 212 87 245 208 114 173 191 206 31 107 218 91 142 78 20 114 80 66 31 19 93 56 47 43 110 20 56 237 85 171 32 244 105 125 138 
96 229 96 123 226 84 223 247 144 133 97 83 48 52 160 237 43 11 226 195 21 6 36 107 126 205 241 114 131 179 247 113 33 239 138 17 29 173 125 160 209 41 51 222 82 207 120 87 185 178 136 166 127 107 61 149 94 218 192 156 39 160 22 156 242 149 61 40 47 100 63 233 225 246 163 232 209 
195 135 64 40 89 207 206 191 26 237 229 205 190 53 167 236 234 138 198 82 96 24 190 129 50 22 225 126 71 249 9 3 107 184 194 105 21 132 11 95 22 115 33 195 58 86 249 233 185 105 225 49 62 13 198 89 139 143 131 195 33 214 35 210 194 221 103 26 134 150 52 25 4 151 243 22 130 
179 118 231 139 237 176 202 189 216 186 16 101 42 79 100 145 209 140 180 21 173 16 189 233 11 92 126 226 196 100 159 11 99 77 175 202 66 73 96 96 250 75 223 117 172 37 199 76 91 101 133 29 70 241 69 188 179 144 140 92 105 67 243 15 47 217 145 17 57 186 166 29 187 96 154 50 71 
140 240 171 11 236 39 105 64 130 18 207 0 43 147 124 125 103 66 239 51 63 159 178 131 216 52 140 167 71 80 147 188 218 19 124 94 158 175 166 169 67 87 195 70 183 151 120 173 43 89 248 3 122 228 245 11 62 95 126 213 99 246 178 84 163 89 35 193 107 110 169 200 191 92 156 44 157 
119 44 94 196 67 90 64 192 164 178 85 105 191 102 173 194 124 36 18 177 147 92 227 53 145 81 74 24 193 42 225 108 80 101 149 49 138 174 97 90 181 140 139 242 56 61 109 69 105 94 115 63 15 115 181 40 113 47 124 222 169 207 199 94 219 132 34 224 33 249 113 159 194 213 137 34 23 
82 68 206 110 161 109 16 248 42 168 54 4 44 137 126 119 16 233 211 95 148 147 205 152 193 7 148 239 235 137 145 171 169 184 102 201 188 128 211 178 75 101 29 156 50 16 200 30 81 45 240 1 200 37 46 132 39 92 114 141 153 125 115 120 74 112 20 129 56 58 247 244 30 78 242 116 180 
159 5 40 134 115 128 171 148 185 205 220 206 200 44 47 236 172 244 5 174 200 212 8 104 218 51 126 88 96 135 130 55 127 145 175 127 135 221 44 204 31 5 209 74 123 100 196 204 83 28 180 129 78 15 152 239 45 77 233 225 177 25 173 73 239 248 242 73 113 83 109 169 129 244 210 83 211 
91 129 250 76 72 199 38 96 98 213 193 11 89 169 16 136 100 22 65 70 196 165 122 130 33 102 160 78 149 82 176 171 193 24 173 48 173 43 211 241 195 245 172 161 96 150 31 17 23 94 113 153 184 211 169 105 106 184 153 117 81 9 49 158 239 220 63 22 201 66 73 206 84 82 154 205 145 
232 97 63 96 149 11 13 147 120 103 195 91 123 95 95 201 106 119 196 65 196 5 20 142 148 37 63 52 116 158 233 180 76 144 96 15 151 166 64 66 83 112 206 32 147 169 246 109 229 212 204 51 144 136 203 175 150 215 127 210 199 166 109 198 88 54 218 146 57 41 187 85 137 102 46 118 76 
183 43 183 242 162 186 223 76 157 97 231 39 213 40 117 138 149 110 2 129 74 31 172 129 2 181 147 54 211 33 155 146 162 85 96 199 174 225 27 199 201 189 186 61 219 56 2 24 146 246 56 0 205 17 91 228 136 13 206 93 187 16 94 168 178 33 37 31 182 4 131 196 4 85 245 39 133 
238 132 168 234 113 104 120 106 2 157 104 81 171 30 174 206 23 66 64 140 104 72 184 136 192 179 8 109 205 238 161 223 180 184 73 108 66 143 181 34 171 62 26 52 56 90 239 177 212 164 197 161 46 29 9 237 112 161 113 231 108 74 76 204 58 30 110 55 197 40 208 209 215 148 66 122 191 
34 68 13 119 182 170 21 234 50 231 109 22 22 130 170 88 4 139 169 84 108 51 113 169 208 106 147 33 13 46 214 211 203 68 118 226 248 108 188 244 154 229 163 132 190 208 49 20 240 143 39 45 145 180 68 51 101 229 190 232 123 68 127 153 181 116 158 176 95 175 8 73 92 24 115 113 171 
31 166 157 89 134 2 0 167 77 194 67 109 108 100 177 149 114 203 10 196 99 53 43 128 226 5 8 187 22 226 236 178 118 98 25 78 10 233 104 180 241 171 212 80 74 58 75 234 143 15 215 50 203 69 59 209 0 114 169 126 214 84 80 142 144 131 99 234 111 164 197 162 96 208 147 173 36 
44 198 29 186 194 181 118 91 19 1 133 61 159 99 19 25 13 73 96 195 92 61 121 72 56 230 28 204 123 213 5 194 54 124 52 93 124 8 238 80 128 191 23 51 139 114 218 20 62 23 230 90 73 174 163 52 247 200 103 119 171 80 168 68 129 226 50 241 56 133 39 141 219 35 176 95 43 
144 152 238 60 27 104 133 182 232 4 10 193 126 16 127 166 243 67 135 113 163 102 8 14 75 197 46 225 90 96 95 110 187 100 26 87 9 86 178 84 94 139 226 129 149 38 77 134 174 63 171 2 75 123 36 17 6 6 151 196 28 155 93 215 105 227 183 187 102 108 220 2 97 147 178 165 110 
26 144 110 113 112 17 203 173 73 176 102 96 53 143 136 134 42 132 223 83 84 178 173 59 74 16 195 201 89 130 163 248 170 77 30 86 216 51 185 161 245 91 132 88 168 65 156 145 66 59 201 229 242 31 92 166 23 134 53 45 42 134 52 3 237 160 184 68 6 163 79 186 200 167 92 165 182 
204 242 59 165 113 11 23 225 230 48 144 17 217 142 162 235 231 189 215 34 0 209 2 235 164 179 187 199 47 66 224 247 220 237 200 78 17 127 27 143 121 27 186 192 37 5 243 53 209 104 229 79 2 234 59 140 198 22 24 180 145 208 52 86 103 230 27 234 18 205 181 175 228 196 232 86 71 
54 21 21 35 232 15 25 98 23 47 125 181 169 2 56 186 144 94 77 131 6 49 98 30 60 27 103 65 140 231 126 176 219 13 37 29 9 116 242 67 48 10 141 203 118 132 176 7 120 46 51 169 250 203 198 221 4 26 75 0 14 111 7 74 78 231 68 202 109 200 24 54 94 38 210 43 28 
16 45 242 140 193 96 167 164 197 48 153 207 35 102 246 44 83 64 116 161 128 239 111 249 37 228 159 242 148 154 155 197 29 248 1 248 124 123 165 151 243 129 242 131 169 238 19 25 233 56 1 118 146 20 171 43 201 155 197 105 158 51 224 206 124 247 2 225 216 224 92 165 157 231 138 157 0 
139 165 229 139 245 132 67 189 73 124 70 85 103 147 108 47 19 178 202 217 210 69 7 50 9 9 142 30 133 29 190 225 88 178 198 47 91 216 74 118 95 114 224 89 55 209 132 147 129 238 152 91 227 36 163 127 243 44 170 152 132 42 9 139 38 134 178 123 210 103 168 156 40 41 83 85 64 
86 176 241 200 23 187 250 222 55 129 192 137 100 224 203 243 192 135 104 50 174 12 94 212 223 215 143 188 78 217 242 173 13 56 50 79 205 161 198 49 229 184 154 112 205 111 172 210 10 1 246 33 188 179 12 250 207 20 235 240 154 149 167 2 204 88 107 177 99 188 158 46 86 121 137 240 224 
121 71 218 96 109 7 207 188 165 153 59 130 16 28 239 95 2 87 103 102 27 108 141 160 153 108 81 20 232 224 121 58 191 242 6 100 96 112 211 225 178 103 100 132 120 249 60 248 44 108 191 124 5 136 47 158 214 158 248 33 170 8 129 6 89 127 73 14 94 59 67 51 39 138 74 91 213 
247 92 82 69 146 42 67 236 243 156 79 189 129 196 112 165 34 120 207 44 26 8 163 18 81 136 230 2 4 110 188 112 101 48 97 57 208 174 187 57 171 100 4 32 244 239 132 156 190 175 110 97 65 52 82 1 237 132 214 61 154 22 189 130 159 21 183 62 48 204 241 81 170 208 9 162 108 
221 199 174 71 206 44 133 142 81 62 218 45 163 160 207 90 185 127 53 22 39 3 113 47 146 156 180 105 238 161 204 228 175 148 42 165 96 153 227 168 243 111 150 55 77 63 150 221 21 148 160 95 1 235 86 172 158 35 235 179 15 45 19 93 223 11 176 142 194 41 46 100 21 161 84 3 144 
108 5 196 192 90 235 115 202 149 27 204 74 137 193 133 98 90 243 139 134 50 190 190 94 115 172 135 217 82 116 249 46 238 195 188 148 150 178 126 110 176 200 167 216 219 50 200 115 87 55 207 219 110 77 216 193 74 154 127 194 84 114 20 229 72 45 96 81 212 53 139 198 175 115 224 93 118 
45 235 231 22 71 202 22 206 201 114 107 199 126 41 160 59 100 220 117 221 73 181 215 176 39 208 170 229 188 104 105 33 232 155 147 73 60 9 134 10 58 83 48 231 91 34 182 26 14 67 110 101 156 77 211 219 210 185 78 121 110 13 61 17 181 235 25 208 233 2 79 166 48 197 69 197 78 
218 3 152 147 155 215 196 43 28 206 33 61 132 102 249 26 53 77 61 180 36 228 8 147 139 116 250 61 174 65 41 48 194 196 131 150 233 26 194 79 90 146 189 122 38 162 222 80 218 28 41 5 206 64 63 93 37 233 67 19 229 87 66 98 68 71 190 30 73 86 241 225 0 10 18 42 3 
204 124 111 29 34 142 219 126 216 31 154 103 244 67 53 76 71 219 14 99 3 199 10 183 206 180 196 113 21 137 158 199 207 239 45 91 15 109 5 212 27 134 31 43 240 150 197 150 182 38 200 61 152 211 127 48 215 10 167 58 23 52 212 52 87 101 245 25 87 60 238 106 79 117 77 25 113 
233 199 209 208 100 105 73 225 153 199 18 6 183 185 158 155 111 58 47 67 56 27 18 20 185 138 79 75 76 126 112 190 20 236 187 45 157 220 93 176 193 147 177 224 48 209 141 149 104 129 67 239 165 49 226 202 163 118 208 67 125 158 132 92 10 46 73 190 94 84 77 67 227 65 201 39 7 
243 142 119 250 124 142 157 190 231 181 103 220 59 178 77 116 79 8 189 112 87 8 244 110 132 130 23 243 61 234 165 65 128 156 202 114 45 18 224 21 24 39 246 80 109 131 3 163 249 29 62 40 219 176 11 25 24 97 52 12 112 144 128 109 222 86 8 20 22 221 113 20 32 183 161 11 101 
27 243 132 124 42 233 23 114 51 58 233 174 154 139 246 128 10 149 40 225 119 49 106 239 243 210 230 15 56 179 10 102 102 207 214 115 239 47 169 62 78 71 141 134 47 236 103 162 50 69 229 219 109 102 102 97 71 204 248 9 47 26 234 87 83 198 123 175 185 75 34 85 137 148 13 25 87 
212 173 180 235 186 141 51 62 51 44 144 106 235 217 2 113 200 67 130 87 170 62 98 143 197 57 182 3 198 136 73 12 239 132 69 193 230 137 57 184 150 3 130 181 168 62 126 206 71 19 24 147 40 86 152 94 29 200 50 184 165 26 160 11 233 226 112 189 156 172 199 172 186 175 75 183 209 
157 145 154 217 154 109 75 42 44 169 111 108 160 170 195 165 189 96 1 30 110 223 53 163 81 162 19 136 87 231 89 180 178 217 20 249 56 250 242 201 235 179 63 114 213 191 154 123 142 194 68 62 121 59 159 77 129 86 138 39 250 172 127 185 19 180 244 80 104 130 32 116 240 163 37 210 11 
99 142 221 194 218 41 162 221 212 190 114 213 247 195 243 142 54 203 13 115 102 164 100 28 164 183 78 151 136 229 185 161 0 124 150 224 44 176 240 164 38 131 118 231 126 225 199 87 246 109 45 80 52 107 225 63 54 173 29 246 26 174 195 164 206 22 91 54 52 43 107 123 111 144 133 226 76 
66 116 131 86 21 116 32 183 2 124 87 142 91 133 191 162 190 8 12 21 87 93 100 214 49 195 121 46 228 61 84 63 209 116 248 26 125 204 95 147 88 126 46 14 187 135 224 144 106 210 229 147 153 176 95 217 0 98 111 177 4 130 33 18 89 55 13 63 15 18 178 219 168 241 56 221 117 
140 224 218 121 99 107 85 184 68 240 84 122 108 219 165 246 42 105 30 109 10 14 13 149 182 114 228 134 102 46 81 167 158 159 149 12 43 157 171 10 84 115 222 124 72 126 29 211 228 100 236 174 179 221 27 51 35 166 135 207 55 87 71 60 6 81 95 105 33 187 93 43 147 93 43 4 242 
85 139 112 151 183 80 240 130 100 118 169 241 199 207 193 146 140 241 97 40 192 157 108 60 22 154 185 198 119 64 174 15 182 196 43 234 214 102 188 212 58 222 82 10 140 170 213 86 191 69 137 193 178 236 153 23 138 26 30 10 189 45 59 79 249 102 131 154 4 78 116 243 228 184 64 78 83 
152 3 87 13 95 59 161 250 224 91 164 74 17 22 244 156 59 159 91 249 49 109 179 21 157 193 135 29 60 92 20 25 113 108 207 127 153 126 59 190 237 9 106 15 77 141 17 230 116 70 182 240 107 227 231 102 243 205 123 15 248 133 244 34 72 146 178 123 42 54 149 213 70 129 172 183 192 
87 212 78 193 18 59 138 35 135 174 18 166 203 219 71 100 220 101 205 156 18 10 98 231 92 54 222 237 69 7 236 244 211 89 93 173 99 80 2 222 78 58 179 169 157 113 21 10 85 217 232 226 44 216 175 43 121 139 166 35 108 216 53 153 56 159 21 95 186 142 60 16 200 21 33 114 71 
70 112 115 9 212 85 239 44 173 114 160 172 42 82 5 232 134 171 178 234 167 146 43 234 105 169 213 85 53 207 89 105 83 158 96 241 134 131 16 17 26 132 138 16 242 122 181 43 130 99 143 190 113 165 212 222 153 157 40 184 10 52 169 37 71 144 140 106 188 18 157 203 187 184 145 226 153 
155 84 167 156 161 225 77 77 129 59 134 214 50 208 107 3 166 103 7 82 197 19 48 110 157 245 22 16 194 221 88 65 208 91 193 153 218 188 32 178 174 148 70 11 26 115 181 228 2 98 126 203 16 240 147 25 78 208 217 5 66 164 35 86 145 44 135 171 177 77 38 8 35 46 180 174 160 
176 103 50 206 9 43 41 199 33 18 171 24 204 105 35 102 246 142 146 248 147 19 143 145 231 149 67 74 226 141 73 159 141 226 170 126 119 46 117 76 2 65 240 151 69 154 139 232 219 173 223 147 50 82 178 8 179 164 96 238 66 82 14 224 244 75 51 163 152 216 80 9 88 64 45 8 228 
45 210 250 115 161 105 176 148 57 59 205 211 243 186 145 123 133 84 173 89 194 122 83 212 219 86 138 121 63 216 68 174 65 204 109 184 215 155 22 69 135 157 187 250 58 96 37 32 127 22 124 225 15 168 43 225 23 68 93 116 45 214 200 84 232 234 66 90 115 55 20 39 62 75 32 143 92 
