34
40 152 46 195 208 64 247 169 8 26 189 225 111 150 149 136 40 103 195 168 132 144 208 122 95 23 84 15 166 134 128 175 204 248 
185 165 219 199 164 190 243 53 12 170 108 232 207 51 88 53 5 59 177 161 143 22 196 181 2 175 207 162 92 22 106 171 65 187 
180 202 190 0 226 112 160 34 205 180 130 127 82 65 151 212 234 201 239 112 12 232 64 137 218 103 84 24 107 20 182 16 19 126 
170 236 36 106 152 211 160 61 103 39 173 110 234 19 127 153 195 186 136 212 200 65 120 194 197 248 57 29 31 87 146 140 162 244 
190 215 31 227 180 107 223 156 187 16 67 30 59 194 196 177 103 234 109 83 41 56 162 97 56 145 213 185 157 43 68 230 233 6 
137 187 191 20 59 60 72 13 135 7 123 115 27 159 102 104 55 26 49 25 206 134 50 181 191 184 4 161 136 80 79 47 169 118 
162 65 70 208 138 160 27 26 159 226 233 87 4 70 6 23 176 248 41 55 154 5 243 206 166 155 57 250 61 192 140 108 208 213 
48 19 8 166 157 137 183 42 178 96 31 185 78 48 109 201 97 249 139 227 167 193 33 248 71 0 130 211 166 31 235 113 160 187 
164 2 199 240 56 87 171 82 239 223 127 46 135 93 87 161 191 180 122 75 2 210 154 100 165 11 244 149 202 28 167 73 69 152 
241 15 121 95 33 80 172 216 202 8 20 106 104 163 130 149 236 29 148 68 176 32 128 158 167 201 59 28 62 48 215 193 79 198 
98 95 206 170 117 211 46 23 93 20 200 200 129 116 85 184 249 69 240 147 82 248 8 34 124 206 117 81 119 65 43 19 59 159 
129 76 151 14 84 148 23 53 70 8 1 197 79 72 237 37 212 211 73 109 28 44 52 179 98 13 21 79 188 9 155 14 43 195 
1 44 12 62 249 171 178 180 215 227 39 244 209 210 25 151 33 185 208 204 67 178 157 97 58 59 130 77 51 158 53 249 75 97 
1 203 173 211 168 242 239 29 15 112 157 127 67 133 31 122 88 149 213 107 206 177 178 234 231 105 179 9 71 15 168 9 131 146 
181 190 69 65 125 77 139 36 185 106 218 194 207 114 57 168 228 150 149 77 102 160 3 228 125 51 113 148 222 88 81 16 28 66 
204 215 91 77 127 116 147 68 223 81 33 246 68 82 205 66 184 22 31 194 109 83 163 10 123 104 58 77 180 2 69 248 30 90 
44 38 18 142 0 63 236 52 55 214 148 132 137 184 10 96 248 151 187 152 204 3 189 8 203 71 197 97 105 43 199 166 221 100 
147 0 97 211 56 230 137 159 57 58 33 233 95 183 2 79 8 122 154 59 90 24 249 158 201 163 108 15 240 78 170 104 190 0 
191 195 140 142 215 191 103 99 49 86 236 118 75 175 161 144 93 55 223 78 79 221 124 95 127 180 250 250 216 98 202 53 182 133 
145 60 68 107 69 19 164 74 196 154 73 229 140 63 5 80 44 207 240 246 218 179 238 17 39 148 177 109 230 109 217 112 213 29 
106 174 159 19 22 120 178 71 151 230 197 103 152 2 46 205 52 29 132 127 30 139 119 96 14 125 243 151 135 60 93 180 85 112 
68 158 88 188 176 198 117 93 61 167 127 6 83 26 63 87 244 153 180 191 33 208 111 138 141 51 94 34 23 195 94 126 111 157 
241 236 162 25 100 123 150 181 77 93 0 161 14 177 86 235 187 132 193 198 136 125 120 198 196 80 99 225 77 144 149 108 169 69 
198 152 51 19 201 145 23 126 162 48 230 17 21 70 69 133 156 156 7 118 64 91 222 249 174 101 164 176 151 140 124 141 33 214 
131 206 218 167 183 243 68 20 24 135 24 182 213 250 135 69 185 194 1 85 121 19 128 114 78 132 83 160 1 156 66 149 114 139 
170 52 245 59 220 217 122 98 218 182 3 109 239 217 187 39 126 100 235 131 32 202 71 140 227 4 58 76 235 240 228 1 132 113 
148 211 6 230 146 41 207 151 168 11 245 76 205 110 117 219 186 211 188 67 190 44 90 197 118 12 112 201 39 245 74 87 193 209 
98 0 119 161 94 61 187 13 162 219 102 0 45 52 177 108 52 40 212 235 110 35 17 66 45 236 219 11 247 4 237 144 241 200 
167 203 186 74 220 164 195 156 166 82 119 58 243 234 91 181 147 165 174 15 215 108 61 26 51 226 138 80 175 168 85 2 48 109 
191 139 168 147 186 95 188 41 39 93 125 179 34 31 167 154 53 214 236 12 67 73 240 135 34 71 201 46 86 158 66 231 230 114 
117 169 77 45 107 133 59 132 23 63 187 65 22 127 245 44 141 204 214 57 100 42 150 69 225 153 109 121 96 47 166 28 34 95 
103 52 23 99 97 178 14 213 139 142 47 138 211 108 200 237 150 93 82 59 205 39 96 77 104 123 161 45 155 234 76 47 47 139 
117 141 63 36 179 125 183 248 2 19 77 239 63 178 43 161 194 227 234 182 189 55 147 51 199 44 234 93 190 101 220 172 130 94 
23 214 11 248 156 215 8 233 233 208 61 79 31 236 68 108 34 148 159 77 187 247 22 216 57 160 199 72 248 21 65 192 112 211 
