37
28 78 4 159 98 132 23 68 211 56 7 150 213 75 46 91 190 128 247 88 145 239 41 224 101 17 214 203 17 10 180 124 2 71 198 149 153 
219 131 180 166 71 241 175 39 125 178 216 60 165 226 214 97 128 169 177 129 150 95 71 2 209 200 119 52 16 158 93 164 192 242 218 11 185 
221 127 210 129 191 157 232 197 199 121 51 46 115 40 26 37 144 132 230 70 37 35 155 6 103 71 198 136 163 101 210 123 219 62 205 227 35 
91 76 108 25 137 74 70 21 112 115 31 86 156 184 76 83 82 197 245 193 171 236 26 145 58 72 71 235 240 231 159 71 204 104 93 98 73 
66 9 14 161 102 214 154 81 86 213 16 122 137 249 116 58 194 6 89 72 19 172 149 118 228 47 131 195 1 9 181 156 201 199 179 155 21 
120 207 112 42 96 26 63 150 120 110 56 117 14 75 82 235 145 176 205 145 188 224 190 7 207 155 5 187 41 111 236 247 115 96 172 95 111 
20 23 15 57 239 215 102 244 100 174 250 134 165 188 63 14 244 211 149 228 161 227 138 155 65 109 228 235 114 211 104 189 124 149 62 118 59 
64 86 89 122 77 225 99 86 169 115 120 108 4 80 222 62 117 33 95 210 56 209 192 109 239 138 229 37 65 192 232 202 123 42 184 10 123 
153 203 159 112 122 22 35 163 125 40 171 175 105 53 1 183 73 144 155 115 94 25 188 56 31 36 37 189 119 87 225 64 71 218 29 40 159 
105 237 145 33 194 84 175 199 208 219 211 194 36 141 20 239 183 195 144 213 84 247 187 162 107 158 101 200 103 34 0 2 244 106 212 132 199 
1 172 192 63 161 23 148 239 95 14 200 162 50 7 48 193 183 227 76 2 196 111 77 92 92 215 176 181 103 110 72 48 101 100 174 126 47 
14 161 229 42 52 150 68 31 150 227 242 188 44 223 19 31 75 167 113 119 105 96 192 205 17 147 110 187 128 155 71 113 154 100 201 89 58 
173 136 210 234 18 147 173 176 114 189 48 114 36 28 165 77 186 130 125 198 226 135 218 13 232 183 22 53 79 81 149 246 145 69 245 193 89 
152 49 29 249 203 68 115 138 162 186 22 158 132 14 64 89 204 70 2 167 41 97 146 15 22 250 74 102 220 6 98 47 26 209 130 27 47 
235 123 230 248 115 7 100 160 35 144 149 27 19 247 28 151 71 206 123 246 209 247 171 59 245 155 59 172 94 172 58 94 35 67 136 246 77 
172 244 109 168 225 74 20 247 139 143 12 27 105 225 73 228 173 42 90 139 230 40 194 179 136 75 140 137 158 134 70 226 118 178 224 22 64 
19 154 2 189 90 80 215 142 250 234 101 139 239 195 152 96 211 207 10 46 214 248 141 49 152 175 118 3 67 155 207 82 57 152 134 1 52 
16 129 180 9 97 61 143 30 72 176 127 145 247 78 187 50 123 114 161 250 109 229 66 63 28 140 231 230 95 224 80 18 181 38 193 102 41 
230 129 145 208 218 206 123 82 56 243 249 205 51 224 155 62 135 246 166 175 37 70 101 209 87 133 77 3 51 3 118 183 120 27 178 47 250 
225 128 134 6 0 132 118 187 230 196 32 108 85 124 43 79 192 202 20 221 84 43 165 135 107 234 21 146 43 33 226 15 149 206 36 99 219 
195 129 124 143 30 105 227 25 126 43 66 167 227 167 206 8 205 9 203 150 76 66 119 117 127 146 157 113 53 7 72 139 79 61 7 95 205 
46 45 170 134 36 83 202 29 63 70 51 46 96 116 193 108 160 86 139 128 212 8 185 242 21 129 3 240 63 53 189 213 93 11 237 217 137 
229 247 57 15 175 54 66 52 73 225 54 179 250 217 51 46 214 184 218 46 161 4 182 197 45 2 49 114 12 0 201 162 134 168 32 168 57 
1 55 127 19 77 232 210 242 211 181 152 194 50 117 7 195 185 192 247 6 138 138 94 223 166 149 113 168 225 189 55 16 168 87 1 68 158 
6 0 4 43 204 47 33 164 14 78 154 160 63 161 35 208 23 194 141 160 7 85 93 189 236 73 239 13 75 211 243 226 146 176 174 159 223 
181 123 225 6 103 181 223 74 76 129 101 82 131 82 115 51 227 234 158 238 167 50 16 204 228 236 169 129 68 49 136 213 144 140 85 159 153 
186 33 95 6 231 204 204 234 189 171 160 202 68 17 29 47 84 67 210 153 242 183 160 197 239 70 98 94 10 218 250 127 23 120 209 29 121 
237 7 60 137 0 191 47 223 154 28 42 124 2 128 24 147 177 144 98 146 30 242 87 205 54 73 36 23 73 117 91 128 222 27 159 134 40 
249 195 233 38 206 109 191 54 61 11 214 183 11 159 93 178 39 122 208 48 102 51 194 37 169 24 220 21 105 25 112 106 70 35 247 39 83 
188 182 113 226 73 250 228 74 184 4 88 157 19 201 192 174 213 203 66 164 99 204 29 189 233 229 21 47 191 53 67 42 227 133 223 48 198 
35 208 3 113 139 82 212 59 17 129 81 30 67 149 127 154 6 24 146 197 227 27 50 33 223 141 43 47 237 41 120 19 81 144 135 167 43 
18 129 144 63 119 69 214 174 4 95 79 83 242 199 165 191 182 126 4 19 107 189 51 122 122 207 146 192 190 167 106 165 244 180 180 133 114 
225 145 227 120 56 148 189 1 63 141 170 205 160 33 93 242 114 208 95 11 184 184 86 192 119 19 115 214 174 159 63 71 217 122 56 10 196 
155 147 3 82 34 189 10 77 26 136 177 148 50 84 92 128 21 182 197 166 85 238 120 76 180 245 6 68 234 194 148 243 206 230 50 134 190 
142 84 46 174 109 198 27 82 240 247 144 98 233 241 217 71 211 206 45 44 237 127 83 163 216 205 238 19 246 176 179 28 123 153 156 227 209 
219 192 103 71 210 58 134 162 134 157 42 2 164 151 229 150 169 122 103 120 186 120 122 16 130 141 194 7 13 175 231 21 99 127 123 95 140 
63 35 64 148 153 101 121 209 22 54 145 130 77 85 91 24 154 63 171 190 130 155 185 106 76 142 81 127 82 233 106 216 113 114 233 100 65 
