26
31 235 209 129 156 109 231 185 222 87 34 58 219 182 139 57 220 135 165 107 11 154 235 123 163 147 
41 30 24 136 108 121 204 46 242 46 39 108 66 179 212 134 126 159 80 244 115 183 135 83 186 59 
92 188 214 50 109 7 54 25 132 167 94 53 71 84 6 168 123 223 8 209 55 156 101 100 26 158 
207 217 217 130 131 59 76 60 62 136 108 240 26 10 177 63 3 12 10 104 46 163 74 4 107 124 
91 226 31 118 102 57 130 66 165 163 178 176 230 196 4 102 91 136 95 174 47 24 250 115 107 3 
66 1 220 168 134 51 108 243 104 153 198 87 212 250 42 28 60 214 63 140 166 243 227 237 77 136 
87 228 60 192 17 50 250 206 26 5 196 212 68 187 64 121 7 41 125 114 83 7 154 50 87 16 
183 246 61 52 46 140 132 152 240 198 159 2 243 165 89 62 120 57 63 97 246 201 99 55 76 75 
77 76 163 14 150 82 166 10 101 126 73 92 58 102 219 26 46 105 58 127 168 142 188 228 18 84 
109 83 17 166 230 62 181 23 5 222 249 93 160 99 159 40 154 33 73 62 166 80 194 243 205 216 
168 67 135 62 213 77 220 62 54 195 108 177 16 127 32 173 130 197 21 144 187 205 173 87 101 200 
105 48 169 230 40 21 43 162 179 67 150 132 243 197 23 2 55 121 68 67 159 140 29 113 203 202 
220 164 219 207 101 238 106 3 13 190 81 36 194 115 108 141 152 129 149 168 240 160 236 220 153 156 
94 230 76 198 100 166 44 235 121 59 107 127 169 205 31 69 96 62 209 112 203 29 5 62 182 158 
11 245 172 190 22 127 147 68 237 91 58 0 197 215 232 150 241 52 20 245 137 61 250 149 143 206 
198 215 114 248 80 177 230 106 134 41 69 54 151 10 110 40 36 90 63 58 13 113 152 59 242 170 
144 119 211 111 200 105 243 97 73 206 194 229 207 128 169 69 169 163 104 161 245 203 102 17 7 161 
10 172 119 144 40 55 216 227 97 246 9 136 10 36 244 225 163 242 108 116 202 125 97 148 49 23 
10 87 73 140 120 73 223 11 105 91 107 145 212 111 116 79 98 203 152 89 232 130 118 133 102 239 
79 220 134 105 134 138 121 179 243 240 163 217 149 132 101 105 208 17 240 240 77 193 1 74 86 92 
212 83 188 202 202 131 227 163 3 55 147 41 231 136 39 57 70 66 225 134 87 56 143 63 217 131 
240 63 12 76 154 246 240 143 249 84 238 107 96 132 97 59 201 19 54 24 108 250 162 33 20 101 
95 142 11 168 99 170 101 244 192 209 136 77 224 60 33 49 125 19 10 96 36 180 25 228 14 135 
195 63 59 166 97 82 207 247 99 22 71 5 161 106 100 240 104 64 94 45 187 96 76 26 133 27 
157 30 240 18 244 245 191 111 68 110 156 131 177 120 101 178 51 153 200 217 100 222 174 8 237 79 
241 167 215 131 238 150 91 54 203 65 26 184 18 36 198 110 7 143 231 243 145 138 55 104 43 205 
