93
237 123 188 79 233 201 176 12 128 198 57 183 105 130 120 89 71 156 238 104 114 48 75 66 15 186 6 205 187 36 176 230 32 34 244 206 23 192 42 189 242 84 136 53 210 224 182 198 146 24 48 176 138 9 114 158 6 185 216 184 25 9 58 161 33 71 245 151 137 69 117 35 100 203 98 103 81 175 79 77 53 27 188 201 237 106 80 156 46 23 67 244 63 
122 82 68 213 199 203 47 235 193 228 156 73 105 166 200 167 35 193 51 39 10 3 41 237 243 128 96 65 126 170 54 228 110 198 248 165 82 191 110 236 90 180 169 44 147 107 180 85 32 226 228 13 161 68 90 8 21 237 132 205 112 103 210 209 84 47 110 171 50 116 116 23 189 178 93 53 150 228 247 227 124 214 11 103 44 149 115 151 240 77 15 142 48 
222 111 211 141 123 201 247 223 35 160 155 194 120 176 94 28 28 246 164 104 61 137 63 207 133 242 189 81 118 186 198 41 78 227 125 22 174 231 100 17 187 76 34 231 181 157 157 140 140 30 103 155 142 86 203 166 242 134 97 217 196 103 173 209 143 101 182 35 3 25 85 248 181 95 209 1 65 86 192 165 185 187 245 119 184 154 210 170 128 57 49 58 122 
48 19 19 163 187 55 149 99 96 248 24 108 29 14 116 217 208 109 46 2 20 9 85 49 2 71 24 24 193 118 225 4 143 71 90 44 224 42 83 40 99 97 36 173 145 250 240 199 34 84 72 149 248 115 175 42 205 24 103 176 222 219 45 2 128 211 147 98 117 79 220 66 15 175 5 233 140 106 140 123 86 191 118 163 57 136 190 194 18 177 216 88 233 
65 242 181 163 21 239 29 68 26 164 189 181 67 187 86 125 244 168 5 171 143 48 182 241 22 37 175 205 232 171 69 4 225 249 103 18 103 199 192 35 128 189 24 165 38 213 231 152 75 131 121 228 245 205 89 219 184 69 56 24 199 226 139 27 226 124 96 211 206 130 31 179 14 239 158 19 194 196 20 116 239 36 86 217 141 221 93 232 130 192 135 250 155 
215 210 115 178 44 154 247 165 150 25 76 187 141 32 114 14 104 204 29 244 90 94 231 18 77 125 213 92 17 246 79 130 114 129 234 52 93 145 220 139 126 170 59 194 89 214 186 214 94 18 102 195 173 21 169 110 93 13 56 128 189 91 194 183 58 117 161 112 206 2 193 99 12 154 162 143 123 33 7 8 209 121 60 79 158 161 14 46 151 182 37 89 204 
108 75 57 23 234 79 207 37 102 187 14 104 128 128 64 79 177 113 98 81 66 241 239 215 37 70 120 54 147 41 158 138 200 92 212 248 191 121 241 12 165 153 82 15 159 63 16 39 123 80 111 118 235 201 162 99 248 44 91 83 0 243 187 21 90 17 159 147 250 188 15 79 146 17 99 23 35 172 187 109 210 89 110 228 32 89 82 5 66 68 179 92 235 
72 137 176 229 17 231 147 69 183 208 166 192 151 50 62 199 124 26 138 185 203 104 166 188 21 14 22 189 122 197 218 158 243 72 216 30 224 246 39 130 225 188 120 110 231 103 225 21 23 64 176 166 221 138 27 29 170 83 178 234 141 63 88 137 39 225 67 92 32 152 38 223 68 195 11 93 1 178 149 161 1 125 52 89 230 3 230 187 30 134 6 56 197 
245 56 47 93 208 249 188 233 102 85 41 201 35 145 195 78 176 32 12 214 190 195 81 55 42 128 221 205 60 12 12 92 189 120 2 56 190 52 118 172 217 165 80 207 6 238 130 53 2 137 196 135 33 32 230 175 201 146 147 167 110 29 68 229 12 204 141 235 226 100 93 170 34 30 150 132 227 56 171 19 244 5 61 8 243 37 112 3 27 239 165 249 144 
38 132 0 216 129 225 219 20 128 122 240 133 87 83 234 158 1 44 55 90 107 201 194 171 214 197 248 143 136 111 8 22 10 119 23 220 178 83 242 194 9 186 190 190 190 93 21 72 152 168 201 225 106 5 67 186 69 199 139 46 208 129 223 4 136 232 155 171 134 50 196 65 34 98 135 47 31 163 7 190 63 24 239 21 62 124 238 41 62 112 60 30 240 
200 179 139 206 3 133 227 78 40 35 121 52 99 170 224 172 239 177 95 159 151 231 153 90 128 133 243 239 96 0 247 165 51 175 110 99 126 42 39 22 244 58 74 54 51 213 126 209 211 194 199 242 54 77 18 211 103 107 207 100 37 144 224 233 168 115 108 249 56 214 99 189 182 228 47 10 234 144 190 104 246 201 61 110 247 198 76 88 244 208 183 151 196 
205 158 7 76 142 30 73 145 99 164 192 227 96 199 38 149 230 238 141 27 60 26 96 33 32 125 228 141 102 56 249 26 235 34 167 197 217 177 99 171 175 1 0 103 171 90 1 119 241 145 11 132 209 238 72 237 125 232 161 173 22 25 246 75 11 165 117 138 233 93 139 62 5 98 141 39 70 165 104 144 49 48 195 180 133 4 90 154 156 40 111 31 209 
3 131 171 239 65 196 65 35 123 196 211 150 244 193 20 95 228 131 12 217 118 22 18 109 133 235 182 170 9 17 246 4 247 27 121 79 250 86 61 65 19 135 0 52 79 158 231 238 171 130 98 27 200 196 231 247 204 228 212 143 115 69 225 213 74 12 229 104 118 154 15 198 108 219 199 139 0 150 203 74 0 196 231 208 110 154 155 107 12 212 213 24 91 
149 69 239 164 54 228 118 47 93 224 126 2 129 142 117 51 68 13 93 168 130 33 215 5 92 4 80 80 237 208 71 28 33 91 231 194 110 246 166 249 11 11 215 219 197 189 110 99 188 37 16 140 141 145 228 17 25 141 6 85 156 133 221 60 77 194 83 19 69 206 183 46 23 66 49 59 210 87 179 38 103 43 200 168 158 0 220 68 128 99 28 152 196 
115 100 218 108 238 154 4 159 15 147 100 88 148 157 99 75 227 240 206 61 167 126 245 70 134 18 146 201 150 201 210 20 183 173 140 77 98 132 173 226 147 10 62 250 59 240 244 78 146 199 133 157 233 186 107 176 194 113 148 27 46 99 142 77 75 4 186 245 168 102 234 107 84 47 147 211 248 151 160 79 45 5 18 151 61 137 24 164 237 88 108 142 80 
17 67 137 52 161 164 97 42 141 41 105 68 79 207 129 84 41 189 166 32 56 101 217 78 219 35 57 231 120 228 72 162 111 140 189 171 96 242 242 222 174 199 4 29 241 191 146 39 90 21 100 204 125 194 121 132 180 167 8 95 43 186 231 211 154 249 234 164 24 146 11 57 61 125 20 127 39 128 122 112 78 111 200 111 21 133 22 219 165 167 28 68 153 
172 74 203 151 82 5 226 97 107 6 158 123 180 92 157 4 8 149 173 77 82 182 93 17 8 143 6 169 45 206 115 216 130 172 111 112 169 61 17 199 109 217 60 210 181 192 161 154 19 244 238 237 135 125 109 190 36 85 217 194 234 165 51 25 173 182 50 57 185 104 77 178 246 181 221 230 243 220 169 142 243 13 133 218 132 183 143 33 195 2 20 110 214 
142 31 8 158 174 34 124 218 88 217 23 33 91 245 133 14 200 83 216 46 22 233 214 109 22 235 195 41 42 132 37 157 97 189 88 27 112 130 225 169 8 50 17 183 46 91 29 125 83 83 86 80 61 77 196 94 70 99 36 35 20 62 55 230 28 243 96 160 246 20 197 124 63 123 147 200 144 162 119 248 237 202 165 99 187 157 163 179 140 19 182 79 1 
87 174 50 132 21 165 67 185 45 91 8 144 130 201 55 81 43 154 228 205 209 210 239 42 3 195 174 210 68 135 152 191 222 165 140 20 234 181 164 180 123 166 42 74 118 95 221 239 154 109 61 37 84 151 205 7 215 96 99 1 81 192 143 109 116 61 155 146 235 239 162 141 212 90 161 75 157 93 157 102 214 99 29 230 13 224 232 9 78 55 81 140 91 
32 4 125 38 220 132 201 6 247 125 39 242 67 185 107 114 208 102 186 178 158 85 217 212 29 201 106 210 15 239 134 180 199 67 96 141 235 160 166 218 232 172 73 180 59 228 191 54 44 98 181 224 38 3 104 28 208 188 244 121 62 170 3 29 46 14 13 221 88 51 139 119 212 162 170 125 14 25 45 46 79 179 49 169 115 222 69 62 21 237 7 84 89 
51 11 216 47 55 70 204 78 162 234 39 198 249 173 230 216 161 19 73 133 196 190 174 58 74 4 78 172 159 67 115 103 141 152 8 233 145 222 217 165 62 9 34 237 159 99 59 243 214 225 153 219 168 46 219 207 36 152 249 173 236 39 70 36 208 74 10 14 184 21 207 185 146 70 100 188 20 72 149 106 24 11 128 145 230 216 202 177 246 176 3 180 30 
182 28 69 86 183 118 155 122 142 90 6 30 92 53 226 77 175 124 26 86 31 194 205 137 193 231 116 33 236 6 25 151 24 156 195 14 195 219 107 96 37 47 18 19 169 151 141 184 191 238 130 129 95 139 106 230 193 204 165 223 149 213 172 191 163 64 17 250 210 73 102 194 56 72 244 157 52 85 145 5 90 136 218 19 126 169 47 60 172 65 109 142 197 
23 140 192 0 90 40 156 23 176 63 7 118 187 72 147 81 118 149 80 111 242 162 111 90 157 147 151 182 167 39 92 16 64 106 156 107 69 250 122 105 158 117 43 66 54 238 96 124 42 158 6 100 143 176 169 120 137 110 3 123 4 240 227 187 225 89 118 225 18 50 116 223 119 148 133 152 140 18 66 53 111 216 49 46 30 45 19 9 80 227 193 85 239 
181 52 178 110 221 188 205 32 145 101 115 118 167 116 221 70 161 239 210 208 243 175 37 52 144 8 17 196 244 188 182 112 176 229 225 160 76 135 197 206 173 224 68 140 167 105 66 156 45 9 204 57 80 93 89 167 234 179 194 119 65 11 4 59 61 106 158 245 90 72 3 189 110 7 153 73 152 35 169 153 184 33 148 230 177 110 165 197 119 24 151 74 127 
182 73 36 46 150 143 15 247 119 93 6 59 23 223 45 172 93 228 136 206 78 47 232 121 140 160 11 136 250 132 94 137 150 247 47 24 143 17 189 115 141 5 87 30 245 60 187 143 84 59 103 123 46 7 19 78 54 79 80 20 77 17 1 97 222 87 70 186 219 104 35 100 182 65 76 65 82 175 33 206 201 91 210 130 230 50 202 111 76 178 60 19 11 
90 174 176 79 22 22 84 41 82 6 20 213 120 121 45 143 147 221 95 84 0 46 58 85 171 181 250 193 63 139 149 58 117 208 185 50 127 1 52 60 83 199 24 250 18 24 211 35 73 22 166 247 234 123 1 85 16 101 216 25 173 124 74 98 81 170 99 59 140 68 151 4 136 123 17 235 176 198 6 157 198 46 63 159 35 186 238 4 215 230 183 55 92 
188 18 3 212 226 107 71 166 70 116 122 198 3 116 233 141 69 206 156 62 173 61 180 111 176 44 54 216 200 15 179 236 12 182 123 15 101 168 82 163 49 199 159 43 224 83 18 165 162 102 80 196 4 239 226 218 79 7 91 137 72 228 73 52 49 114 84 204 33 51 219 2 101 138 70 65 89 91 52 23 148 77 69 168 10 238 46 9 172 159 107 101 194 
219 87 78 99 107 22 124 169 95 64 68 19 217 247 175 130 33 130 58 23 233 36 196 187 16 199 86 85 209 55 170 114 47 233 39 241 175 237 45 92 63 99 49 40 65 110 139 241 170 155 201 244 105 209 104 224 200 190 174 60 232 188 68 41 172 217 182 126 60 239 52 108 86 94 17 29 24 55 139 225 249 45 97 12 138 124 21 248 12 41 148 116 198 
235 41 155 94 21 136 239 104 62 57 179 176 21 63 197 95 234 99 76 209 83 92 183 197 234 154 180 132 245 84 110 227 250 87 153 226 190 233 57 49 156 133 88 32 61 47 168 179 193 211 230 61 146 59 153 184 60 136 43 148 203 81 44 196 238 149 43 71 22 35 132 149 28 110 157 54 180 187 213 13 30 75 197 33 100 157 39 219 129 87 79 187 31 
131 163 163 159 78 106 110 11 129 180 67 161 242 103 115 54 39 18 37 12 171 227 171 86 43 42 163 122 71 222 81 193 111 161 135 36 196 100 29 56 201 232 38 186 190 35 33 215 95 29 196 177 116 182 154 56 42 233 33 109 51 227 119 167 104 108 47 144 15 119 19 171 29 174 169 143 162 238 80 73 200 123 199 220 62 216 46 96 52 91 174 151 132 
203 5 24 195 230 72 202 12 98 163 1 192 203 236 18 181 98 86 134 171 111 70 46 51 40 169 63 45 47 135 134 205 31 83 7 236 183 229 109 73 54 223 187 170 166 120 82 188 178 195 97 198 143 183 89 16 151 52 34 239 166 39 128 149 210 90 195 90 177 73 69 105 39 46 166 59 95 248 67 3 212 31 126 2 234 173 160 178 1 81 3 31 79 
149 65 133 97 73 102 41 50 229 193 241 192 232 158 84 108 155 179 241 230 49 129 191 194 93 75 214 152 34 218 223 10 133 184 201 84 213 146 238 24 91 201 198 83 134 95 78 50 107 218 33 113 88 83 183 28 245 152 201 27 131 26 25 119 141 101 81 93 21 111 240 247 1 141 246 67 235 192 93 246 122 212 60 42 74 90 236 195 39 145 3 91 180 
5 61 34 56 227 121 224 89 211 32 21 123 79 31 96 14 182 140 208 5 65 229 81 176 198 235 28 230 241 182 240 120 207 136 165 79 53 51 129 37 225 186 194 148 43 136 214 201 65 189 53 159 6 165 126 83 8 10 112 43 26 228 8 99 74 150 219 162 34 230 76 78 138 236 162 239 99 137 86 21 142 118 104 158 168 207 27 79 189 82 15 174 52 
76 41 197 59 195 0 77 202 7 143 54 129 0 14 178 175 3 222 223 183 188 117 230 50 52 117 39 235 243 228 108 101 188 27 74 81 217 223 39 221 147 132 141 140 217 8 181 230 61 49 250 88 186 66 39 189 50 134 190 90 165 238 97 206 153 44 100 81 11 67 26 217 138 149 192 109 65 2 165 93 161 73 62 219 171 214 200 171 211 223 144 229 238 
158 114 145 1 74 61 239 58 143 199 84 246 36 45 203 27 187 91 210 167 170 227 174 5 18 202 10 171 228 51 152 155 11 222 198 117 110 202 92 210 88 187 209 162 0 202 9 108 82 33 147 54 27 234 141 77 187 81 40 41 143 119 42 35 226 3 132 148 34 229 247 39 242 240 223 149 110 95 148 53 27 65 51 162 207 147 216 92 174 239 220 107 172 
74 156 167 53 55 213 163 200 124 183 132 191 185 188 137 104 188 172 6 100 1 250 227 127 186 93 32 200 48 97 104 228 213 63 181 196 213 164 228 141 50 29 183 235 131 234 135 87 77 80 179 13 239 172 207 232 222 72 52 196 134 134 153 41 151 29 219 213 166 33 70 133 242 117 168 84 20 245 117 44 27 236 95 69 228 230 217 211 175 6 140 94 37 
235 226 178 122 123 223 227 50 43 121 157 102 234 131 50 153 249 110 174 69 101 23 70 249 78 223 174 136 233 102 89 152 56 84 45 90 3 9 197 29 246 65 100 109 42 13 172 42 19 249 75 229 146 178 28 133 156 218 47 58 84 161 41 98 98 130 149 128 155 74 115 169 168 228 57 12 231 187 158 128 3 50 28 138 80 227 165 59 37 226 222 219 139 
178 124 41 64 109 211 9 202 193 35 125 177 15 186 223 22 92 21 35 37 23 108 101 125 6 131 230 53 5 57 179 195 141 160 135 138 197 194 56 10 71 24 18 63 93 8 35 95 81 15 22 38 38 189 22 24 155 220 176 218 56 34 250 94 162 219 115 104 42 190 0 74 87 98 225 228 162 120 181 111 136 100 30 44 104 29 207 170 43 158 117 124 159 
198 84 136 137 146 145 107 210 212 137 117 47 218 5 2 17 17 195 206 70 243 202 126 68 168 15 126 100 195 98 209 46 249 94 222 145 58 237 25 205 210 151 74 203 6 234 113 223 11 235 15 152 176 171 4 159 65 74 228 168 36 173 209 159 76 221 147 29 35 120 71 25 224 152 247 166 146 35 130 100 198 183 7 135 181 135 81 1 201 48 179 31 25 
50 181 110 157 216 74 71 71 176 243 6 127 50 231 57 230 160 242 85 129 59 97 72 152 10 98 95 102 203 144 148 239 30 32 179 244 181 188 230 182 19 24 82 54 68 104 144 6 144 148 75 39 242 44 117 138 197 166 213 202 23 191 120 9 206 166 238 200 90 95 112 170 64 184 82 53 250 159 162 174 148 14 150 102 132 170 17 156 212 219 3 62 83 
151 118 80 141 175 87 245 249 93 0 4 178 89 230 153 144 126 5 61 223 81 130 25 202 29 55 88 61 126 25 7 227 49 178 87 235 45 248 90 170 36 57 230 60 150 98 219 73 179 239 34 72 210 132 188 194 190 40 104 14 210 146 190 135 50 95 15 79 166 162 117 134 105 145 113 152 166 95 162 193 194 240 145 165 103 168 241 37 182 1 118 197 89 
120 138 230 103 54 191 28 86 31 191 194 225 173 145 80 88 208 144 56 0 211 165 47 71 23 244 47 201 44 3 150 226 238 214 5 166 84 15 87 244 207 83 122 11 229 130 33 107 122 124 67 35 133 199 234 179 240 132 57 229 234 0 200 52 224 243 108 200 123 62 199 242 32 241 21 117 188 33 188 145 94 107 33 167 128 235 95 104 105 230 166 162 177 
53 152 46 72 121 240 18 71 178 175 91 191 66 8 51 176 46 87 237 163 173 219 209 237 51 220 43 88 75 89 190 112 203 70 65 118 143 105 50 101 218 226 177 197 40 199 135 208 202 139 192 133 128 149 72 45 100 86 78 122 190 22 110 115 248 105 135 250 29 161 200 192 119 213 118 115 101 208 128 129 11 7 89 134 146 229 116 238 85 24 224 171 41 
130 144 27 40 175 186 137 84 13 93 236 84 89 80 142 62 26 107 51 174 168 131 62 193 16 133 36 166 56 113 75 131 118 108 12 148 126 161 36 157 33 222 27 31 193 211 95 172 145 35 195 25 15 16 170 169 50 222 218 38 131 26 158 217 41 70 48 92 54 178 67 93 53 8 65 102 247 138 157 159 111 245 191 201 130 200 230 236 63 161 238 153 11 
3 58 226 29 82 43 185 15 109 137 229 202 115 153 36 216 130 212 222 67 46 214 20 45 212 182 104 2 185 24 238 11 219 81 227 56 192 185 144 227 0 166 164 83 53 111 80 183 177 69 116 18 140 23 3 104 216 166 181 226 76 2 247 207 163 247 101 153 36 54 1 227 77 85 166 86 216 29 41 214 179 113 121 233 60 107 91 153 246 85 29 199 44 
188 175 55 101 185 92 245 30 142 95 220 20 70 0 218 46 15 231 36 92 198 185 206 208 226 93 112 54 183 221 76 216 159 234 109 214 197 150 95 7 30 100 0 123 56 155 55 34 165 171 96 3 249 35 98 66 143 245 31 239 51 117 61 173 66 137 80 132 89 107 40 118 218 127 186 73 130 228 26 80 23 130 231 247 100 250 21 202 218 235 4 131 68 
39 13 33 19 15 44 109 67 239 154 77 53 147 232 165 242 11 70 120 148 17 63 173 180 194 145 78 228 28 238 23 131 83 234 88 223 24 205 53 25 127 158 250 48 78 27 1 244 60 127 47 115 138 73 157 103 180 217 36 137 31 20 8 220 70 140 55 232 121 206 2 133 91 184 241 28 227 110 195 248 102 105 129 7 228 177 178 123 181 135 245 133 139 
142 161 39 7 92 69 121 239 75 56 2 6 101 83 4 103 127 142 232 86 145 41 84 137 108 212 78 157 182 62 173 178 114 210 79 18 215 215 209 19 191 93 176 122 37 222 236 219 204 182 17 212 238 150 172 145 23 116 54 214 178 115 231 130 57 87 197 163 67 20 113 75 11 53 132 35 118 129 195 62 91 213 115 153 131 40 83 88 109 221 236 138 100 
82 65 39 66 76 209 240 97 207 141 136 171 143 175 102 10 14 46 56 247 250 184 132 97 81 58 226 149 40 245 76 119 164 247 163 62 159 122 126 134 71 204 172 162 94 143 75 61 34 120 100 244 237 238 215 112 133 15 196 242 240 177 194 13 88 76 208 10 143 118 191 85 14 109 153 207 42 223 203 86 245 119 55 159 100 156 88 123 65 149 2 242 22 
205 84 148 45 178 138 158 132 151 152 196 220 141 20 12 179 188 196 67 143 62 133 213 54 169 218 118 203 110 214 1 124 227 170 130 178 71 194 147 200 158 33 87 238 127 7 241 71 19 174 63 167 224 68 23 163 143 141 182 190 73 28 23 67 206 236 192 119 106 47 34 182 53 142 183 109 181 89 209 121 99 146 250 77 79 210 115 38 30 202 163 223 171 
231 56 9 219 248 6 11 204 164 37 144 233 78 209 192 226 175 56 11 70 20 143 19 18 169 172 100 147 96 9 49 170 229 58 182 191 1 244 178 76 94 214 219 133 55 57 149 123 116 1 177 174 61 56 245 38 213 69 34 120 133 107 88 221 246 222 90 91 70 250 146 8 112 42 56 189 52 129 224 12 81 46 9 20 67 91 77 162 95 170 233 6 153 
12 223 244 215 173 123 34 184 58 40 121 51 207 197 248 18 147 141 148 133 182 206 9 223 60 49 167 159 11 200 140 236 18 231 89 42 62 6 27 241 65 12 16 150 11 245 91 104 250 209 159 207 130 100 29 146 86 172 209 124 159 128 12 132 134 140 181 163 43 216 186 132 172 17 149 147 213 52 215 102 115 234 92 208 16 25 64 20 172 188 207 58 77 
103 230 17 154 175 200 218 36 246 27 166 97 237 116 213 24 19 160 181 144 121 237 70 46 84 110 65 89 250 149 249 194 89 183 195 236 93 101 147 117 60 200 111 72 44 66 120 82 146 187 69 73 100 193 127 108 62 34 202 53 68 91 106 30 225 240 0 91 76 144 89 247 196 134 76 158 210 196 237 156 209 52 69 49 56 89 230 89 42 70 8 176 228 
211 114 183 59 187 27 222 192 16 224 134 132 49 87 93 98 33 150 135 225 241 128 227 19 193 231 135 158 126 223 194 121 2 11 84 2 216 37 25 83 118 55 207 146 215 80 139 150 133 32 189 233 2 73 103 26 91 11 67 120 128 73 68 178 96 187 138 123 141 16 22 41 224 142 29 34 107 174 190 117 95 222 208 233 77 87 181 173 101 247 126 68 52 
193 115 10 189 7 114 222 77 7 201 136 154 154 128 197 50 208 187 51 130 204 61 91 110 67 20 187 118 133 218 132 156 65 193 89 228 146 98 3 59 4 153 205 160 214 180 103 161 0 126 126 54 250 95 243 23 206 80 90 59 156 94 238 151 52 18 239 229 180 19 179 77 101 215 15 34 165 36 211 23 232 181 25 228 163 50 183 92 209 226 195 42 220 
0 128 132 223 18 63 37 132 84 203 129 197 136 36 85 185 151 77 142 163 79 197 241 238 146 63 45 151 141 17 224 81 1 133 33 146 116 180 84 224 181 177 79 90 84 244 0 46 80 196 184 9 101 167 181 33 234 22 114 195 51 22 36 187 221 0 75 196 233 77 166 128 168 51 41 117 125 228 79 204 163 11 233 203 45 35 236 18 15 66 227 74 188 
231 200 211 140 31 164 237 122 150 245 231 175 188 149 125 241 248 61 42 30 17 208 217 175 103 217 57 92 86 203 22 123 224 4 133 89 25 164 122 232 82 140 5 241 171 240 77 66 5 141 27 40 12 11 173 248 21 16 203 193 199 249 41 222 226 164 72 225 44 183 48 2 191 112 98 196 52 201 241 185 193 176 5 201 246 146 131 27 22 70 101 240 210 
7 92 139 28 165 64 22 244 47 217 117 106 208 177 76 193 41 123 141 236 90 4 237 202 34 25 104 13 56 67 5 165 113 23 22 114 123 185 145 62 32 241 161 173 78 165 41 124 3 72 9 99 238 141 154 171 153 155 134 8 172 101 46 78 57 225 92 101 168 170 206 95 209 44 189 109 117 17 120 163 221 75 147 64 17 221 188 41 224 109 74 61 78 
73 130 162 198 133 112 172 140 220 28 141 70 168 11 41 123 29 10 152 124 187 249 42 7 138 245 3 69 6 151 210 102 3 88 76 117 131 206 80 97 35 96 176 153 213 64 154 53 92 38 194 136 241 171 52 227 19 154 185 109 85 58 141 70 82 24 210 49 176 26 247 86 184 222 16 239 8 174 186 20 5 176 44 236 166 18 96 42 171 154 40 177 113 
247 220 63 164 62 134 18 151 221 108 136 54 93 27 148 99 17 234 185 232 111 160 48 113 1 151 249 42 200 166 114 200 99 103 71 241 171 35 150 54 90 176 198 121 61 60 26 71 141 63 189 29 54 205 20 96 34 113 123 185 192 228 144 230 174 104 26 65 77 144 205 209 213 207 52 22 94 24 108 86 20 162 121 135 49 168 139 12 81 58 238 24 131 
107 247 25 178 158 25 79 75 165 0 171 192 153 163 94 148 1 225 34 4 241 229 152 217 107 53 114 202 232 139 49 173 167 160 56 144 126 239 169 55 66 221 235 62 223 42 8 39 93 40 189 244 66 8 167 114 37 44 249 180 122 239 233 170 197 169 61 172 7 195 29 230 141 224 75 11 210 70 181 15 95 12 244 8 249 119 33 28 107 82 73 217 34 
29 99 171 209 234 119 105 112 146 115 91 190 77 11 165 186 38 220 172 68 204 74 182 245 53 190 124 52 103 92 233 144 66 88 30 118 227 17 68 155 234 129 84 21 226 1 97 145 55 17 102 28 128 209 104 146 155 151 12 118 178 248 201 64 233 158 32 0 84 216 41 109 236 179 222 242 52 119 132 195 123 107 182 191 223 53 232 10 9 131 245 193 218 
74 218 249 37 232 127 180 218 2 171 7 126 101 68 20 58 70 62 206 94 70 21 103 89 84 235 145 31 159 171 210 63 128 104 202 55 145 23 91 19 144 42 146 67 132 200 102 215 50 138 123 86 214 167 74 212 129 193 242 168 2 185 79 56 242 176 249 67 18 210 219 210 221 49 191 160 211 35 1 83 26 143 123 65 104 109 180 156 142 62 145 226 56 
72 214 24 27 50 72 179 126 78 138 90 23 214 114 65 104 112 144 55 7 249 242 216 17 124 237 19 8 148 3 130 198 95 224 155 9 146 139 110 74 196 108 33 92 138 204 31 19 187 99 102 145 199 13 95 22 73 57 214 225 218 32 81 92 131 98 94 139 94 193 118 218 175 77 65 22 25 4 62 8 111 228 114 129 122 130 145 183 37 203 99 232 115 
122 34 128 53 249 188 139 55 108 196 96 94 75 17 16 203 145 109 249 140 155 164 203 165 89 142 92 169 174 110 229 204 172 70 95 74 116 83 148 112 235 248 52 102 9 135 134 75 82 217 181 65 202 23 241 108 245 132 202 206 90 102 63 187 115 226 167 155 1 224 14 45 200 223 53 239 63 49 13 118 74 75 53 210 219 203 209 11 226 200 10 36 144 
154 135 35 194 35 176 165 49 177 157 233 15 31 224 247 93 102 148 153 178 212 143 196 217 164 45 52 7 59 233 3 159 149 188 182 129 216 129 9 166 59 10 68 131 56 53 168 83 68 10 111 88 149 219 35 215 0 114 156 205 222 41 57 113 90 21 249 109 153 123 106 213 174 109 24 155 119 143 50 154 4 177 138 65 34 243 101 232 21 15 49 82 91 
172 237 59 200 86 202 220 226 103 237 221 152 74 6 121 61 31 126 70 109 48 27 108 80 114 208 249 93 203 191 127 120 166 218 240 12 158 145 189 224 225 23 226 43 80 45 31 28 125 222 244 143 52 194 129 185 182 102 141 24 35 233 5 133 51 33 239 113 112 105 41 23 36 59 194 231 62 184 71 30 31 148 147 200 136 128 161 66 222 195 214 73 220 
136 172 161 89 36 167 148 204 133 243 34 227 74 63 100 127 213 86 42 245 124 249 168 104 114 123 228 230 104 158 6 207 129 21 174 216 34 219 107 127 107 152 131 138 199 198 22 18 180 155 140 44 60 80 88 95 20 51 109 39 98 107 113 139 232 24 163 4 0 20 19 165 86 226 195 5 6 86 173 155 23 72 53 19 49 40 164 121 76 79 161 30 213 
125 87 58 44 105 122 236 15 52 153 43 69 55 66 70 130 45 7 103 8 207 19 102 42 17 239 101 185 236 175 178 88 32 99 140 246 161 238 223 32 85 48 217 70 156 126 79 5 48 81 201 220 216 120 3 230 137 160 146 92 70 7 118 209 239 33 102 129 193 187 156 76 175 205 144 211 62 247 76 208 189 98 248 21 90 209 40 66 108 154 28 125 55 
183 31 183 187 1 244 9 114 42 233 196 100 51 54 59 12 86 25 48 209 201 122 101 214 172 142 49 189 237 50 172 66 7 101 23 149 217 213 243 212 16 213 182 203 60 36 16 31 2 144 21 232 149 131 24 184 97 37 190 246 244 123 204 146 121 179 129 153 214 222 225 188 176 166 119 120 74 66 242 234 75 83 0 86 107 15 195 244 46 149 71 250 59 
97 247 74 146 168 211 240 110 79 232 248 105 215 106 125 197 47 37 71 40 225 245 239 218 130 117 17 221 71 239 148 123 224 85 45 146 247 222 244 201 0 41 21 76 171 176 64 117 130 95 203 147 209 28 192 147 167 76 230 81 22 40 224 65 119 6 127 186 0 16 127 127 230 194 240 50 218 105 37 68 27 71 72 221 182 49 73 200 177 54 232 96 84 
175 145 82 75 241 6 156 3 115 199 140 168 14 104 99 61 8 172 198 26 213 138 38 44 65 76 58 84 217 149 173 142 33 61 148 213 40 132 80 228 10 151 147 192 104 166 169 17 145 170 103 246 238 23 167 172 234 194 247 185 43 178 16 154 228 232 214 103 71 202 197 19 102 104 158 94 114 81 143 39 38 73 209 50 10 182 196 116 221 34 102 184 204 
131 233 180 235 194 125 212 128 223 37 70 244 74 205 240 89 199 34 242 52 80 56 161 217 97 143 108 197 127 222 161 175 122 3 126 232 215 70 4 102 16 244 206 136 83 199 156 109 233 233 196 223 229 117 63 109 187 137 55 203 151 3 18 235 241 203 202 27 82 75 1 209 17 13 176 122 250 16 237 147 34 66 38 149 28 62 58 29 0 128 82 224 229 
135 194 82 199 44 194 136 56 98 124 244 184 232 29 26 23 114 247 118 226 26 72 234 186 189 25 18 172 102 55 228 24 204 216 127 36 45 32 124 78 126 113 117 222 64 200 119 178 117 53 41 193 197 157 188 198 77 70 231 18 53 100 134 130 122 213 243 115 199 63 194 31 26 29 47 135 203 187 12 208 93 113 233 67 189 240 69 116 206 51 236 215 188 
248 96 138 118 6 40 162 83 244 164 156 72 234 198 152 149 87 10 247 67 234 208 125 179 141 82 45 45 100 238 85 125 138 75 122 67 95 220 171 152 67 234 114 170 104 4 166 106 150 72 25 26 202 126 216 200 94 12 62 28 8 142 48 158 219 20 142 116 123 224 80 162 102 182 7 150 172 219 236 18 173 20 195 51 36 226 142 201 234 90 98 72 113 
222 118 106 41 10 136 82 200 195 142 149 105 76 65 63 123 234 234 145 240 212 32 74 247 54 199 226 71 107 68 246 103 136 234 53 213 226 91 212 196 148 177 168 56 86 34 190 112 127 170 50 18 234 202 6 56 69 84 199 20 109 128 221 111 154 119 116 117 92 121 126 47 222 21 216 133 46 68 243 142 134 227 114 109 81 157 212 147 110 106 117 103 10 
209 34 201 46 155 227 230 69 111 211 248 5 239 28 39 125 104 177 222 240 162 246 198 116 149 49 165 223 160 40 181 184 2 17 136 214 208 52 245 152 64 215 97 186 127 108 154 182 90 215 157 181 28 168 74 139 215 92 34 164 46 219 222 8 154 57 75 132 65 220 140 5 70 50 37 120 45 181 162 148 9 129 20 183 193 104 132 130 218 105 142 13 35 
4 97 89 241 124 12 195 82 169 32 77 224 53 67 238 218 189 197 129 155 93 18 106 4 50 85 18 43 101 30 180 54 204 8 139 132 166 91 233 5 222 250 28 23 127 199 111 88 51 219 167 243 137 93 102 91 157 189 237 47 63 245 181 82 144 103 20 221 21 197 159 147 181 189 81 183 110 139 99 44 124 121 123 230 105 227 144 179 61 46 129 31 55 
198 186 204 70 175 176 188 140 48 201 50 18 30 138 163 55 23 164 31 129 47 100 192 167 21 7 159 147 47 138 90 230 35 227 244 220 70 211 198 18 174 228 187 173 2 142 100 83 167 87 58 40 248 53 71 55 53 62 158 206 244 66 41 78 218 81 78 33 68 208 231 201 162 164 206 99 190 88 234 119 207 90 225 10 103 96 169 54 14 22 237 102 52 
144 126 185 166 61 168 51 47 207 164 88 55 132 182 165 96 171 101 24 26 104 26 188 196 118 231 84 115 218 187 137 114 25 85 243 97 48 219 5 121 213 47 49 20 22 154 221 16 4 70 29 157 87 19 35 239 154 210 214 214 237 230 63 147 65 95 65 211 158 41 231 59 132 91 84 88 6 162 236 15 30 243 242 103 85 117 146 187 219 33 9 218 188 
94 21 40 181 36 48 156 134 241 55 63 217 188 182 52 236 169 154 207 240 70 115 51 41 32 246 168 15 87 123 206 226 43 57 176 66 116 31 14 42 1 222 85 143 200 37 228 12 154 62 30 197 142 116 171 124 77 175 213 46 184 11 199 63 61 87 197 51 45 249 69 159 238 128 223 68 200 200 120 82 210 80 140 127 6 190 216 48 34 54 95 150 130 
108 54 66 48 246 96 2 100 96 226 25 54 14 242 209 72 134 193 5 106 168 61 55 95 222 158 172 169 148 117 246 102 138 100 233 67 227 78 31 79 160 64 1 99 45 92 221 204 235 236 36 137 17 177 102 98 158 142 37 29 21 219 65 18 201 214 26 2 77 206 109 195 129 47 50 85 78 157 123 223 201 174 235 190 87 116 240 79 9 129 3 237 92 
236 79 194 155 63 104 159 220 158 44 144 101 89 70 167 149 152 116 45 205 86 158 34 18 104 125 133 145 66 213 83 81 78 33 0 187 203 235 66 228 71 203 33 157 101 124 245 197 69 55 22 153 178 176 53 247 162 10 239 49 245 228 120 238 170 161 197 67 37 201 221 23 122 67 36 8 6 184 159 250 8 63 26 141 65 120 67 147 49 200 242 110 41 
64 25 200 34 82 76 9 245 69 120 165 105 116 136 198 190 47 165 19 204 0 207 49 163 218 0 207 78 202 55 117 45 217 42 41 78 186 249 145 76 154 136 127 97 63 247 176 239 238 173 241 212 27 131 9 179 193 60 38 86 59 108 52 142 186 224 64 51 231 230 164 96 229 106 155 245 74 103 156 53 152 113 90 2 198 207 94 59 220 114 129 26 40 
63 247 146 134 233 99 158 16 61 127 249 232 215 10 223 215 86 181 120 96 111 189 28 152 24 156 40 47 167 215 220 115 144 16 191 200 144 190 220 26 98 60 160 59 176 238 69 19 206 46 155 229 65 180 239 82 38 191 223 0 104 165 187 183 244 183 95 166 229 131 88 141 199 241 241 112 68 119 2 167 213 103 44 21 131 44 248 189 117 135 0 79 239 
215 78 88 22 82 44 141 65 87 79 214 22 169 2 135 162 240 152 42 3 175 15 177 116 217 108 151 244 221 136 44 82 143 234 36 132 209 11 217 113 50 124 227 166 99 65 177 158 95 220 80 243 156 58 93 48 233 67 19 180 12 74 102 152 154 72 46 181 193 113 182 83 50 94 51 54 216 81 221 210 174 125 172 109 100 135 222 180 241 170 51 6 85 
187 157 28 75 80 216 23 156 200 246 77 53 215 189 122 247 186 198 200 236 34 39 166 1 58 92 116 58 47 20 157 35 123 132 29 234 223 23 118 239 244 33 192 243 243 38 204 18 89 4 189 8 181 21 246 78 14 135 89 68 39 221 223 195 16 29 203 208 90 106 34 223 173 131 49 233 203 203 181 239 47 196 197 250 71 120 23 25 96 201 220 160 70 
126 247 3 92 36 181 57 241 31 183 148 67 48 103 112 188 197 48 76 234 93 196 60 246 196 193 115 236 26 8 116 210 217 164 139 221 202 47 89 248 130 183 35 136 201 187 246 88 89 216 52 6 6 28 212 45 105 66 26 90 150 192 250 46 18 10 137 169 67 216 138 227 134 225 130 142 60 140 211 57 174 162 174 27 79 188 241 12 56 197 191 82 19 
233 41 9 104 210 4 11 184 29 188 218 67 151 112 154 121 75 224 164 72 168 193 154 25 147 172 18 41 225 206 49 151 208 22 222 193 142 129 177 8 248 147 55 68 70 113 43 76 222 80 91 31 215 236 235 95 66 69 173 196 81 112 112 218 146 1 80 23 87 242 200 212 208 239 143 49 198 187 109 80 76 159 123 79 163 239 164 70 168 68 75 227 153 
8 177 225 135 224 102 33 77 13 209 27 20 113 55 44 228 122 130 91 183 146 80 112 100 153 132 82 188 56 226 79 175 82 36 47 213 20 78 210 57 137 156 34 146 173 194 35 77 101 178 182 135 142 147 116 192 173 211 103 31 13 36 69 71 20 223 94 196 111 22 207 180 198 111 18 106 40 210 128 241 172 159 73 198 56 203 90 155 77 195 207 196 94 
211 115 107 200 151 228 18 137 138 208 117 159 246 240 32 138 212 216 86 7 80 93 244 143 73 19 147 162 41 42 33 4 128 238 35 214 229 186 31 78 149 41 59 142 149 69 230 97 45 38 173 144 13 114 237 62 11 115 57 108 215 233 213 205 48 108 172 197 53 77 246 182 213 226 141 180 124 14 138 18 213 101 207 7 141 158 187 160 73 42 185 105 63 
130 83 221 183 12 129 194 0 17 34 245 7 105 186 199 184 82 6 147 221 147 75 120 221 12 167 44 76 87 172 224 146 137 155 1 4 24 4 90 166 145 9 231 44 200 84 194 242 247 183 37 39 125 13 249 146 198 156 242 76 31 201 163 196 200 24 1 85 70 205 86 102 227 191 158 197 64 242 210 150 206 142 153 33 207 107 75 52 38 154 78 159 15 
174 37 157 47 114 28 12 223 107 226 211 216 27 18 3 222 48 31 39 157 248 37 211 103 92 200 17 144 46 59 68 159 84 5 131 91 110 34 191 50 65 236 201 98 98 19 96 16 39 140 44 208 3 158 10 67 135 248 100 163 185 98 218 6 152 177 246 70 145 189 223 27 185 155 53 68 33 57 14 169 157 143 199 117 148 58 209 224 75 117 200 60 68 
