62
155 34 98 107 239 28 165 42 77 84 63 156 193 204 154 195 100 161 18 128 171 183 24 242 203 58 238 19 177 158 165 77 40 127 214 79 17 179 44 61 103 213 110 189 87 181 48 44 4 153 143 161 232 201 13 160 239 108 172 189 193 131 
244 93 184 192 178 232 90 90 229 206 199 152 152 228 142 171 116 193 175 13 83 38 50 148 162 144 226 240 199 216 239 19 226 151 150 39 110 20 42 10 218 197 104 141 71 59 52 205 147 143 249 225 169 240 137 212 9 244 174 27 234 241 
175 64 49 237 191 41 152 100 216 243 172 21 0 119 51 78 249 9 101 155 49 38 49 248 28 238 148 50 31 30 205 13 114 138 41 71 189 60 168 3 41 76 143 45 177 113 246 131 211 191 156 205 131 163 142 5 64 94 11 107 18 114 
126 161 95 147 71 98 143 232 210 19 42 77 118 233 93 99 53 42 102 7 95 16 161 212 96 76 128 238 188 165 198 175 66 89 61 202 211 16 44 237 149 183 192 114 181 89 227 220 18 49 244 175 132 244 166 178 233 174 68 183 49 173 
91 19 49 125 61 90 154 67 61 77 1 82 137 80 140 38 66 54 83 8 71 130 63 174 157 204 157 102 136 59 109 145 228 91 233 143 65 89 37 138 104 60 152 182 159 0 110 234 164 49 177 183 47 107 166 199 151 171 117 106 64 88 
100 125 218 229 8 53 209 74 95 163 182 189 64 146 182 236 8 39 108 21 227 107 56 125 95 137 247 194 3 225 207 214 18 131 174 191 241 243 129 93 242 151 37 246 121 108 12 140 234 148 99 91 196 220 5 186 175 53 83 168 174 72 
30 241 138 215 182 205 18 249 106 239 244 106 64 206 193 42 126 242 133 100 118 214 0 123 155 9 195 147 201 226 90 213 96 136 129 93 221 140 131 197 150 102 195 113 37 104 200 241 211 58 55 202 137 155 26 216 71 34 3 248 172 149 
188 200 159 187 95 164 110 49 9 247 201 99 105 158 221 248 41 187 92 176 94 107 125 191 85 99 4 220 22 85 81 147 47 149 88 165 42 241 112 123 191 231 241 167 47 7 61 58 236 113 139 165 230 22 31 35 201 242 23 213 137 163 
111 182 129 239 138 88 236 91 212 38 96 103 201 212 58 156 220 35 162 112 2 115 216 160 107 185 221 75 112 170 51 192 13 179 57 239 144 77 159 62 164 210 62 173 233 27 163 19 77 195 184 235 59 23 231 144 162 201 15 240 216 93 
236 146 46 60 187 169 171 152 208 231 219 30 112 202 191 78 92 81 186 34 106 105 80 160 49 143 68 182 86 54 174 198 197 64 128 117 147 115 8 136 123 171 208 147 34 228 207 110 133 35 140 53 225 247 98 42 232 181 2 51 227 186 
117 203 19 182 151 129 5 49 188 129 127 228 16 240 140 133 66 22 211 221 27 34 47 135 191 23 245 199 138 155 75 157 127 214 213 121 34 218 1 127 180 170 137 139 179 136 208 33 197 134 167 184 108 143 205 19 139 71 184 89 145 38 
193 249 30 93 16 65 178 56 53 199 121 68 212 81 235 67 191 175 158 93 28 174 131 3 227 20 125 155 221 193 52 29 42 222 59 185 55 18 242 174 152 187 229 157 206 178 0 23 185 95 206 140 89 125 68 132 49 140 248 33 131 29 
98 229 146 123 209 186 214 24 78 13 58 99 209 196 215 70 15 191 157 231 191 241 95 9 77 180 73 84 87 197 139 47 45 129 24 83 28 202 223 132 225 104 199 166 212 61 155 201 111 184 173 164 11 24 201 66 117 215 230 170 111 124 
87 67 109 4 49 124 192 76 214 41 2 135 213 8 25 91 21 25 80 236 56 97 239 111 2 80 188 153 44 233 3 167 23 67 209 165 160 218 42 249 95 192 233 99 128 186 49 214 167 207 236 198 186 38 159 83 192 52 5 166 119 73 
203 112 40 146 231 217 2 28 224 80 197 90 117 142 110 204 193 239 223 72 209 41 1 8 212 228 85 97 189 61 188 135 10 232 211 150 52 38 246 129 149 117 45 60 161 204 203 223 169 169 81 53 115 53 174 204 196 103 249 53 118 156 
58 108 113 54 220 124 96 102 101 216 222 38 4 23 12 130 167 88 144 97 143 13 37 167 169 235 79 226 191 99 19 234 244 13 98 86 116 45 250 235 88 183 165 123 77 239 36 51 65 41 4 176 178 212 125 128 47 33 227 94 51 23 
9 176 176 42 74 250 201 124 19 124 101 0 69 229 244 199 75 71 185 120 219 165 137 6 87 239 240 113 140 186 248 128 176 4 52 133 64 120 164 7 196 179 149 70 6 74 133 96 156 1 12 213 188 156 13 54 98 201 57 121 173 22 
110 16 93 182 228 8 198 118 126 248 82 103 33 31 76 74 216 44 218 36 96 21 155 55 245 123 240 135 185 219 217 193 5 15 217 138 43 122 56 91 78 46 34 49 151 186 135 150 29 232 242 167 110 78 72 241 136 87 206 45 23 180 
79 48 131 75 158 149 51 196 57 191 170 174 145 77 42 228 219 77 190 175 241 158 127 71 182 95 175 100 137 137 141 147 179 143 150 224 239 205 111 83 102 129 64 202 114 203 171 222 151 144 30 244 193 54 104 236 215 193 117 249 175 135 
78 141 179 85 243 250 55 130 167 226 244 166 206 125 110 89 39 163 159 81 210 139 166 208 180 138 99 128 38 73 16 134 131 230 102 36 62 6 61 111 107 94 239 239 220 148 25 60 165 109 238 70 156 3 187 205 153 169 140 166 243 195 
72 246 216 158 118 152 157 41 118 143 238 29 96 176 243 9 10 104 130 178 204 222 217 136 19 248 196 153 8 190 193 105 236 3 58 121 238 225 105 202 121 246 8 118 246 163 218 153 122 238 140 77 115 217 20 195 9 238 223 86 29 8 
35 43 50 190 113 174 230 130 172 175 219 128 224 60 21 153 165 187 53 57 179 198 13 62 75 14 186 217 19 83 193 127 176 201 20 59 127 68 233 197 166 185 71 0 158 246 190 191 236 89 91 40 99 25 61 45 223 18 199 71 107 47 
245 115 18 145 197 208 249 196 139 48 31 152 130 28 71 155 201 96 186 118 122 79 241 228 184 167 214 185 140 42 84 71 46 166 195 56 87 61 18 93 236 167 246 141 165 12 131 206 201 55 178 49 39 0 39 67 87 154 217 24 158 76 
4 125 82 249 143 150 4 99 242 199 45 67 211 245 224 214 224 212 47 40 209 114 179 244 46 11 10 171 216 91 201 84 102 133 70 12 18 74 76 52 106 87 178 154 226 86 228 153 144 108 59 189 219 105 55 223 197 212 123 167 60 81 
79 95 101 149 9 44 193 217 132 61 48 85 212 155 203 122 55 102 90 34 94 158 48 184 48 114 153 6 104 184 207 38 238 96 103 72 25 31 187 95 186 72 246 70 198 114 78 181 147 195 237 171 27 65 121 100 90 17 114 122 212 223 
136 214 176 63 213 209 187 168 195 248 173 226 62 227 24 64 161 183 80 222 165 165 182 67 187 202 4 129 131 111 102 204 160 230 21 142 154 25 62 55 182 172 241 211 135 80 109 74 33 152 99 63 46 90 156 160 22 240 161 241 19 48 
66 216 91 115 231 120 175 138 230 102 18 92 177 247 207 194 93 188 165 159 191 85 102 221 133 233 45 46 154 52 224 61 15 209 59 85 81 182 175 83 105 26 219 177 185 243 171 93 127 25 160 227 146 5 42 5 84 181 69 242 165 149 
99 12 193 167 152 17 231 229 235 52 191 134 141 147 31 97 161 10 153 244 2 85 156 165 77 21 22 242 42 24 118 124 56 244 164 60 132 0 42 112 113 104 141 77 184 166 211 132 217 232 107 60 117 95 248 238 146 79 222 86 144 133 
184 109 57 13 56 44 69 10 162 12 117 52 220 108 163 8 54 183 87 213 53 131 180 62 134 164 226 121 189 91 134 129 30 17 71 113 250 208 104 42 43 191 221 154 240 82 218 194 21 189 200 246 128 199 89 86 199 173 9 176 219 189 
9 167 25 104 175 83 99 38 140 235 163 13 65 164 235 163 97 14 176 191 225 57 122 98 143 147 246 61 194 32 7 98 92 166 62 250 103 46 126 183 123 81 25 83 154 106 12 208 187 170 228 158 80 165 92 126 203 71 220 51 156 5 
3 71 157 99 6 165 216 130 108 29 236 61 158 174 99 189 73 170 85 107 11 17 96 201 114 155 224 60 10 118 154 12 71 93 46 75 247 95 157 242 165 22 128 85 153 92 39 241 170 190 81 48 249 50 205 83 122 94 96 90 105 122 
102 82 180 78 174 166 168 109 125 111 85 243 187 6 102 20 6 63 146 85 32 218 91 19 134 20 32 210 171 34 41 155 139 35 179 164 146 76 69 9 85 131 86 94 52 5 69 116 72 80 200 47 190 7 33 97 34 91 170 149 68 64 
71 74 106 4 197 190 26 183 221 112 215 6 160 158 137 38 80 104 222 156 234 42 228 125 100 13 117 101 246 172 174 59 52 14 121 250 117 99 199 163 60 211 94 231 175 68 181 134 25 95 153 0 13 94 34 155 79 45 6 14 8 102 
161 142 163 25 201 12 193 62 152 200 112 152 27 100 224 73 101 169 92 78 196 156 148 37 246 122 103 152 116 121 232 153 168 161 179 127 170 71 122 88 83 66 19 66 25 232 93 224 157 11 5 48 137 250 91 66 20 37 110 114 16 175 
88 36 113 79 167 80 219 227 69 243 4 191 22 167 4 188 92 234 118 83 120 147 156 149 41 37 163 176 242 179 37 229 153 16 181 232 227 143 191 157 26 214 22 89 3 215 199 145 138 192 242 210 242 4 103 185 220 0 60 33 231 191 
37 226 177 212 49 45 217 68 84 240 183 108 30 220 107 187 44 18 137 13 196 84 124 77 217 26 21 217 1 187 174 58 93 76 168 250 246 219 208 172 230 85 50 174 222 167 100 203 198 34 102 42 114 207 3 37 71 160 199 140 53 99 
85 138 54 109 171 181 129 123 228 157 141 50 190 166 121 151 112 127 224 187 212 184 232 76 93 96 100 67 66 9 81 128 194 77 58 120 131 85 198 123 131 11 133 46 5 180 153 195 92 76 37 241 128 164 237 238 216 122 145 220 175 100 
21 64 142 89 202 94 129 42 191 221 147 21 98 31 69 101 120 6 42 102 208 76 204 62 58 61 231 53 97 7 94 38 206 106 139 59 11 98 220 156 222 163 171 34 226 39 134 223 8 84 250 166 73 161 121 223 65 66 64 249 142 193 
248 44 241 99 139 138 59 69 43 46 77 204 185 225 159 132 50 226 208 207 104 60 38 225 18 184 169 248 234 52 246 201 21 56 155 194 200 240 1 103 209 69 54 108 19 216 148 144 76 225 77 63 230 143 59 18 133 224 168 21 94 170 
58 220 53 162 108 226 171 212 54 236 126 1 80 191 179 87 20 169 109 166 115 192 19 113 7 80 42 73 173 98 214 29 129 1 140 228 29 151 4 222 64 3 102 2 93 66 217 102 144 160 91 8 216 166 217 44 90 68 166 55 113 160 
27 159 48 127 21 122 143 20 184 131 111 186 155 206 141 2 29 230 234 67 24 187 201 56 58 82 85 141 102 162 150 249 189 16 212 117 146 55 178 64 191 119 33 161 146 173 90 92 183 132 90 216 40 132 113 108 56 186 174 152 182 207 
117 204 160 3 77 66 45 191 207 63 135 26 49 183 6 220 141 65 84 234 221 22 32 203 55 239 250 106 155 156 40 129 36 20 122 32 80 89 119 140 11 129 219 47 111 224 57 7 77 212 168 141 193 77 131 190 143 97 173 172 246 116 
68 37 153 23 42 192 179 62 33 155 83 123 91 201 81 30 104 98 63 245 37 115 171 246 2 105 233 232 242 238 175 234 174 9 207 243 219 187 244 153 63 59 159 133 140 48 65 68 28 239 117 174 155 178 223 211 47 138 34 185 10 27 
126 91 96 123 151 138 123 247 0 195 133 81 164 157 65 24 85 126 103 125 75 186 161 145 156 170 151 193 196 38 15 188 105 219 194 68 179 248 210 35 2 190 77 128 129 140 206 53 72 210 161 181 41 38 4 8 239 57 167 144 111 65 
120 58 130 228 102 57 134 86 238 69 218 45 61 20 231 149 28 198 26 168 37 229 178 74 50 105 214 230 83 189 200 27 144 19 66 25 223 33 209 8 113 108 180 133 117 101 119 176 67 222 218 109 246 246 69 74 230 126 1 31 59 228 
85 91 103 100 45 97 109 18 175 132 57 237 80 176 71 59 159 183 21 43 56 151 33 43 89 163 232 241 114 108 116 152 200 8 242 148 205 186 209 107 234 132 53 139 140 65 82 52 113 46 202 93 160 238 57 176 184 167 233 25 140 51 
178 76 181 232 154 189 168 236 70 154 62 36 41 30 154 92 118 218 181 49 98 209 102 115 88 210 139 240 16 233 170 175 21 226 49 61 186 123 45 39 152 148 38 82 231 15 193 77 88 138 16 163 214 103 76 137 193 204 229 104 99 214 
84 43 145 82 149 222 211 125 101 13 3 4 223 248 133 194 101 230 146 199 62 108 158 13 144 199 100 169 162 183 69 64 167 124 63 235 181 152 30 218 185 3 95 250 55 110 198 217 197 61 228 98 0 248 58 80 203 231 1 96 241 132 
202 16 4 46 229 56 212 61 130 89 124 133 54 180 83 207 115 149 14 138 118 183 225 188 132 174 229 113 43 55 48 54 144 160 54 97 61 240 241 70 151 206 4 186 73 202 7 144 10 116 61 26 145 62 147 137 33 57 112 192 49 166 
200 225 186 1 171 125 85 149 93 149 151 55 200 36 32 14 124 196 170 153 69 4 54 212 144 13 2 179 203 151 192 101 218 50 214 81 213 98 31 222 36 219 7 118 127 168 14 249 100 228 18 45 108 67 84 178 110 24 69 21 10 184 
200 244 134 158 135 217 65 69 216 80 246 124 169 227 17 51 216 214 3 117 142 122 35 169 106 165 148 26 1 8 19 197 172 120 137 160 181 250 142 243 194 85 239 48 172 61 99 198 83 179 177 147 176 72 219 126 34 234 113 196 64 236 
123 81 235 210 160 84 155 16 163 114 148 49 223 123 186 122 115 203 53 214 25 209 201 187 134 197 161 143 51 105 114 139 12 116 129 194 213 238 93 155 113 217 131 3 141 138 240 113 215 162 157 124 5 219 45 9 250 222 127 95 123 153 
19 192 232 93 89 127 160 138 213 125 101 237 160 201 240 210 195 219 110 236 7 99 127 166 145 142 247 232 14 77 231 35 157 3 143 148 57 33 10 2 169 73 73 112 6 21 125 155 191 108 189 182 151 195 60 69 52 136 144 249 78 187 
50 39 40 71 66 221 27 18 237 222 65 101 45 133 159 3 249 198 58 58 190 108 229 176 213 191 192 236 42 66 130 10 141 33 4 138 98 145 179 87 217 127 178 135 11 155 90 180 214 41 150 0 70 95 11 175 135 75 110 43 71 10 
235 221 147 201 190 177 75 121 165 63 102 227 59 72 52 165 125 6 80 223 222 59 127 110 101 167 201 197 122 23 199 62 54 103 46 12 223 232 47 112 47 40 34 123 10 213 34 25 47 250 208 123 172 234 164 152 39 206 26 232 112 6 
39 165 220 229 156 100 199 72 19 195 58 184 198 62 177 66 78 67 188 55 6 175 226 52 151 6 191 161 61 143 79 172 235 37 21 126 227 249 107 73 61 79 174 204 248 128 26 112 205 34 104 247 65 53 47 145 165 30 60 119 125 208 
164 71 202 147 82 225 137 148 152 10 89 193 229 75 242 45 244 49 83 180 182 178 238 207 232 179 28 96 54 244 35 226 78 110 208 10 21 90 184 249 213 225 216 119 9 219 233 149 88 107 118 161 186 100 228 144 166 60 227 31 49 37 
131 70 135 166 186 78 31 172 126 243 125 233 238 141 35 128 160 3 10 233 60 110 38 38 187 69 91 221 214 120 19 66 226 178 201 92 71 65 31 228 39 111 184 26 106 226 147 12 147 97 208 129 82 145 109 204 235 213 8 196 110 197 
169 173 226 78 199 106 150 79 36 40 226 92 211 248 149 30 69 91 85 26 184 128 226 218 131 12 166 62 66 14 30 116 165 5 217 8 34 163 31 49 62 132 220 54 243 37 146 223 41 114 160 34 245 176 12 241 11 73 141 180 80 250 
174 190 88 209 98 245 57 73 183 40 168 69 173 53 152 27 51 138 194 93 139 175 222 185 185 70 25 248 27 1 8 50 48 14 85 131 172 211 100 111 249 52 49 217 106 225 21 141 124 248 159 182 13 157 93 100 66 120 232 163 219 7 
108 78 229 197 137 129 32 198 39 207 230 13 95 45 163 47 60 213 176 112 189 199 139 102 221 14 50 180 22 61 75 181 47 93 204 57 26 53 89 242 185 81 104 66 47 154 128 186 76 166 11 187 198 180 131 187 97 154 41 27 93 248 
185 111 63 37 184 147 123 108 190 231 49 240 157 187 229 197 19 222 166 155 66 23 87 196 146 120 148 147 227 103 135 115 229 194 111 185 153 209 246 227 223 107 163 192 93 104 225 185 84 178 187 180 127 229 174 46 89 14 180 119 143 190 
