25
68 107 249 213 125 244 90 69 20 166 19 40 199 12 73 60 28 214 110 16 221 207 149 60 89 
120 44 115 189 141 193 61 192 49 225 161 236 247 149 40 16 133 239 105 104 129 140 62 62 141 
233 155 181 91 18 202 224 19 240 49 86 230 16 97 13 136 235 117 235 31 131 16 161 94 54 
69 108 170 61 214 136 174 236 9 117 14 136 150 16 68 22 247 163 39 177 87 137 27 213 109 
172 115 69 72 2 106 30 158 190 170 99 69 184 159 100 84 75 98 119 161 224 175 27 114 122 
218 115 92 223 239 144 241 8 231 49 114 225 226 101 62 250 129 139 182 116 0 8 240 46 187 
115 108 31 53 46 111 204 89 88 74 95 25 121 121 128 97 184 161 169 187 134 241 119 41 246 
152 57 196 65 108 88 105 29 133 54 35 95 187 86 104 214 125 18 215 42 201 106 178 232 182 
49 152 102 17 131 232 123 193 91 49 201 217 236 97 54 92 115 40 137 172 208 95 37 121 191 
88 103 81 10 130 174 80 162 54 93 42 130 99 49 250 112 10 55 107 221 23 22 45 37 111 
147 103 158 243 29 81 84 149 226 215 37 35 99 27 154 29 244 125 93 2 91 63 248 24 90 
39 3 13 115 106 152 95 102 127 175 107 36 206 26 218 66 123 128 247 136 8 16 237 35 215 
152 192 84 124 124 219 205 98 25 134 183 224 42 173 202 145 16 131 144 45 62 172 2 84 130 
163 134 5 224 225 248 83 92 21 110 159 108 145 70 57 169 27 30 149 100 107 166 135 222 54 
146 202 98 203 150 246 26 17 155 86 25 203 156 131 78 40 237 12 55 48 237 56 50 172 95 
72 126 249 41 221 103 21 101 219 43 215 18 206 105 46 175 115 45 131 110 46 66 26 113 149 
148 126 93 101 61 246 79 168 108 27 185 89 71 23 6 157 54 210 95 223 80 98 70 224 82 
154 245 145 47 57 144 196 121 97 22 93 241 14 166 25 221 68 234 147 19 237 65 132 226 145 
190 76 84 180 35 248 38 31 146 151 220 179 246 94 202 166 99 29 149 120 17 138 37 59 2 
150 93 11 178 18 127 5 85 174 39 35 31 199 95 17 201 17 129 145 150 115 14 214 207 79 
143 205 84 242 102 62 238 185 27 34 106 152 2 199 52 133 43 178 40 246 126 31 164 16 56 
106 67 114 53 212 144 47 144 142 240 169 105 151 35 4 2 43 50 114 101 41 37 23 147 194 
96 191 33 203 241 195 127 151 26 233 171 207 95 149 37 189 85 25 66 182 120 142 5 132 188 
4 98 221 67 154 101 109 63 65 139 78 123 94 200 32 161 81 91 57 124 176 114 47 90 219 
69 178 136 212 221 41 92 14 142 35 5 218 116 216 77 186 72 107 8 49 119 92 238 104 136 
