85
232 18 38 116 20 205 181 220 152 174 57 8 211 219 50 27 233 87 245 76 84 87 15 98 196 162 166 4 131 166 127 225 110 126 93 216 87 156 71 127 84 190 159 181 242 158 37 20 207 173 197 130 50 148 101 96 68 140 92 54 52 101 44 153 159 72 61 89 237 182 157 7 200 151 183 188 184 245 199 58 60 186 119 28 61 
173 77 207 56 48 147 233 12 127 208 38 20 89 150 85 52 247 87 50 106 78 121 1 61 81 111 141 87 111 56 118 74 11 16 185 89 5 97 180 213 17 50 201 205 12 234 121 249 101 215 98 177 227 61 21 161 132 15 76 185 221 113 171 122 163 227 208 85 186 59 216 216 106 55 199 108 128 147 88 130 246 20 179 44 225 
22 236 40 174 72 144 211 219 174 200 159 115 66 113 149 87 186 172 216 191 101 158 203 181 80 220 204 187 243 120 48 198 119 45 132 123 217 40 193 196 177 165 156 38 93 113 93 194 138 3 40 121 102 6 153 223 160 159 179 43 245 233 25 79 196 224 69 215 138 193 108 159 50 180 8 240 162 25 8 109 141 2 116 189 212 
43 108 76 223 108 172 115 235 94 121 131 35 248 172 126 144 101 194 35 121 116 107 171 210 23 209 37 195 60 81 108 175 199 49 181 243 41 39 207 96 105 73 245 3 86 55 111 219 247 23 117 213 225 242 11 248 124 203 227 151 229 247 73 228 215 191 103 110 200 30 148 77 215 197 168 76 240 36 122 165 23 26 189 7 47 
94 154 165 5 170 7 8 48 57 124 66 32 94 2 216 229 207 53 206 241 162 91 232 72 233 53 94 4 132 150 105 101 87 176 42 169 20 199 223 230 21 105 240 16 2 157 11 135 115 14 177 160 222 181 216 166 69 48 6 102 164 12 183 120 224 225 238 151 29 179 75 10 199 166 151 218 182 134 237 129 153 12 108 40 188 
128 14 165 160 143 206 179 165 231 0 3 229 139 81 221 127 33 59 135 218 62 52 161 30 49 25 31 161 34 80 152 226 92 237 202 120 210 9 242 164 146 144 68 102 161 64 150 193 110 206 4 127 22 110 52 4 161 75 25 99 209 87 76 47 101 59 13 112 82 25 131 240 208 109 16 14 46 221 110 129 41 97 64 45 215 
155 102 63 15 227 82 46 68 135 127 233 226 143 149 42 230 23 216 85 112 171 143 44 153 125 200 122 206 207 227 116 244 20 184 88 207 199 31 148 189 73 242 174 207 92 82 147 130 222 55 130 71 152 57 31 169 195 24 106 181 202 28 103 242 53 35 36 107 150 197 92 18 166 168 53 204 222 34 99 241 106 247 223 106 189 
53 110 172 7 53 211 22 97 193 78 173 160 141 121 47 128 198 116 5 84 156 42 229 65 19 36 132 163 37 53 78 17 214 140 149 52 150 129 71 14 42 109 228 221 215 9 126 30 148 62 221 115 245 143 94 165 56 68 201 214 92 112 217 117 20 250 141 244 111 179 28 10 119 238 80 98 19 125 155 87 1 102 65 11 220 
45 83 195 156 28 234 104 227 11 9 179 135 157 132 183 17 180 40 111 138 191 187 71 48 101 217 31 140 186 227 55 133 14 193 240 76 64 114 135 157 215 24 39 61 203 248 123 54 0 182 240 66 216 174 0 192 250 239 26 92 193 44 231 36 71 16 120 190 161 231 220 33 166 113 147 98 76 142 102 170 84 237 7 89 170 
164 192 46 225 45 77 88 127 5 157 129 93 87 42 231 192 246 178 51 142 178 93 4 164 156 232 206 72 164 88 72 172 127 239 249 242 120 46 141 140 246 193 82 75 105 141 7 211 182 160 81 16 144 30 177 220 30 95 152 29 58 46 227 108 111 156 170 164 58 125 204 93 79 117 7 14 124 130 198 145 101 170 217 247 110 
87 145 36 11 130 123 61 211 144 78 76 77 37 40 64 10 136 139 58 1 130 66 155 137 141 77 8 38 3 229 157 5 1 213 50 238 107 200 51 40 188 114 111 165 200 10 82 46 177 101 210 147 55 211 150 0 33 82 61 115 187 229 51 66 95 32 88 52 236 108 190 16 133 198 59 217 67 56 127 35 99 9 241 79 136 
242 214 68 131 126 187 65 246 227 184 250 129 148 166 149 224 205 209 196 229 70 87 76 202 8 19 48 51 43 231 191 14 0 231 198 126 35 28 136 237 31 30 19 240 234 125 31 203 25 232 12 215 157 249 110 32 73 32 4 153 177 30 199 151 109 179 59 27 41 171 19 81 223 13 151 94 89 237 158 189 182 172 59 94 142 
132 124 36 150 56 195 32 87 167 205 179 172 197 202 249 85 228 118 28 201 23 118 234 205 30 55 28 218 87 110 214 62 144 176 184 188 148 106 76 127 15 232 49 95 192 5 84 57 50 95 126 178 102 202 72 72 99 250 46 73 162 47 124 130 43 9 175 235 80 16 174 76 3 11 163 137 65 130 79 244 183 66 85 91 114 
159 71 2 42 68 132 82 216 87 107 124 157 109 230 63 224 24 35 14 237 192 2 51 131 108 211 20 62 159 38 98 142 242 30 122 133 250 136 87 219 139 111 117 45 152 203 47 223 225 250 49 14 181 127 37 63 136 209 243 141 163 248 182 241 24 238 122 164 36 202 7 74 136 188 14 220 179 137 142 218 237 57 56 225 147 
165 137 116 179 168 1 198 33 156 75 221 12 236 108 54 226 180 74 21 213 183 190 187 231 122 126 204 128 30 60 215 64 54 245 62 74 143 100 107 222 238 221 129 118 117 44 68 79 56 83 246 63 176 38 162 16 43 249 4 250 22 119 177 23 11 145 86 247 237 211 159 51 104 10 208 103 90 177 221 56 212 83 200 200 191 
137 234 88 106 203 206 39 5 8 14 46 197 40 63 241 191 3 206 151 64 108 178 222 5 173 131 108 70 71 60 159 189 200 64 163 133 27 198 22 179 146 52 24 122 213 139 109 151 21 38 193 189 162 94 54 223 0 228 179 175 10 95 5 215 202 67 219 125 204 113 29 85 1 151 50 22 2 194 54 197 58 239 130 164 157 
157 127 104 73 13 211 227 167 171 227 237 24 2 136 38 127 143 231 183 86 35 163 16 69 67 227 62 36 162 50 101 184 136 129 129 4 77 19 154 10 159 171 236 32 122 181 16 232 167 85 35 88 134 228 107 125 92 191 114 137 174 146 168 4 97 106 152 212 182 16 129 26 101 174 151 172 141 244 151 146 83 79 74 152 149 
117 59 77 156 229 166 2 86 7 60 118 195 116 16 117 13 156 70 235 182 60 40 102 217 238 202 215 195 17 37 241 56 10 182 176 216 76 59 9 133 187 55 152 149 41 47 142 74 129 168 203 85 79 79 101 165 222 222 36 25 39 248 230 4 2 104 157 48 26 87 116 18 71 160 247 69 224 225 135 85 36 245 104 203 229 
110 76 107 90 16 9 105 0 34 156 45 250 92 100 0 250 130 32 46 115 193 172 147 172 136 181 36 154 55 61 185 117 180 129 171 220 131 204 11 96 80 196 90 11 216 175 208 156 150 104 68 231 0 221 104 224 68 56 32 40 166 118 139 108 161 171 23 51 240 96 178 143 243 181 14 24 79 59 22 102 208 49 88 64 3 
15 7 125 200 136 206 158 132 136 221 177 18 176 208 2 46 19 250 204 12 185 29 243 6 230 143 87 29 200 32 110 84 46 70 84 56 167 165 26 189 82 140 217 131 212 131 169 228 187 54 100 124 29 88 105 89 145 170 215 208 240 238 248 187 127 237 208 178 175 61 241 142 45 229 42 248 123 35 223 97 56 171 10 56 65 
250 71 209 155 183 22 30 62 16 118 201 23 242 90 190 176 15 156 73 97 232 133 82 1 236 193 92 96 209 222 249 207 11 167 64 53 242 205 103 231 124 93 136 240 138 207 7 221 114 87 70 60 10 135 16 198 194 170 15 109 85 39 126 13 14 120 0 240 204 235 0 108 12 159 145 86 227 202 106 175 60 226 80 87 0 
128 212 157 190 79 238 188 124 104 247 18 5 18 69 103 215 239 112 223 101 73 91 225 29 74 47 64 70 105 2 81 140 151 61 169 230 227 232 104 2 231 72 211 178 102 198 60 173 103 23 0 208 47 110 66 158 209 186 72 68 44 220 60 246 218 231 60 17 130 226 193 72 43 12 105 98 1 53 194 250 150 153 143 125 32 
167 4 159 186 35 204 242 160 65 83 76 217 156 154 118 15 154 231 191 248 34 207 68 243 81 5 80 40 218 104 27 97 201 123 124 136 201 176 130 151 133 147 219 143 106 172 151 242 127 192 121 110 95 156 67 235 30 91 191 224 143 141 121 33 168 129 37 157 29 245 221 58 162 162 235 91 138 85 110 120 147 186 165 65 192 
172 91 58 75 237 39 160 27 239 105 144 177 113 120 201 64 33 39 75 116 123 212 16 96 141 34 69 65 169 224 154 238 126 122 10 184 80 168 166 120 104 81 173 248 24 46 145 142 110 152 188 68 92 73 133 52 248 64 52 169 194 104 46 238 3 120 165 249 95 119 89 115 153 55 9 58 111 124 249 221 54 41 165 221 93 
9 130 242 87 166 156 217 194 42 83 49 125 52 217 51 173 92 12 194 202 115 54 95 157 38 203 0 9 212 79 93 110 61 228 77 232 71 103 181 81 3 148 196 177 28 111 97 202 229 243 238 0 229 9 129 243 124 244 217 98 229 222 3 24 123 197 121 47 118 175 241 49 124 127 169 102 130 105 143 165 99 140 0 39 20 
35 230 160 197 93 39 8 92 156 212 221 28 39 222 228 159 44 28 74 173 51 117 58 191 28 209 230 197 160 29 103 135 54 181 78 246 20 184 91 157 202 17 112 196 218 244 79 36 121 169 95 237 46 151 222 164 58 52 39 2 129 22 116 18 210 232 89 203 8 90 182 124 200 165 208 194 124 36 21 173 238 125 229 130 107 
75 143 212 196 23 69 215 135 204 63 229 198 3 46 221 147 117 179 110 164 142 86 56 190 171 50 64 40 231 81 170 153 134 177 210 16 120 226 108 173 122 196 193 91 35 56 146 98 186 11 112 91 243 49 169 144 72 95 202 167 96 13 141 157 152 68 73 203 32 61 66 198 135 123 109 209 132 113 214 82 140 222 14 197 58 
29 215 0 223 173 123 238 250 101 102 49 240 170 90 211 133 221 28 169 152 64 86 34 50 113 196 155 122 131 197 109 124 16 231 230 164 84 22 225 213 41 198 110 37 158 245 3 124 188 79 94 170 60 22 189 28 177 206 174 67 125 47 51 151 79 83 127 142 161 15 142 237 162 175 68 155 51 18 54 201 127 226 109 81 70 
72 227 161 104 63 166 161 245 183 146 54 88 206 140 210 35 38 93 38 129 0 82 60 173 175 149 219 135 51 106 165 114 165 188 24 235 236 60 62 198 87 96 217 241 94 167 95 231 136 89 124 205 120 145 0 141 121 193 247 158 30 3 167 67 159 217 85 123 148 129 32 186 73 188 8 213 226 245 227 81 1 169 117 2 20 
150 152 48 28 86 137 232 235 6 230 121 227 149 232 37 222 160 215 15 107 203 122 67 189 202 27 49 26 50 229 169 61 137 172 43 126 60 178 67 9 167 186 180 216 235 127 148 69 71 84 99 23 19 79 84 23 114 78 87 43 4 186 166 65 246 30 226 103 68 18 191 249 101 164 5 124 160 47 246 245 113 233 77 162 26 
217 7 214 228 43 20 218 73 132 228 23 188 226 87 232 113 204 216 27 188 94 46 56 198 166 30 164 107 226 4 119 143 28 227 15 138 231 26 236 20 193 70 142 189 205 146 4 152 53 76 208 168 102 37 149 62 35 41 240 215 12 146 206 171 172 28 142 244 238 235 220 215 47 72 212 106 163 182 82 163 136 108 240 195 95 
94 76 66 36 245 224 243 127 106 214 46 183 131 141 179 249 169 73 100 65 209 40 53 126 29 127 187 142 166 140 11 19 70 119 19 142 29 185 193 151 159 54 134 51 216 26 218 62 139 161 201 147 58 155 218 245 92 135 233 148 134 57 173 96 142 163 27 53 154 108 165 5 73 73 15 30 209 160 138 192 78 84 88 16 74 
0 100 151 208 232 244 59 86 212 94 194 147 228 146 200 158 9 128 243 156 143 110 5 125 211 205 48 31 219 39 0 128 158 213 191 20 35 51 75 240 135 53 85 238 117 20 208 181 9 21 184 131 166 163 172 120 127 224 217 153 144 195 243 161 90 231 104 127 157 207 217 97 33 215 216 231 99 204 30 233 41 58 37 75 8 
68 139 20 18 145 206 145 55 204 171 161 158 127 104 198 81 41 26 150 20 98 179 7 211 21 32 135 114 17 150 19 228 8 122 39 124 232 58 60 39 98 185 84 176 239 19 202 2 144 67 191 216 216 14 19 242 229 58 138 165 194 119 99 207 65 88 28 31 139 164 123 102 96 105 132 9 19 226 202 161 84 66 121 146 209 
186 211 63 79 77 98 33 61 10 220 33 47 217 54 153 111 212 65 52 158 48 218 206 151 118 78 106 20 165 46 244 243 138 147 5 32 41 89 68 237 15 68 115 104 79 201 10 238 87 211 94 226 64 174 197 147 61 157 69 145 41 118 116 238 117 73 121 89 1 34 161 183 148 221 148 19 99 23 237 198 147 150 105 172 122 
183 26 227 72 145 64 173 134 223 80 184 13 152 82 108 26 59 130 23 123 164 185 173 178 209 75 240 166 153 169 14 117 93 207 64 135 88 218 37 231 208 145 13 124 94 99 126 77 137 245 171 222 12 15 122 236 134 248 177 223 163 78 172 161 177 128 97 121 52 163 55 188 240 122 243 167 230 69 39 1 101 231 74 75 192 
101 20 80 58 21 122 0 145 193 181 142 155 148 102 85 225 154 243 197 179 243 202 135 118 171 124 118 75 64 97 63 181 78 99 93 198 143 35 172 178 172 22 213 244 205 45 183 79 147 103 113 112 205 60 226 50 113 37 169 6 132 178 82 91 139 47 228 211 40 83 227 131 210 119 182 185 231 15 199 212 23 218 199 159 39 
162 182 191 50 232 129 19 207 201 29 234 201 70 59 22 182 87 73 173 34 44 49 231 141 172 19 150 89 209 183 188 173 47 209 217 79 149 31 247 187 153 249 221 15 195 72 150 165 51 28 176 29 140 31 120 161 110 57 120 117 65 196 201 234 172 20 111 109 212 48 107 214 230 183 23 184 130 73 146 86 222 111 232 73 82 
193 182 58 21 178 6 170 93 235 90 42 233 201 153 13 4 3 86 18 64 249 52 117 119 142 174 53 124 91 207 14 212 126 183 29 153 84 86 28 154 233 193 159 133 10 212 10 178 50 165 41 38 63 69 136 133 19 86 188 50 122 79 167 48 124 55 243 231 134 220 103 242 165 115 103 27 3 86 18 243 164 57 1 7 121 
77 90 98 205 161 248 6 120 157 193 193 0 213 18 58 59 205 111 53 223 73 213 2 120 246 135 89 215 31 58 48 239 49 160 127 141 101 15 208 212 121 133 186 128 192 132 140 64 163 44 217 153 236 244 155 35 113 86 195 38 85 189 6 37 82 184 237 95 221 182 3 168 196 195 60 83 149 128 62 62 18 138 173 45 15 
179 137 161 207 185 132 166 95 168 18 140 247 190 62 80 91 66 69 109 205 31 120 43 17 239 44 159 79 105 118 33 187 113 117 233 178 177 97 199 201 247 250 160 124 205 62 7 246 127 220 115 119 16 156 223 156 69 115 148 75 154 171 145 190 144 132 40 29 213 118 134 194 183 113 113 196 2 132 208 164 93 68 236 219 36 
240 91 122 124 169 234 10 194 150 210 204 107 70 181 221 192 33 206 240 45 195 32 60 185 222 236 210 126 109 224 44 225 158 235 149 57 184 50 43 205 61 181 151 8 166 244 238 113 30 195 65 137 231 64 15 68 10 212 92 126 18 42 132 227 67 72 40 100 53 231 213 42 37 99 203 14 51 123 250 213 106 235 46 130 106 
54 147 242 200 29 97 62 156 108 91 12 21 72 231 24 210 141 87 250 181 16 218 224 71 92 56 189 146 164 1 179 237 244 235 21 126 88 140 194 237 51 27 74 204 202 114 34 213 226 16 4 190 176 120 158 111 194 209 226 181 8 47 137 58 82 78 27 35 211 70 104 150 143 122 54 226 15 215 31 133 189 4 206 130 158 
45 247 60 182 49 3 137 69 176 9 217 60 28 124 158 243 111 33 236 74 208 136 53 167 243 138 84 240 136 187 244 73 188 166 28 168 244 10 65 121 28 88 95 102 170 192 162 38 69 104 239 10 12 149 239 70 56 204 7 234 222 42 129 22 120 92 89 213 130 43 139 10 212 234 1 222 113 37 245 237 36 181 6 0 174 
71 126 121 21 116 68 124 192 81 170 38 218 41 53 33 150 127 38 200 156 176 199 100 161 78 155 129 135 61 39 35 79 157 171 233 90 4 83 242 234 21 48 111 81 33 124 181 12 62 96 195 36 194 124 11 244 139 95 101 179 28 52 53 70 231 161 3 76 54 82 228 151 3 154 65 193 105 11 46 75 217 80 27 23 192 
193 203 104 27 63 15 57 37 73 26 218 83 70 78 124 26 135 23 234 31 90 22 86 71 51 46 48 55 158 146 64 200 203 235 198 207 204 67 243 181 235 220 23 181 104 192 68 183 218 51 123 67 197 9 130 42 108 174 132 205 186 120 153 72 103 17 110 113 80 70 192 34 155 56 76 208 180 186 227 124 235 70 136 5 59 
123 163 115 149 93 216 114 97 154 17 240 203 226 195 16 43 105 215 40 20 37 149 53 142 31 158 35 170 91 75 210 229 23 95 158 231 250 220 150 22 63 194 111 56 140 220 82 129 110 11 70 136 208 236 201 6 12 148 77 121 155 74 112 88 44 198 214 195 245 230 86 158 11 244 224 197 37 67 210 201 37 120 164 56 139 
80 133 165 194 93 236 215 197 176 86 39 2 211 199 225 191 36 219 124 227 245 43 141 31 223 215 57 79 128 56 9 13 68 215 156 212 93 95 185 54 11 150 154 130 162 196 91 54 11 223 187 78 177 32 166 248 9 218 200 133 15 55 36 98 106 111 112 31 232 94 53 174 41 222 122 181 104 96 57 193 208 72 89 114 130 
177 228 6 46 218 194 196 88 167 168 82 57 47 149 215 112 243 112 240 92 162 9 104 162 124 84 99 26 193 133 215 160 237 187 38 53 58 67 66 158 117 232 29 41 31 96 12 134 156 244 87 154 140 209 138 194 126 207 191 13 141 204 128 110 154 70 58 187 53 178 104 78 94 81 94 114 88 115 231 244 186 5 18 19 236 
92 94 219 207 108 240 73 102 66 109 58 222 207 119 48 184 217 167 144 176 182 14 150 58 15 132 200 244 231 108 115 114 51 137 98 192 63 35 249 131 3 118 129 78 207 182 229 192 164 19 172 184 86 0 141 242 85 79 26 30 207 178 12 127 141 242 7 1 78 1 181 51 104 66 240 163 244 127 233 36 111 137 171 104 205 
84 177 194 154 30 63 17 246 5 169 73 73 228 198 237 247 104 81 100 37 167 5 227 176 248 173 69 139 17 217 27 206 13 193 243 235 135 130 149 176 138 156 247 39 202 41 106 21 203 96 3 219 119 99 158 76 78 111 20 148 51 204 132 188 74 120 112 211 121 208 90 64 123 212 41 170 123 105 118 55 126 173 123 197 123 
163 24 105 148 28 101 34 111 131 13 83 204 161 157 64 159 172 0 164 138 223 187 183 94 126 96 111 42 191 211 36 113 109 132 224 218 74 206 236 227 51 20 39 93 69 151 61 37 197 1 131 150 4 77 143 212 2 178 113 91 103 137 201 118 168 244 14 233 3 247 141 73 94 23 40 33 212 14 208 223 202 193 78 72 190 
38 161 197 87 102 248 113 220 184 47 5 240 92 103 130 177 41 41 210 200 110 179 71 27 166 18 5 139 219 87 203 241 24 192 8 32 223 169 178 202 95 200 215 110 102 83 219 12 123 8 103 105 45 200 144 53 116 193 203 177 135 236 33 245 186 5 206 171 61 12 231 216 80 114 174 117 178 135 157 62 95 150 64 90 90 
165 165 5 198 61 29 15 61 185 13 73 15 247 234 134 107 94 107 244 157 215 171 22 153 236 80 150 127 16 130 96 2 155 25 128 156 168 233 112 15 130 7 6 29 48 77 218 9 195 82 53 32 91 20 18 97 148 150 249 97 8 58 60 81 128 123 11 216 5 38 31 18 190 236 195 32 198 134 155 215 15 103 184 114 0 
186 37 79 127 210 69 89 128 184 164 29 131 12 130 68 79 81 45 33 165 134 65 40 94 238 243 112 111 107 222 137 129 237 221 170 27 127 154 17 45 178 243 121 17 17 135 48 6 57 152 134 205 187 175 25 65 41 64 191 222 135 218 233 46 203 157 130 148 115 214 212 96 107 78 147 211 238 67 69 112 179 47 25 136 249 
246 216 94 249 132 116 173 114 152 3 119 2 123 56 220 250 75 60 121 120 188 177 12 137 125 153 27 224 189 27 152 62 42 55 52 8 46 122 37 35 181 175 4 152 152 205 247 122 242 135 42 204 6 101 237 241 68 68 68 155 121 9 49 72 23 87 129 225 210 227 153 150 157 248 201 125 117 46 10 128 137 17 115 127 194 
244 35 120 111 105 155 181 206 20 70 232 105 9 184 244 231 120 147 203 149 61 131 159 7 169 74 75 199 132 67 144 24 173 47 22 122 152 233 73 55 173 70 23 158 210 47 12 239 205 150 102 70 193 176 206 24 163 119 133 163 98 174 238 238 24 188 207 229 208 123 24 221 135 206 20 161 178 240 79 95 134 239 101 18 102 
152 79 13 195 10 123 211 11 118 175 96 229 112 154 42 137 17 61 35 168 79 10 3 31 1 153 231 195 227 9 84 8 101 175 85 3 144 169 121 220 160 21 35 52 29 196 22 58 141 66 177 41 227 209 1 99 121 92 216 100 174 129 98 247 213 110 202 2 41 222 203 165 222 136 206 152 74 233 10 124 201 200 102 58 45 
110 236 16 60 168 67 48 34 19 49 141 236 98 129 188 221 189 47 230 8 143 103 201 59 164 164 9 80 220 44 107 12 11 6 54 136 239 66 136 123 188 110 22 93 243 161 129 65 221 4 72 246 189 26 151 120 138 112 72 57 207 4 55 160 158 36 48 221 174 243 156 210 213 35 60 49 214 125 75 3 186 92 237 56 241 
177 50 215 40 51 66 45 18 241 83 191 12 207 230 56 123 76 122 232 39 1 58 47 124 118 248 19 202 206 218 142 247 141 120 113 16 218 115 175 176 77 220 70 182 47 1 209 127 170 241 225 45 124 66 41 58 86 119 71 6 195 248 72 100 78 61 52 83 81 216 190 91 150 221 174 95 0 153 223 71 74 66 232 104 80 
38 40 144 242 144 127 237 205 18 219 45 21 123 137 234 141 29 174 22 70 55 44 111 133 134 242 175 92 192 238 224 98 120 164 19 10 208 146 239 228 181 97 247 205 158 191 52 122 85 236 118 181 16 46 86 189 161 51 231 140 3 109 59 172 135 90 148 48 10 102 157 199 213 224 46 197 242 201 203 72 101 172 209 245 52 
16 103 141 234 167 233 35 10 187 30 54 179 180 65 24 188 103 65 202 240 1 123 139 211 204 91 91 106 161 185 110 58 99 140 153 39 249 117 141 0 87 30 9 100 58 33 44 29 65 154 239 33 23 112 75 113 179 79 125 151 193 191 144 184 137 249 208 136 171 48 209 40 148 15 64 247 242 147 198 34 129 177 240 172 239 
168 31 118 81 51 10 201 181 134 54 208 189 62 14 198 93 153 7 188 41 136 86 172 171 197 11 36 83 140 213 118 28 89 48 45 224 232 27 231 250 94 12 229 20 137 143 168 177 147 70 38 214 218 92 74 134 163 196 169 83 53 93 154 1 243 245 39 82 76 48 24 73 6 71 210 234 1 220 145 39 75 153 104 34 234 
100 208 84 199 187 11 144 14 142 113 180 35 193 173 111 217 197 46 166 122 6 167 174 205 141 190 211 14 177 236 103 51 238 177 193 197 234 163 32 84 175 212 205 194 179 19 137 97 111 30 52 42 109 162 246 150 83 134 246 103 6 16 232 174 193 42 232 185 148 206 106 115 99 120 60 46 160 135 71 196 100 156 150 144 2 
173 186 46 236 69 42 59 211 31 44 111 47 128 106 245 167 233 172 115 230 61 212 48 213 29 242 169 6 205 25 90 25 114 247 227 172 101 2 87 209 28 122 28 30 143 196 123 197 146 182 30 156 117 169 204 100 110 103 157 183 83 190 229 70 122 221 240 144 120 43 68 54 239 143 189 64 100 13 228 242 103 83 235 167 235 
90 226 139 78 250 231 6 66 62 36 249 125 97 87 49 82 7 13 33 42 154 145 220 246 215 31 52 75 14 115 125 202 240 140 226 100 58 65 42 110 58 93 114 166 104 58 248 71 108 215 86 20 163 158 236 200 97 172 190 218 60 194 65 137 119 208 226 41 234 28 56 21 50 45 107 183 202 77 4 19 40 113 74 215 128 
37 48 217 115 20 80 160 203 46 24 237 121 120 155 64 154 230 231 191 60 228 11 146 37 147 87 94 175 154 96 20 186 3 203 189 112 153 247 21 217 119 99 92 189 219 53 57 115 118 178 79 156 169 216 177 215 189 202 216 71 10 152 142 225 84 90 38 196 224 213 159 156 188 37 240 189 192 209 20 46 220 155 198 22 114 
36 4 240 62 99 19 5 249 136 57 229 210 159 40 96 227 38 159 3 181 73 107 197 53 23 16 168 87 51 31 117 76 54 225 198 14 167 206 159 184 156 17 94 70 56 5 6 166 94 193 23 46 56 112 72 84 75 18 48 55 157 157 108 229 128 122 193 74 241 20 249 61 106 129 152 39 213 147 10 166 96 188 235 149 71 
105 48 186 123 143 1 47 26 135 3 103 63 210 160 14 71 83 172 37 224 165 234 186 93 195 73 91 143 244 143 108 26 83 249 70 161 15 188 224 157 46 101 44 48 57 236 100 149 211 119 237 210 245 142 56 157 45 157 146 41 81 57 120 10 73 143 179 246 244 32 52 101 53 9 172 218 41 15 246 106 31 164 83 45 136 
156 172 162 22 148 81 171 48 75 152 137 200 114 135 96 140 246 66 244 159 200 242 73 246 5 204 52 142 123 231 199 98 61 77 112 135 197 146 162 234 17 160 71 127 14 185 91 8 245 242 135 110 64 237 210 126 148 140 63 25 211 162 25 19 19 51 19 145 190 144 234 202 159 95 237 172 244 183 245 166 150 16 148 45 194 
201 155 35 18 27 111 97 41 3 117 138 238 18 201 20 27 11 173 105 114 246 183 96 161 136 42 182 11 112 11 24 63 108 100 56 249 85 94 185 111 162 131 52 183 11 224 151 95 229 161 39 27 235 48 115 129 175 68 54 17 199 217 53 3 3 168 49 167 125 7 214 123 57 205 69 235 142 232 43 87 152 250 203 67 235 
236 229 55 148 193 163 3 49 150 179 125 233 248 159 6 170 36 40 8 75 236 61 61 168 209 84 80 149 152 174 66 243 192 95 215 100 55 196 238 35 98 146 95 218 240 216 73 53 94 57 33 52 192 42 5 81 19 14 1 151 43 82 117 7 121 249 143 182 142 31 214 112 59 177 42 97 174 150 219 72 47 185 169 243 98 
151 6 41 0 201 208 200 105 163 15 68 235 121 183 62 130 171 235 6 80 195 143 184 119 232 170 57 122 100 239 161 27 51 31 225 155 237 95 13 67 171 75 131 22 151 234 69 243 247 244 177 242 192 249 122 185 226 119 236 65 56 21 244 8 230 157 1 151 35 161 116 82 112 51 220 234 198 242 70 117 180 207 34 20 237 
28 119 133 11 24 228 25 60 179 231 208 44 228 37 192 119 151 7 226 238 50 234 66 225 7 16 246 234 63 68 51 151 237 115 194 188 141 183 227 155 75 56 50 97 127 93 163 21 151 84 186 177 168 158 212 155 206 116 171 36 151 83 199 60 240 26 188 35 157 88 101 94 183 150 99 160 164 64 99 151 105 93 77 240 0 
118 163 122 229 8 38 59 0 49 154 90 150 8 0 232 96 44 193 181 53 217 233 138 95 86 210 120 100 250 205 48 74 37 24 32 26 209 39 73 78 187 39 58 197 250 112 63 180 225 201 114 139 188 107 51 25 248 152 164 28 60 118 12 30 216 229 242 115 157 195 19 97 130 50 153 156 180 92 63 250 230 208 91 247 246 
100 238 194 18 160 238 108 247 69 189 245 3 8 10 24 184 231 183 72 247 68 246 97 116 203 158 7 166 239 91 150 106 166 225 58 128 236 245 82 221 42 33 20 209 41 21 28 182 5 40 121 185 134 205 247 108 92 66 184 31 85 73 88 182 126 207 129 25 143 240 224 113 105 107 231 92 214 40 157 37 36 61 176 80 231 
60 242 83 224 239 110 245 95 183 60 194 136 136 241 86 130 77 130 94 192 195 141 169 3 246 238 132 23 44 234 11 81 151 139 230 248 215 58 171 107 211 59 242 37 166 105 16 79 69 165 48 169 32 142 77 102 176 138 233 68 153 127 213 43 184 85 50 160 202 151 136 19 166 88 216 232 17 143 212 76 182 108 213 207 199 
60 49 85 151 45 188 150 72 209 215 82 71 100 82 246 49 179 28 250 14 215 71 169 93 93 221 215 120 47 203 249 154 199 33 59 116 118 46 74 235 188 47 97 43 140 78 104 229 7 146 50 147 222 238 82 115 84 92 119 246 53 162 193 211 56 33 10 184 90 37 233 226 144 67 73 247 49 188 5 51 21 133 142 133 119 
41 216 106 218 48 156 138 105 170 51 131 193 31 240 218 73 176 225 13 68 11 64 9 48 40 42 200 11 243 220 97 215 201 60 1 198 156 199 227 166 119 241 31 141 26 210 246 184 86 179 55 214 244 152 45 144 56 117 216 62 73 216 24 39 45 159 47 142 61 222 44 127 57 63 139 207 100 183 139 134 9 196 77 245 230 
205 57 39 1 28 70 68 183 9 63 1 148 150 205 124 73 179 151 31 220 74 90 225 103 160 126 31 68 229 83 138 17 221 50 143 106 31 170 170 174 56 164 184 163 173 250 28 5 8 244 150 5 215 167 187 96 15 220 61 101 161 7 18 186 47 35 92 85 64 24 225 248 98 207 106 37 79 234 168 37 229 144 59 194 166 
201 31 177 149 87 126 136 216 161 180 61 194 164 105 32 245 99 184 123 139 212 14 9 219 83 12 141 183 29 116 244 212 104 145 238 123 5 173 107 0 235 246 144 39 83 193 212 39 56 129 242 43 24 18 166 64 4 150 124 50 129 73 56 230 159 36 22 21 47 75 98 1 226 72 112 119 85 43 184 85 197 192 71 52 117 
50 26 180 149 16 124 52 160 181 89 124 141 143 85 199 168 216 157 59 115 93 120 93 81 44 219 31 74 165 107 194 187 204 51 81 48 74 200 57 229 101 82 174 99 149 105 249 189 145 172 237 188 50 110 151 32 25 151 83 24 116 210 235 129 104 59 157 26 172 77 244 5 40 199 35 47 185 137 90 89 151 161 173 13 28 
17 234 40 112 241 162 52 167 196 166 58 45 230 142 20 12 187 192 178 66 229 46 212 96 181 65 92 239 131 235 234 122 9 165 27 159 48 70 216 167 9 215 248 45 142 179 245 238 40 249 127 250 95 205 179 158 151 103 99 61 110 40 96 238 115 87 70 20 197 171 116 11 181 216 184 34 91 158 225 174 250 192 181 172 55 
241 104 103 247 71 226 148 224 106 105 50 157 172 34 146 54 52 2 24 108 119 89 77 232 231 4 218 155 174 146 50 50 187 156 109 149 93 19 73 67 188 206 58 248 41 55 99 84 139 31 62 32 65 74 131 157 136 31 189 89 159 99 216 81 33 15 108 61 28 94 186 127 230 239 76 98 17 34 0 131 222 228 90 26 36 
129 227 104 222 242 174 147 26 206 181 81 22 209 244 222 186 199 245 196 181 205 92 83 236 144 172 206 164 110 139 196 7 54 85 149 39 206 136 116 144 249 125 39 2 250 67 165 53 199 94 108 56 184 28 85 100 194 99 168 67 88 199 137 50 168 156 119 55 128 229 155 148 89 246 32 111 157 130 34 178 59 194 241 223 73 
