69
107 211 172 212 113 76 7 214 102 126 40 46 243 64 115 170 159 185 97 72 127 90 101 65 39 94 237 88 119 246 102 68 194 195 155 42 183 214 50 111 183 198 141 28 167 203 21 123 66 29 51 3 136 232 201 154 250 184 33 81 48 91 130 24 60 62 122 203 192 
170 13 18 53 137 231 95 232 176 137 199 196 94 6 161 11 78 172 238 174 13 194 63 215 201 12 195 35 29 205 136 245 12 197 112 212 189 154 187 9 163 72 80 14 112 7 40 43 129 95 69 178 57 109 30 83 143 164 243 9 211 35 44 211 172 151 169 81 230 
199 33 114 237 205 167 197 27 55 91 238 81 68 245 229 184 143 134 148 169 0 231 39 89 208 210 113 69 14 21 18 135 240 15 186 179 149 210 174 194 184 155 102 180 246 53 247 237 227 212 128 73 175 32 91 77 153 67 112 44 246 224 3 212 56 126 195 13 72 
163 162 137 193 221 148 121 42 176 157 19 84 238 246 18 61 242 70 97 121 250 48 146 236 34 143 222 184 146 219 26 189 225 11 96 240 144 100 18 99 103 12 92 77 71 133 178 16 64 188 214 53 150 246 135 223 90 46 216 187 84 49 234 21 222 121 245 182 241 
107 164 14 151 162 21 99 158 134 219 118 40 57 177 181 120 151 27 119 200 87 211 235 196 121 32 140 86 35 199 182 151 91 141 139 29 7 150 63 172 58 155 111 0 219 139 156 155 228 67 143 7 98 171 37 56 85 208 187 217 26 131 150 116 231 13 164 127 48 
119 22 211 233 175 219 230 182 201 24 104 230 103 220 9 231 51 10 249 78 136 179 106 60 26 158 44 85 37 172 225 146 79 126 50 103 244 22 0 109 230 185 188 5 193 28 52 183 14 157 16 230 82 19 148 141 11 209 9 132 157 38 139 125 127 129 62 146 31 
96 200 36 191 191 120 64 22 122 227 161 152 171 219 91 240 37 63 195 50 237 139 65 160 26 115 115 96 53 169 29 207 13 94 17 97 93 242 68 154 70 36 76 227 81 19 13 98 107 151 129 4 40 189 43 247 44 131 137 132 165 203 47 92 162 225 174 176 248 
16 41 241 85 214 54 25 224 92 162 195 131 221 71 185 168 110 22 240 138 174 40 162 37 124 19 50 86 129 43 202 224 6 222 15 87 128 203 131 221 194 126 102 78 109 130 230 156 46 101 8 156 66 243 141 88 222 179 76 222 186 229 79 170 142 125 55 7 91 
71 33 169 237 38 50 42 143 132 16 76 157 106 215 228 165 200 109 116 51 200 13 212 58 103 39 41 53 87 187 210 144 221 151 89 245 166 28 118 63 236 54 98 4 160 68 195 116 28 128 76 50 180 164 71 119 31 10 156 64 205 201 154 6 63 129 86 38 59 
250 52 152 64 116 65 183 223 40 3 138 234 229 190 115 117 217 139 162 80 165 78 58 124 4 233 102 239 234 120 131 135 90 58 33 244 136 64 112 89 15 175 89 160 35 61 228 183 29 53 3 149 92 89 237 10 90 94 91 0 95 140 196 135 246 219 23 43 145 
146 103 183 86 146 49 166 39 149 237 192 76 194 202 133 77 128 59 99 5 96 55 220 139 217 228 24 218 33 126 22 86 8 13 96 90 28 244 243 230 238 25 158 10 10 221 100 44 158 173 31 196 194 135 10 133 70 201 120 174 136 51 14 199 39 160 16 149 32 
0 44 181 58 96 59 238 182 77 26 9 10 148 53 49 98 88 237 213 73 34 208 120 114 235 99 224 198 77 117 177 246 224 27 120 93 177 13 243 14 37 247 188 249 124 97 75 208 202 31 145 162 95 86 9 152 240 180 113 243 157 231 0 128 127 36 139 162 17 
26 165 201 80 36 103 203 124 202 94 111 14 129 249 90 45 224 210 146 55 221 88 210 162 76 65 193 53 98 82 158 204 144 17 119 6 199 105 11 100 194 125 139 143 62 226 137 184 152 248 219 171 25 26 80 23 60 159 120 49 214 77 72 130 94 112 125 85 246 
176 80 9 126 95 83 178 124 146 30 145 8 25 98 224 240 162 99 49 158 133 190 244 77 73 184 165 3 21 188 241 224 66 159 180 104 0 151 242 232 103 179 106 206 144 25 2 49 140 180 99 170 246 117 30 152 186 195 240 217 1 111 63 8 158 237 55 131 228 
89 210 11 141 211 49 26 132 18 39 30 106 64 247 10 123 223 2 29 245 210 249 45 194 88 91 31 206 202 90 230 72 87 160 223 203 184 42 152 29 117 134 154 215 146 119 236 174 55 45 225 182 69 163 142 41 97 69 55 238 75 243 198 83 187 237 140 117 154 
161 26 230 191 92 136 168 217 195 190 219 27 238 105 67 80 141 53 92 105 40 79 158 62 67 200 27 235 201 207 229 55 45 68 187 51 190 198 161 76 21 204 80 239 117 79 160 181 248 173 100 180 179 154 4 210 112 170 53 167 218 59 119 42 27 30 176 75 220 
191 62 229 206 5 182 116 141 200 106 5 165 153 97 75 84 190 32 26 84 84 128 202 124 45 223 180 70 247 206 138 26 20 23 245 243 183 22 53 185 103 31 39 243 119 47 228 155 48 143 63 201 133 112 173 41 63 59 16 183 165 124 98 209 169 172 98 132 32 
109 102 232 48 150 1 90 68 153 222 199 229 4 80 154 106 180 19 69 3 223 111 196 134 147 207 90 157 249 116 213 42 1 123 4 225 12 23 20 95 30 139 50 22 145 156 166 224 189 61 241 150 153 51 20 73 115 188 86 178 43 238 206 169 92 151 188 137 50 
39 217 172 207 178 250 213 161 85 9 65 130 166 84 243 172 242 197 169 41 146 3 39 195 56 246 190 229 210 140 3 48 9 227 140 5 221 124 14 142 21 216 242 63 168 32 183 196 218 14 247 207 180 15 58 246 44 63 54 54 21 209 129 228 151 52 138 65 198 
96 169 35 56 92 151 149 171 158 198 157 232 58 157 99 136 45 27 158 248 64 56 161 237 51 174 216 18 110 62 229 109 46 91 43 146 77 22 30 25 74 188 154 146 112 52 241 180 102 38 52 177 208 138 210 80 176 41 210 229 199 147 155 11 0 119 123 61 30 
28 88 191 92 213 110 186 34 236 94 26 151 81 181 67 210 10 133 94 19 70 13 46 173 45 215 214 122 112 76 148 152 179 168 72 167 178 54 170 63 182 127 238 241 23 179 167 77 99 99 199 17 234 127 170 147 105 186 107 195 244 196 15 211 188 6 131 223 56 
135 9 180 28 22 3 161 217 90 90 159 127 138 234 108 10 17 71 141 240 55 42 167 168 237 24 77 80 183 215 162 38 217 111 83 149 57 162 90 118 191 71 164 105 109 226 130 243 234 143 0 136 118 213 166 208 87 63 234 123 163 4 101 84 74 120 160 146 153 
128 159 70 107 119 85 144 163 30 174 6 75 96 64 205 49 239 158 61 6 124 12 240 153 247 200 249 230 82 205 183 96 166 72 184 206 49 19 83 141 147 249 221 147 164 143 66 56 34 229 165 202 181 91 19 246 34 65 244 114 111 13 127 34 215 211 101 88 94 
51 172 201 44 28 166 46 117 70 43 133 55 193 116 228 244 160 146 67 130 65 98 11 62 76 15 59 152 188 236 166 41 82 113 157 198 62 121 205 117 15 229 79 22 93 156 156 160 52 149 71 159 208 170 46 171 43 59 249 215 140 15 60 15 118 40 122 133 173 
29 73 29 42 3 127 224 104 186 95 186 242 18 88 135 242 193 139 155 212 14 29 22 21 116 68 228 83 148 49 249 64 80 164 202 176 74 115 11 173 122 207 110 86 120 42 93 78 202 178 92 28 209 118 175 240 132 209 42 44 250 186 79 4 161 205 96 113 213 
175 179 16 28 221 39 149 165 200 59 117 173 71 217 242 72 101 26 240 77 48 83 232 42 58 210 225 16 220 126 214 44 122 146 135 86 104 50 143 170 86 219 219 36 111 176 28 208 0 94 42 13 30 102 187 63 144 102 64 209 129 95 250 138 103 87 67 62 221 
12 146 90 218 144 20 236 59 72 205 128 177 152 109 129 208 209 160 152 7 95 173 221 220 100 136 169 84 49 48 129 246 172 149 230 187 78 39 146 237 57 56 185 80 56 5 177 165 236 203 182 197 76 41 162 214 167 113 60 44 52 250 38 65 242 223 124 227 167 
36 119 244 43 70 200 139 140 90 24 54 12 147 110 184 2 107 200 135 128 150 63 74 141 145 26 67 76 62 130 223 117 60 148 115 60 216 226 198 95 84 67 85 138 216 4 164 100 58 147 125 241 203 236 241 9 13 9 42 162 126 215 184 225 16 45 225 18 217 
57 42 43 107 43 126 25 105 5 221 94 26 40 156 145 10 202 229 109 111 5 192 108 77 45 161 32 219 185 69 230 84 235 98 217 82 195 64 6 215 6 165 215 168 223 199 193 196 203 223 140 219 58 172 229 44 56 224 45 35 114 222 185 130 154 217 157 137 27 
230 58 9 173 130 246 51 84 86 195 155 121 242 204 177 227 147 116 116 107 42 73 77 138 155 90 40 198 176 93 200 152 153 241 75 26 64 219 26 95 24 129 98 157 235 204 145 206 117 32 121 94 4 180 105 243 247 174 202 180 97 26 33 147 16 196 173 224 28 
91 100 17 189 46 64 160 135 141 17 98 94 144 27 166 161 103 194 98 59 90 57 38 33 141 224 125 2 63 84 18 104 62 240 95 203 187 21 223 189 180 222 120 8 86 114 95 48 136 117 183 88 147 0 61 56 29 11 25 171 25 3 162 93 100 58 45 109 153 
192 229 28 231 51 181 221 72 0 141 123 165 6 11 53 57 136 153 100 216 70 32 31 107 0 200 33 231 4 171 204 39 240 114 178 183 119 90 215 13 6 220 52 81 171 83 102 84 79 230 115 215 231 212 190 99 77 110 183 231 81 148 174 201 228 192 106 102 26 
176 41 80 8 202 240 112 185 249 235 105 228 97 187 226 16 45 47 189 159 143 79 184 186 16 41 202 78 212 110 173 176 80 22 133 91 202 237 67 227 86 15 43 42 33 6 58 164 1 191 246 32 227 57 21 233 168 221 131 111 131 26 70 234 226 151 6 113 176 
211 22 158 173 241 174 1 187 47 15 24 216 181 204 239 130 158 155 218 115 101 128 9 112 106 61 176 91 109 95 220 218 106 7 200 151 159 175 56 27 17 209 62 243 160 175 27 131 250 0 228 196 156 71 9 232 128 164 183 91 222 43 222 225 168 145 175 54 5 
127 166 36 125 247 76 23 17 26 216 136 179 193 94 188 3 6 139 40 90 119 24 29 74 90 164 124 244 178 250 126 107 59 236 162 227 95 245 7 45 11 68 205 96 65 26 140 184 70 236 129 84 29 43 240 107 8 84 203 52 119 86 130 200 43 91 100 5 201 
237 226 154 241 35 163 90 177 177 115 168 247 250 144 27 198 12 90 118 245 107 179 107 226 187 95 50 96 21 109 184 109 21 248 86 172 12 64 217 67 24 70 182 117 176 229 116 56 226 137 139 117 151 36 188 48 44 17 114 16 152 95 230 232 15 103 125 64 12 
79 26 139 103 175 176 90 85 66 167 47 197 81 82 52 163 134 92 214 245 131 5 89 40 77 106 30 24 145 225 64 14 51 46 21 216 188 169 231 66 124 21 207 59 23 168 51 122 140 92 33 27 155 23 134 235 56 120 208 97 161 135 6 181 155 173 5 101 159 
125 73 219 186 91 37 139 248 200 97 216 120 239 31 140 60 91 221 152 6 13 230 208 9 150 185 200 54 168 187 21 15 140 95 69 129 173 107 17 20 245 148 30 125 185 95 219 113 138 3 139 100 26 242 203 212 1 211 225 100 22 35 236 246 159 89 169 180 205 
6 39 59 146 167 96 141 49 47 109 38 41 13 72 118 167 44 128 47 136 198 222 192 186 52 65 173 119 187 200 181 138 91 98 168 103 39 177 98 177 45 127 84 90 203 74 188 145 222 80 207 153 233 163 247 65 247 89 202 43 71 162 169 238 129 57 148 23 134 
5 78 196 170 178 231 142 194 141 102 13 232 169 6 201 105 216 149 57 41 62 14 82 35 147 139 211 192 165 18 59 179 106 46 151 77 161 5 98 109 231 3 196 37 208 33 34 237 124 3 71 190 151 175 22 12 77 226 6 21 91 246 75 95 136 53 210 153 130 
141 8 80 82 204 55 230 56 96 239 59 192 121 236 136 143 2 191 68 89 89 49 126 28 109 233 97 183 24 182 166 149 195 173 134 249 108 226 48 234 218 18 178 114 52 39 245 139 24 126 179 185 156 45 144 198 115 213 12 127 5 180 98 201 176 143 239 38 39 
16 183 200 67 61 172 85 8 116 45 232 36 77 222 106 145 19 170 210 3 16 100 135 35 237 41 215 229 54 240 139 35 48 152 148 41 129 129 0 122 241 104 169 174 197 24 32 220 215 223 181 73 28 231 141 69 74 249 105 116 30 178 195 61 214 162 152 123 167 
218 96 210 59 238 243 153 75 140 133 123 52 189 18 150 73 116 178 110 126 84 127 188 145 18 53 241 5 38 195 132 229 6 145 33 19 228 32 163 21 0 247 17 207 209 89 163 250 57 154 5 85 52 157 190 89 66 32 80 54 202 243 123 29 136 64 58 227 33 
139 78 60 92 177 242 92 248 115 33 211 111 226 169 66 147 142 34 128 142 44 152 167 186 70 34 184 78 239 73 196 186 77 250 131 144 173 219 245 44 3 201 100 172 85 234 135 62 180 123 41 113 242 174 92 180 140 151 126 96 214 108 46 153 211 128 104 49 122 
217 90 220 157 182 21 5 109 133 246 242 135 174 76 153 32 33 60 100 183 11 43 138 207 20 26 135 123 140 31 191 69 72 90 240 157 219 173 147 106 227 49 11 183 121 249 145 8 150 32 224 178 60 214 214 44 32 123 14 40 2 214 92 189 195 224 46 79 92 
123 16 189 161 115 22 202 247 28 187 243 144 16 173 239 229 218 52 169 154 157 127 233 142 203 76 166 83 31 80 21 59 239 124 238 63 8 165 6 27 69 19 64 229 196 151 154 40 94 58 18 224 246 189 11 28 58 3 87 25 81 149 80 5 32 21 230 59 93 
241 129 138 225 136 242 63 212 205 59 212 203 188 54 202 135 128 238 162 86 140 1 0 9 24 231 64 193 186 54 57 139 122 161 32 78 154 2 116 156 149 40 220 76 66 203 37 178 216 214 141 10 19 188 67 240 26 196 157 74 30 56 181 249 229 7 50 224 114 
184 11 56 121 28 173 245 181 199 149 40 89 127 66 51 5 150 169 77 5 168 143 209 105 25 16 56 168 97 127 176 133 78 219 103 4 183 63 140 194 182 220 196 54 87 213 3 174 140 125 131 41 42 26 8 201 83 101 11 224 207 17 195 82 223 55 15 230 165 
86 109 7 93 155 47 241 154 102 133 246 181 68 237 213 250 208 45 200 103 2 63 68 121 35 199 38 1 157 50 250 131 190 20 84 239 63 157 223 206 111 213 38 86 190 128 146 220 51 250 125 208 105 95 187 130 159 63 206 235 227 82 194 242 234 1 98 156 142 
60 59 128 196 221 66 2 176 91 250 107 58 73 166 230 144 121 182 195 172 89 110 88 115 124 47 9 123 68 224 204 106 162 179 244 123 117 64 111 194 44 139 53 133 167 51 173 141 185 6 33 183 173 212 48 77 173 46 174 143 216 226 202 108 53 78 65 45 184 
184 17 117 15 66 52 94 203 178 26 224 161 229 103 237 132 91 127 218 183 127 195 237 13 181 98 94 67 163 214 214 202 77 75 222 30 36 134 98 131 84 204 152 242 168 206 4 236 190 37 7 38 173 26 166 127 127 79 217 79 64 131 161 157 178 19 136 203 227 
106 83 194 233 199 92 82 62 86 187 143 169 144 103 140 166 171 65 24 66 198 67 94 88 42 32 150 224 4 59 75 215 160 118 140 163 61 101 85 9 115 73 250 79 235 171 67 77 249 26 228 197 146 82 99 67 138 102 80 37 156 35 222 44 83 51 4 136 189 
59 54 31 139 79 56 237 110 123 91 25 76 174 32 75 127 247 175 26 69 55 2 227 196 43 41 152 67 72 229 220 112 169 61 190 90 223 86 132 79 45 11 176 63 34 146 35 139 249 48 123 5 135 46 189 241 124 135 143 116 20 6 145 238 148 248 181 21 142 
154 180 249 30 71 120 189 82 206 79 231 124 222 4 41 142 140 227 49 235 18 139 68 33 53 122 58 0 141 147 203 206 25 126 37 74 244 32 58 243 1 67 123 52 34 230 239 224 18 51 96 138 212 197 249 146 186 121 59 213 105 87 230 46 153 116 92 249 85 
63 1 47 213 161 46 121 24 159 43 216 66 163 72 154 13 0 149 164 205 145 18 184 154 216 5 107 106 130 106 193 228 22 248 124 250 106 46 15 114 181 3 52 45 11 56 119 69 125 183 129 141 137 180 223 237 74 220 163 64 26 20 187 41 60 57 190 147 26 
126 41 246 153 80 218 229 114 91 117 45 46 247 84 223 30 182 49 211 95 73 108 206 7 61 181 2 43 213 101 129 64 117 87 244 203 8 163 211 187 208 159 163 222 17 152 88 37 93 121 136 211 179 152 24 122 192 198 112 68 18 99 232 39 233 222 67 106 82 
224 234 222 236 245 44 163 89 0 212 55 54 13 10 189 195 50 102 38 47 145 125 197 26 249 154 213 218 18 24 60 112 35 235 234 173 20 164 244 195 86 237 42 41 238 168 61 174 99 138 61 100 66 98 186 209 30 110 15 56 23 79 182 34 68 163 51 151 84 
47 159 83 207 41 25 89 214 5 63 11 202 130 171 179 31 0 110 241 183 156 100 166 69 121 146 241 231 199 32 46 35 170 122 126 82 32 109 107 99 230 3 126 76 16 37 129 199 177 14 161 16 80 203 249 140 123 187 200 206 99 79 175 111 199 157 61 174 118 
144 106 47 150 39 176 64 227 191 206 98 132 235 72 189 250 107 24 181 239 20 26 242 143 239 77 222 222 45 13 72 241 12 102 166 31 123 91 172 117 116 155 133 11 246 46 174 69 227 118 131 84 245 6 233 72 6 11 164 240 38 130 168 73 167 240 183 121 29 
88 42 63 220 211 218 16 95 122 68 125 19 147 27 165 76 79 228 123 124 203 234 230 250 115 23 192 109 43 105 161 59 84 216 179 34 87 228 127 192 189 228 129 85 230 210 237 222 192 16 78 69 27 126 162 62 46 166 199 106 156 159 135 4 69 54 200 82 242 
248 208 181 12 3 246 194 38 133 223 174 209 42 48 166 177 247 155 163 226 106 12 181 240 98 234 94 221 12 59 70 37 132 238 15 24 79 89 177 95 170 207 31 80 146 56 237 214 77 75 2 231 42 7 130 92 240 217 102 85 209 110 238 243 75 206 154 24 170 
9 4 235 188 169 35 162 19 229 180 197 20 24 118 237 170 146 144 32 247 245 130 10 17 137 143 12 241 246 183 234 194 104 17 36 62 102 172 220 215 141 78 119 59 179 241 158 26 173 93 207 51 226 6 177 98 203 144 107 215 170 199 36 76 118 191 216 139 23 
167 248 188 120 37 63 111 18 115 40 233 97 185 151 123 92 140 231 216 90 132 26 95 184 29 126 65 6 201 99 26 61 197 128 58 146 224 50 246 186 206 215 241 113 47 190 194 170 49 116 20 28 58 195 207 19 55 75 73 140 147 136 132 242 97 16 107 15 211 
91 69 243 7 240 203 191 155 88 163 138 230 234 148 7 79 186 154 1 61 222 211 57 59 141 197 48 32 123 125 11 178 172 68 55 145 106 39 104 110 73 190 7 75 102 198 137 25 216 180 222 240 182 130 213 249 61 43 79 117 65 101 104 84 6 145 48 197 45 
34 73 112 135 181 21 134 109 61 156 133 243 210 171 230 127 183 168 49 182 117 6 16 59 90 147 127 105 84 3 235 248 206 84 237 186 110 45 241 103 171 131 230 153 199 61 124 80 58 162 2 40 218 164 240 37 168 92 132 122 16 77 17 220 69 143 65 99 230 
216 98 211 194 165 83 67 102 80 175 27 2 22 204 182 116 43 239 152 193 129 56 73 157 133 241 98 165 141 165 54 15 176 220 102 193 187 113 214 207 12 119 20 249 15 109 184 121 85 201 121 248 181 155 86 154 7 100 232 226 128 177 222 197 143 234 72 101 186 
44 28 235 18 185 22 89 196 101 82 114 102 213 50 32 43 210 117 183 160 9 69 26 165 15 24 74 103 218 249 83 68 107 78 110 58 228 138 247 50 226 214 159 48 144 59 162 36 78 154 111 25 62 123 46 138 129 230 182 155 48 42 188 172 211 105 232 66 214 
89 201 177 45 113 233 204 176 250 54 247 94 136 94 77 74 212 44 46 139 108 47 94 94 128 151 175 95 152 163 247 119 149 70 84 91 64 227 155 132 75 80 95 52 235 194 186 164 82 45 197 123 70 79 208 11 94 113 105 74 131 35 188 194 117 105 86 123 73 
125 138 63 48 142 25 187 221 211 11 23 203 42 210 195 21 2 153 3 87 243 65 57 16 235 10 97 236 238 149 53 97 60 104 75 107 155 108 230 68 0 117 195 41 189 93 40 24 3 164 116 164 66 119 43 144 49 56 80 28 180 10 21 40 132 53 9 68 179 
