99
48 177 164 171 32 78 23 85 224 184 17 120 210 138 115 173 46 244 10 197 124 205 6 35 67 100 22 112 124 18 74 83 119 196 228 117 142 171 31 179 9 26 135 192 225 166 102 49 179 178 4 164 71 197 169 192 86 2 1 143 193 64 88 115 245 80 9 171 83 202 28 51 213 17 224 147 168 0 248 140 164 189 143 241 86 158 87 249 61 217 239 248 194 149 151 157 93 29 225 
74 100 234 36 214 119 190 166 91 42 64 8 67 146 242 228 117 125 167 125 84 25 224 135 129 157 1 94 103 38 107 18 7 151 120 28 69 88 48 68 83 231 243 55 180 5 110 195 180 143 33 105 216 32 0 68 8 43 191 47 166 171 197 107 204 209 151 61 14 179 93 170 131 116 227 87 129 115 218 8 180 22 34 206 181 219 228 170 111 222 250 60 92 47 147 113 62 131 44 
21 103 240 22 69 204 208 162 245 125 170 5 60 223 248 24 63 187 48 93 205 46 77 101 31 40 60 246 62 75 141 6 199 87 33 186 165 151 46 176 119 214 74 195 131 147 15 246 237 81 153 181 162 173 233 87 7 179 190 14 149 146 236 1 99 155 221 206 60 33 157 78 153 79 111 243 153 183 181 64 91 147 205 90 105 1 177 226 7 238 193 171 56 154 146 85 91 109 172 
147 125 198 105 156 245 8 135 60 166 60 78 140 111 177 17 23 64 242 165 209 241 92 55 136 109 16 240 200 137 183 22 102 162 157 195 146 143 126 118 0 156 29 19 7 249 242 118 169 139 8 53 109 106 121 180 142 95 221 185 175 5 4 132 93 81 20 67 146 145 221 86 194 92 18 227 15 186 227 109 125 243 223 102 114 201 9 45 203 21 249 213 28 97 218 212 234 11 28 
56 140 19 18 47 200 66 8 2 100 111 212 12 246 166 6 50 141 49 58 165 123 35 206 101 30 184 22 158 207 18 154 54 218 222 50 8 234 205 48 55 89 178 163 68 240 209 66 202 40 218 22 195 2 136 225 243 236 249 104 208 187 129 98 205 94 98 206 39 32 197 127 92 32 73 138 46 116 147 209 66 53 147 230 51 202 138 35 71 170 174 153 234 126 244 195 52 163 94 
83 125 130 22 121 133 77 249 112 50 175 172 36 55 141 10 67 230 59 100 19 215 22 167 34 12 13 11 168 213 223 138 236 172 131 215 87 153 194 69 46 210 175 15 130 247 108 132 132 78 30 77 187 64 247 39 167 98 236 26 80 81 203 179 6 148 208 120 247 127 52 193 132 212 29 164 248 60 136 244 89 61 224 166 26 176 32 185 228 207 148 144 70 51 201 68 42 161 140 
9 148 171 17 144 208 55 249 7 22 68 163 28 175 61 50 22 248 197 156 48 58 151 104 123 89 90 117 33 5 41 107 167 205 113 197 155 112 223 43 139 58 120 92 87 76 75 219 243 114 208 165 43 40 98 88 106 164 100 82 37 36 57 232 1 63 113 73 225 9 2 110 213 152 149 96 232 248 191 46 52 88 224 46 92 84 186 245 49 205 121 132 195 131 169 49 233 169 83 
237 115 58 208 35 88 114 13 208 52 216 201 201 12 142 45 124 224 201 188 147 245 193 180 92 233 21 235 74 183 17 210 212 134 39 227 112 176 250 147 173 109 130 103 60 219 166 9 72 208 112 108 45 178 74 121 230 238 161 73 166 32 47 138 107 157 71 199 153 129 109 138 102 221 200 238 167 42 182 5 27 237 85 164 122 75 47 18 25 241 111 87 46 155 183 217 176 107 13 
46 196 80 22 197 25 242 47 144 9 145 142 60 211 224 37 71 203 20 88 107 202 234 249 238 196 215 181 168 4 137 104 246 76 130 195 218 214 98 91 185 74 144 3 157 132 172 128 199 103 161 230 186 210 45 54 156 87 9 169 69 33 172 237 206 201 118 185 248 60 133 233 164 85 14 72 80 4 214 8 135 75 184 230 197 118 27 67 215 179 54 100 12 101 223 114 52 71 134 
205 142 121 156 125 37 58 100 222 130 84 210 140 247 112 186 31 35 114 14 235 236 170 51 96 148 126 55 161 11 103 89 161 121 103 62 188 78 65 84 63 68 13 9 167 171 160 122 110 122 75 217 78 125 93 248 131 88 40 247 91 221 67 244 113 112 154 7 146 100 248 194 86 175 197 244 201 4 71 217 120 16 199 202 128 154 230 160 216 168 79 234 54 242 169 109 88 12 228 
205 34 147 204 239 15 59 182 162 40 121 0 154 1 161 217 171 66 46 95 133 39 89 97 143 247 219 22 136 197 225 121 91 65 134 202 78 220 13 58 187 234 229 134 179 148 114 17 117 89 149 250 27 209 126 180 54 204 127 156 212 170 12 0 188 224 183 49 169 97 116 58 17 70 217 180 120 7 117 118 240 250 168 21 195 183 218 56 247 66 57 225 100 58 101 24 35 225 217 
221 226 159 212 182 165 149 186 189 26 20 89 47 70 17 42 16 76 201 231 112 163 230 196 43 175 142 215 127 99 248 151 152 168 141 77 156 231 33 149 78 78 248 145 80 122 17 118 197 154 228 0 224 61 133 43 77 89 108 40 174 146 107 197 241 172 234 148 201 105 185 42 185 108 106 112 134 156 53 188 220 14 249 236 181 10 74 245 31 27 0 28 247 112 193 73 123 154 4 
26 229 7 28 58 75 115 200 214 29 98 77 239 5 122 134 165 30 151 111 92 108 231 104 94 6 241 236 205 68 99 160 249 47 159 87 3 188 96 3 223 130 228 139 39 237 32 194 109 215 128 63 189 76 210 120 248 225 14 243 220 92 206 98 14 202 53 30 88 233 94 120 36 231 1 223 199 193 237 14 27 157 191 214 151 2 160 1 155 194 229 151 11 248 193 178 223 174 184 
143 83 75 162 123 43 194 138 173 221 88 127 118 148 178 66 71 179 106 14 142 49 53 13 3 171 238 235 177 148 109 150 59 54 169 82 128 55 223 123 112 175 247 15 11 145 215 212 29 197 90 197 134 26 84 219 90 246 29 7 170 104 188 80 187 98 147 233 119 71 222 132 211 221 73 30 36 198 105 34 219 247 153 111 128 83 195 38 16 136 226 90 59 139 183 145 206 247 218 
123 12 31 134 117 29 173 131 45 245 16 128 152 141 191 9 202 70 3 76 211 120 100 208 12 222 241 58 157 59 174 234 21 68 58 114 221 217 134 112 143 152 167 215 91 202 1 249 72 84 113 156 148 6 66 57 176 183 223 126 152 185 209 135 179 24 0 12 80 25 1 62 150 211 178 211 124 75 187 35 16 166 205 28 35 173 205 59 183 246 32 131 48 188 164 131 222 3 106 
0 180 183 16 35 32 207 82 51 210 59 150 249 90 109 52 23 249 1 56 5 163 124 224 22 233 232 23 144 91 64 222 196 129 163 230 238 53 106 28 51 212 207 164 162 35 125 70 27 243 0 83 137 99 59 102 65 13 122 123 109 69 234 132 99 74 132 178 75 47 231 193 250 127 190 213 104 40 244 171 222 115 12 153 58 133 175 98 243 198 138 151 191 137 49 88 101 25 220 
195 184 45 149 84 249 208 171 155 178 206 20 181 44 55 101 156 51 180 151 30 127 223 11 176 185 2 193 42 131 187 229 216 202 114 121 24 129 243 23 92 14 142 153 40 193 145 196 174 19 102 33 171 176 244 134 165 222 192 38 46 245 81 157 208 134 81 71 92 153 48 114 153 87 45 210 13 208 166 244 201 143 187 194 38 18 201 198 213 98 194 43 36 14 219 201 69 230 157 
14 239 232 205 6 179 14 185 181 170 240 128 187 47 71 139 179 167 198 63 164 194 33 220 149 154 81 221 2 62 0 52 236 14 209 116 242 180 82 70 113 112 171 204 25 90 239 220 96 75 20 188 228 73 12 76 162 68 130 10 162 192 79 238 30 200 160 173 190 35 33 138 86 62 180 133 110 194 203 228 34 186 14 202 175 236 26 178 113 21 194 117 18 182 32 39 97 9 114 
176 34 235 173 115 4 77 38 3 60 6 56 168 46 172 203 60 127 92 133 29 153 33 175 68 94 66 44 170 222 233 8 57 200 177 87 222 73 57 131 145 83 126 118 14 247 73 50 238 55 188 55 115 128 68 69 66 101 181 245 18 118 196 25 34 177 224 86 112 133 226 191 17 197 165 103 95 234 37 86 163 221 79 209 136 222 103 217 83 188 111 102 151 192 156 133 126 8 106 
110 184 50 243 173 227 128 206 73 179 5 193 181 12 227 86 69 110 108 135 2 125 199 244 182 235 63 15 79 33 51 183 167 226 35 237 95 125 14 160 80 223 76 88 205 10 100 220 184 114 54 250 12 90 16 50 72 115 92 161 48 173 162 52 200 118 4 225 98 68 145 88 21 145 158 228 81 230 4 10 97 81 186 92 197 113 76 112 249 157 70 249 174 129 213 200 210 71 174 
62 46 169 235 123 61 177 128 141 118 183 218 225 147 15 195 27 10 37 244 108 131 19 181 164 201 250 13 12 223 95 182 108 85 185 235 191 97 153 134 183 119 220 204 24 211 76 40 31 122 235 157 28 82 131 160 52 115 202 54 2 33 184 171 122 82 61 0 150 234 125 16 28 187 184 105 132 4 187 80 14 27 140 179 120 106 71 95 10 226 161 125 92 80 204 5 25 153 68 
124 129 105 110 177 143 108 32 36 153 54 118 219 149 151 239 163 38 120 49 191 72 104 105 94 124 29 242 132 237 238 94 150 208 150 42 44 128 94 92 146 44 243 120 138 39 116 243 77 224 60 68 133 145 36 207 36 227 151 201 82 39 15 22 149 166 4 45 184 90 160 117 52 14 209 42 197 79 178 63 157 244 130 221 56 33 225 90 89 31 164 104 158 43 170 174 108 74 125 
177 16 112 161 23 19 144 177 233 40 240 196 93 24 74 48 225 243 22 86 88 153 101 65 114 104 48 225 35 148 125 209 179 17 243 120 218 139 145 68 223 87 148 124 138 247 41 130 113 246 73 248 60 124 200 181 221 193 110 53 108 90 157 49 4 232 8 116 95 167 128 166 49 193 75 93 76 195 32 166 155 50 68 171 158 151 243 147 78 145 51 115 100 98 142 176 109 122 239 
149 128 153 5 142 121 207 249 242 202 143 87 206 172 128 3 212 220 48 78 224 96 246 148 34 8 245 62 5 153 6 242 211 84 126 3 207 125 215 218 205 189 11 250 65 105 249 232 151 171 53 101 225 232 164 152 152 250 38 170 124 40 224 31 150 227 199 182 234 137 64 108 81 64 225 178 105 114 162 45 144 59 119 64 39 98 205 32 114 63 243 115 0 32 126 97 138 217 199 
180 51 30 160 24 207 239 124 8 151 57 16 4 77 225 45 223 63 125 140 19 180 216 179 30 214 87 216 20 12 63 66 91 132 152 110 222 45 227 210 129 113 109 18 91 37 110 176 102 86 88 212 148 175 207 33 52 46 192 109 207 223 96 92 194 68 148 172 55 158 156 236 33 60 187 215 129 14 129 175 178 213 40 5 162 121 123 191 121 96 9 166 33 172 143 146 109 76 89 
108 94 165 183 7 81 216 80 88 68 230 171 67 138 47 245 189 216 205 51 235 218 148 216 205 53 14 217 2 94 43 210 116 186 199 142 75 135 239 144 217 212 131 198 88 250 201 186 193 220 217 54 199 65 90 172 109 106 16 46 61 115 234 109 34 197 79 103 68 211 93 13 89 218 176 181 181 150 59 147 110 126 204 246 4 124 232 30 201 13 165 21 10 49 97 209 54 119 40 
232 158 146 31 50 121 59 172 103 152 79 230 129 225 180 223 187 30 207 10 234 250 181 134 95 234 32 241 240 89 71 176 82 65 130 127 166 113 82 65 15 55 171 184 86 73 154 132 67 31 201 108 217 162 205 70 33 164 202 183 97 63 31 72 120 77 52 47 186 151 235 201 83 20 27 200 57 110 135 233 140 118 70 19 232 146 86 209 48 50 152 195 225 40 229 206 26 206 144 
119 40 229 237 220 199 104 41 37 233 81 215 35 12 157 63 155 45 99 4 76 230 11 69 30 8 132 129 166 199 85 1 11 211 61 123 1 224 37 111 94 26 170 105 105 159 204 5 223 157 81 200 239 136 163 72 249 17 161 224 231 248 56 111 172 68 15 4 112 162 35 177 121 50 159 191 114 187 239 62 34 168 18 58 190 99 242 7 133 93 33 121 222 130 234 177 7 47 140 
24 239 125 99 139 147 165 119 196 175 146 107 232 200 75 183 183 182 206 212 240 217 240 106 54 217 190 218 94 56 145 202 221 36 230 46 37 248 199 134 248 30 99 80 12 64 133 57 200 204 44 102 51 212 129 52 75 210 121 232 107 22 107 211 28 12 69 201 102 244 111 160 78 223 149 58 166 180 239 136 161 72 138 116 150 208 180 176 151 136 111 239 24 82 229 160 94 122 211 
79 139 49 217 26 161 120 32 187 67 64 213 133 26 47 223 152 110 32 235 243 188 39 6 11 126 36 248 164 79 34 191 250 144 137 120 35 63 239 182 130 144 195 85 38 250 221 157 79 93 150 202 156 124 149 32 66 54 154 226 67 184 0 27 149 103 161 83 188 244 13 176 183 37 29 212 153 179 133 36 203 87 16 133 134 245 23 67 177 39 122 206 178 247 9 114 95 9 15 
193 160 99 111 99 241 164 106 17 102 67 112 94 176 35 88 34 224 54 149 184 208 7 40 40 17 129 17 229 207 63 200 218 168 249 184 239 133 133 130 93 9 138 17 110 146 203 190 14 219 36 84 14 97 11 65 139 179 128 110 136 68 113 86 38 161 114 160 222 50 142 45 146 82 46 145 20 74 202 45 76 175 38 113 220 7 85 227 133 237 66 208 170 89 128 142 149 157 27 
71 184 156 165 170 85 141 87 95 21 166 59 215 9 0 90 9 190 41 142 86 69 92 250 190 155 180 225 139 128 80 145 138 32 107 183 167 57 82 248 154 221 151 196 152 215 166 9 120 203 129 48 59 156 246 124 249 165 66 198 51 106 239 186 25 131 154 208 144 142 196 125 141 63 38 186 94 232 77 73 221 226 123 124 61 243 85 25 140 55 131 221 129 178 109 225 178 208 32 
61 190 5 52 144 192 60 222 151 56 218 139 195 173 239 62 83 241 130 99 37 61 136 24 64 226 210 11 108 124 162 248 218 239 90 50 236 129 31 1 54 246 223 193 129 58 184 113 152 130 201 72 147 19 217 156 83 172 96 66 46 101 152 204 82 115 200 163 124 177 190 229 160 216 49 117 9 168 144 13 146 118 137 140 31 135 132 3 60 56 153 26 146 37 13 190 37 169 243 
197 215 247 30 196 55 167 75 71 69 210 250 49 55 82 69 168 115 86 8 18 5 199 210 118 43 107 115 190 160 161 7 43 26 66 125 148 245 30 46 217 228 164 112 51 111 182 126 158 115 143 237 182 115 44 108 230 247 86 19 168 81 110 141 135 70 247 148 76 65 225 2 96 210 214 16 245 248 163 245 127 110 19 75 218 55 180 208 91 233 211 111 87 187 197 21 39 8 113 
176 29 76 104 217 218 88 70 175 225 150 137 53 147 158 48 221 153 57 68 245 33 161 228 180 18 213 98 156 60 50 144 22 39 245 248 248 130 4 185 184 67 142 117 164 189 185 127 159 113 119 81 18 58 173 216 139 85 15 88 111 84 115 42 46 86 38 212 113 177 23 240 151 176 129 144 113 243 241 224 55 52 95 219 118 95 30 76 220 215 78 244 242 63 233 58 106 154 107 
201 207 118 30 210 168 226 25 148 214 40 110 221 233 215 160 227 18 163 210 111 60 16 250 40 208 211 10 46 21 144 182 205 204 5 210 182 196 40 9 217 107 176 223 170 5 107 38 207 162 98 243 181 190 209 45 30 178 207 227 217 209 173 30 38 129 219 250 8 221 33 214 173 90 190 44 114 119 108 43 160 219 47 27 52 128 86 123 200 41 71 56 186 88 222 196 88 92 236 
109 245 17 75 182 144 151 197 100 28 222 136 35 26 46 160 107 45 23 47 103 62 199 162 103 152 80 11 107 197 213 249 76 148 36 4 109 15 93 77 138 105 217 227 176 129 68 0 37 128 46 103 207 202 190 234 120 169 73 247 107 36 218 80 194 28 81 66 234 170 170 135 185 8 176 10 191 79 42 125 94 85 109 152 202 176 122 147 196 178 142 117 13 124 39 59 234 22 155 
220 145 81 89 169 178 157 222 164 10 197 56 192 54 239 235 1 82 144 149 166 185 138 102 82 96 18 149 222 108 176 248 82 20 116 219 28 108 61 75 136 168 117 192 44 206 81 127 152 78 123 241 131 32 104 211 226 210 64 221 138 173 34 70 25 27 150 117 55 84 156 245 62 248 104 135 231 198 250 131 161 239 209 5 214 238 98 119 30 181 194 180 162 190 216 90 57 21 170 
163 101 112 220 237 236 86 2 22 140 29 235 139 27 220 10 100 33 140 36 159 137 194 2 100 137 171 226 79 236 139 119 4 144 104 139 156 150 212 177 66 151 226 238 11 5 243 84 200 65 102 27 96 31 121 240 65 188 88 45 68 219 179 170 177 166 142 122 134 182 102 110 162 50 223 64 189 57 95 99 137 39 8 74 45 208 73 69 73 7 78 95 193 45 161 207 153 185 105 
69 104 167 190 236 81 56 208 250 198 225 90 84 47 58 65 2 40 37 23 67 241 53 198 12 27 27 161 12 68 193 222 38 125 131 70 243 247 39 22 45 36 58 50 220 67 233 202 121 6 148 195 14 180 155 145 107 128 194 215 75 26 225 151 5 99 185 178 31 123 46 143 200 115 140 164 157 218 71 136 21 100 246 172 103 5 98 232 229 44 141 26 165 145 97 51 229 128 87 
94 27 154 4 208 82 116 86 243 8 230 18 207 195 245 122 51 233 83 247 203 167 103 210 43 15 10 110 26 150 98 95 80 39 91 172 206 61 209 9 115 19 91 156 98 87 89 153 134 112 187 180 9 36 197 119 207 72 157 184 180 170 104 12 93 72 105 195 80 64 174 71 162 160 37 94 218 21 56 45 38 218 39 60 35 223 54 140 172 132 75 24 65 95 212 190 33 153 208 
131 87 35 32 33 74 162 126 21 192 30 63 130 104 154 158 194 171 190 116 64 147 47 27 192 105 165 96 43 104 77 98 99 244 6 250 115 149 94 94 36 206 142 31 197 175 116 174 250 81 183 17 193 184 71 110 219 175 91 230 172 41 37 132 117 92 67 242 160 234 111 226 204 209 225 31 227 124 110 190 58 51 124 4 222 228 91 24 229 60 31 99 211 155 225 135 36 188 193 
140 99 71 202 88 1 197 245 73 95 221 65 88 58 248 37 120 188 228 156 150 158 140 241 164 168 249 245 206 65 109 245 153 94 145 183 9 239 204 178 250 144 198 162 132 15 6 137 107 45 79 52 167 44 106 165 206 205 67 28 199 231 170 58 91 89 46 164 164 47 34 148 39 151 52 189 158 178 74 204 41 189 52 126 133 73 224 22 35 228 83 170 133 89 121 182 61 31 151 
167 219 65 19 10 182 24 227 189 126 0 105 171 238 58 132 33 110 114 220 124 6 250 56 77 120 192 43 6 83 111 88 173 36 48 129 185 218 231 69 5 154 111 109 152 246 29 35 20 145 186 178 72 245 76 136 157 146 97 177 55 163 95 147 37 194 140 168 186 102 147 182 99 10 122 143 102 166 126 107 31 41 107 138 163 188 31 172 27 60 237 185 151 4 250 225 86 233 225 
163 11 245 70 61 73 40 45 9 4 31 120 67 0 144 167 176 188 136 192 179 164 61 163 121 51 57 230 125 130 5 219 83 201 234 241 173 148 0 195 240 143 70 38 16 221 148 137 154 23 180 119 117 65 14 94 223 236 209 103 200 61 166 43 146 215 191 164 81 120 137 62 214 128 85 172 237 247 29 215 96 179 95 87 109 64 118 98 178 145 250 193 128 228 130 25 240 52 103 
248 170 248 162 68 145 242 89 175 132 231 237 175 112 63 105 241 164 28 141 121 13 245 232 245 70 14 247 51 197 210 204 234 16 88 7 3 198 64 179 176 180 70 118 202 59 50 85 6 124 174 205 230 247 198 107 230 160 123 184 165 100 250 103 122 219 176 218 2 67 9 104 222 21 246 21 139 153 77 207 200 160 246 27 121 40 86 172 158 160 74 97 148 92 127 100 96 69 27 
175 185 92 22 203 75 242 199 201 247 12 5 60 37 16 241 14 30 116 175 228 19 207 52 159 114 109 119 55 120 125 65 249 239 68 197 173 157 5 18 180 30 2 242 198 53 160 240 190 179 178 42 60 41 127 8 180 82 128 150 181 25 20 191 160 14 114 3 32 237 68 49 126 209 169 57 180 81 27 187 37 120 74 99 18 132 71 178 139 223 34 34 140 183 128 114 126 196 233 
129 10 133 194 60 19 205 20 23 156 202 67 36 74 160 227 111 61 13 204 163 224 148 245 108 84 105 209 82 225 92 57 23 234 35 170 47 35 141 43 67 123 189 108 2 221 235 73 61 235 98 145 62 191 156 101 145 141 89 123 233 194 7 67 78 131 24 193 211 241 44 210 145 124 37 3 22 1 56 99 95 124 101 24 128 225 228 233 219 156 70 84 149 62 162 236 46 33 97 
227 53 142 240 186 46 205 149 88 231 95 186 80 182 246 0 231 72 200 150 212 214 167 122 189 70 208 212 71 63 181 58 51 78 243 115 24 127 235 192 198 221 152 83 139 139 226 120 92 3 118 15 31 88 247 177 65 95 177 112 0 29 57 36 79 158 31 21 7 114 233 205 212 201 156 237 23 78 10 20 86 19 14 120 39 73 158 218 118 139 103 209 242 193 13 71 130 179 126 
76 46 198 26 237 163 220 96 171 102 64 82 184 140 10 53 198 243 94 4 213 23 19 11 130 92 63 148 195 127 18 82 120 0 227 75 120 221 177 201 77 139 109 212 12 65 183 114 33 101 128 217 131 33 194 142 115 217 172 61 12 81 76 249 11 110 200 135 38 229 159 1 123 162 114 36 204 186 171 124 128 100 140 140 58 85 230 30 200 82 124 76 137 119 2 155 195 163 64 
172 94 102 132 48 67 114 173 138 207 238 117 101 132 114 157 18 39 163 54 42 5 196 146 136 114 215 184 158 148 187 88 31 66 51 211 173 37 134 8 175 45 166 66 132 249 65 219 88 41 218 24 29 117 148 170 49 120 13 39 29 4 182 114 100 153 107 120 234 22 90 45 187 219 36 86 68 113 10 96 173 71 83 76 69 139 74 204 90 143 8 236 146 208 200 128 77 190 93 
201 126 17 155 15 245 107 3 189 0 244 97 161 201 156 30 216 153 240 105 26 97 244 120 46 115 15 14 126 179 129 41 230 230 235 84 36 239 233 128 226 239 197 203 139 16 64 190 101 166 221 2 65 155 22 168 48 83 237 170 175 61 44 203 111 165 76 88 106 245 55 198 204 62 29 110 206 97 131 10 63 196 150 53 78 55 61 107 28 171 151 156 16 67 126 51 130 165 16 
140 250 153 8 245 178 196 76 128 231 78 135 125 174 174 30 24 126 224 231 185 165 169 41 158 83 230 54 163 74 197 84 234 232 65 190 138 127 14 165 97 215 125 226 55 114 45 88 210 86 118 246 111 206 70 210 188 80 182 140 122 100 29 88 106 38 131 121 22 235 136 146 145 48 227 6 59 130 207 80 54 72 77 121 67 17 234 127 195 19 2 93 127 236 131 200 147 34 116 
67 173 105 63 121 224 132 108 209 222 99 3 153 203 62 45 64 73 29 110 170 107 10 94 140 72 144 247 218 63 232 140 232 74 108 203 37 194 233 184 222 187 136 180 116 142 1 197 83 247 217 220 18 243 57 47 196 106 158 187 115 57 4 98 115 72 49 155 101 85 109 34 5 72 107 105 151 77 211 159 109 78 85 29 228 122 48 211 192 154 83 214 250 109 181 135 26 121 118 
208 227 119 157 218 142 176 122 103 206 56 184 103 32 48 20 87 208 41 61 137 111 17 89 95 146 141 18 61 53 86 212 80 70 97 42 178 76 231 241 231 234 140 242 52 122 101 230 149 63 0 109 216 21 134 7 91 108 86 186 8 72 191 166 96 188 152 116 227 73 184 202 149 47 13 88 127 156 163 172 99 100 187 42 204 13 241 203 5 125 23 107 107 76 190 221 223 117 50 
234 135 74 85 18 90 76 76 50 191 3 84 178 192 206 44 90 218 80 74 29 250 40 244 92 155 78 135 237 46 71 152 187 90 69 88 50 246 106 32 176 183 25 96 13 39 111 129 143 84 30 206 229 113 184 105 147 223 35 151 82 61 241 82 100 152 62 220 213 90 76 2 9 175 135 89 221 5 24 248 231 246 159 85 215 161 186 86 193 54 26 63 32 159 180 211 20 233 152 
127 245 213 225 203 228 131 51 167 188 166 115 240 180 156 88 118 8 57 196 191 193 174 167 23 115 104 12 8 129 59 60 211 20 165 220 240 232 218 4 12 139 1 242 194 205 201 180 107 32 164 47 12 19 146 65 219 2 100 39 192 154 66 218 187 46 14 59 172 59 92 145 236 113 100 101 176 136 56 145 211 154 159 33 125 154 97 115 76 205 250 163 223 169 224 89 8 96 212 
115 65 227 197 8 67 99 119 4 94 167 0 222 200 44 142 100 153 69 166 215 173 59 94 22 126 165 1 120 91 206 160 120 166 159 37 214 37 101 183 65 148 131 86 9 172 149 43 223 189 248 232 31 10 242 193 37 14 152 161 226 39 113 54 30 71 119 99 190 8 52 105 31 193 196 190 142 219 162 42 1 179 134 118 230 225 181 207 25 179 11 218 213 42 139 35 0 0 37 
41 34 60 89 230 189 132 10 90 59 79 54 228 204 42 145 50 241 174 176 8 27 238 73 55 156 213 224 148 141 130 1 114 194 237 14 45 156 138 108 146 157 77 64 244 204 249 201 122 171 149 48 154 190 84 101 9 91 189 193 152 152 181 25 74 117 128 1 217 213 237 18 150 138 104 199 61 87 224 197 15 173 32 71 250 117 172 174 109 24 243 200 221 168 51 191 46 67 60 
1 75 162 164 191 109 128 73 75 244 46 213 183 141 77 183 249 201 57 6 126 182 87 126 45 63 178 21 196 94 114 76 197 133 198 242 248 169 238 110 37 138 27 146 166 9 39 170 173 77 168 246 26 9 209 92 16 46 172 236 41 146 53 194 181 232 53 149 41 4 172 15 206 145 66 155 205 67 12 202 115 96 198 218 86 31 52 170 220 190 215 168 15 162 33 120 175 88 191 
52 197 246 108 20 113 174 211 178 91 96 127 104 229 121 149 219 213 111 116 215 138 57 157 144 194 104 5 93 136 242 177 88 86 141 10 122 69 89 34 96 242 28 115 209 174 234 39 64 69 83 199 249 135 20 62 164 118 180 171 186 227 100 47 150 166 144 89 56 107 54 176 159 157 68 142 199 61 200 2 184 118 69 94 129 120 249 63 231 190 9 133 102 240 104 48 242 228 2 
223 122 71 162 90 174 108 160 94 41 75 151 116 243 234 143 144 235 95 116 175 43 138 15 170 185 152 239 78 90 37 165 164 202 69 67 208 83 224 239 126 222 230 62 147 118 100 216 225 136 242 114 134 240 170 58 42 50 37 147 188 159 214 162 56 133 139 184 85 144 172 165 41 180 162 107 202 119 103 13 6 95 14 231 64 58 215 63 135 19 38 224 199 221 246 203 247 1 147 
157 93 145 241 149 195 183 49 122 198 2 88 12 122 243 117 152 30 211 18 104 128 168 60 221 126 181 219 171 92 178 192 36 198 87 42 59 4 144 16 240 43 134 135 78 99 45 107 81 190 205 217 119 97 158 25 198 46 107 158 97 110 122 175 46 46 242 67 131 96 222 48 147 156 184 235 5 130 10 161 42 54 108 130 162 192 169 1 26 223 129 187 1 61 115 205 10 91 62 
235 194 59 202 42 177 174 224 218 22 45 198 141 239 7 127 168 216 94 13 37 87 109 176 54 214 85 171 192 242 93 199 30 239 113 219 56 60 99 44 80 245 58 184 8 72 58 111 136 64 121 195 120 230 135 130 172 202 150 202 178 215 162 190 64 32 46 160 192 125 70 53 162 250 14 100 62 247 163 44 194 97 110 1 23 116 193 3 80 35 18 130 244 80 187 201 119 49 165 
68 158 237 109 47 22 188 127 238 102 140 132 19 239 11 128 174 93 160 94 103 196 163 123 201 92 107 220 72 146 231 144 172 110 125 168 50 28 127 225 21 209 104 64 140 141 16 150 22 68 124 193 80 120 178 203 14 228 195 68 212 77 125 238 132 77 100 195 72 33 192 62 240 87 119 33 6 100 44 201 126 119 129 71 198 15 42 71 200 214 228 60 220 155 213 228 159 17 153 
239 34 167 130 169 13 47 120 116 105 34 22 220 233 121 219 141 186 69 65 47 132 199 14 156 95 106 33 78 26 2 7 135 193 11 54 201 229 213 153 124 143 181 40 212 86 248 182 215 169 180 248 16 115 144 90 221 2 78 153 116 29 128 242 195 219 29 38 244 65 41 52 160 3 75 131 92 196 246 234 234 46 200 65 145 235 150 88 30 194 181 147 47 59 59 240 47 219 202 
48 141 194 138 241 159 115 36 138 138 162 127 59 205 119 173 170 20 94 176 17 90 151 164 173 225 1 245 140 28 65 92 84 68 44 162 178 187 75 13 221 144 19 14 65 108 186 145 174 111 1 198 245 84 202 47 173 247 32 195 43 100 70 19 115 149 40 57 194 104 192 52 72 237 8 11 12 72 61 99 126 11 165 168 43 133 41 123 89 190 60 109 30 117 35 69 186 28 174 
129 205 28 35 60 205 216 184 177 114 43 67 230 185 177 99 130 192 193 134 133 99 175 0 139 207 18 205 71 227 51 56 35 156 28 3 19 36 119 174 178 116 69 57 116 116 188 245 60 214 28 88 165 250 185 55 27 33 97 202 158 170 36 119 122 15 94 55 203 85 107 37 208 60 59 183 56 221 167 108 3 203 242 215 243 250 190 124 235 150 221 160 84 173 171 137 211 170 210 
176 27 131 169 201 9 68 137 48 13 24 14 91 101 245 212 56 32 237 40 149 185 183 24 121 82 128 248 16 216 76 55 177 48 240 127 29 198 224 147 2 38 86 115 111 137 27 232 147 148 112 98 121 228 38 27 234 10 58 173 227 170 94 161 236 1 17 36 179 31 235 198 134 105 178 30 172 122 109 206 147 181 55 47 0 239 91 200 228 102 199 121 147 212 181 169 102 92 10 
80 166 101 241 174 62 166 104 56 211 96 21 234 115 194 40 249 127 44 52 155 66 17 232 76 217 93 155 3 70 199 167 50 138 17 56 1 61 85 195 1 133 236 133 127 101 146 240 148 170 191 18 212 137 38 105 173 17 112 182 57 1 235 22 116 182 220 13 194 0 80 205 195 205 159 126 215 123 198 141 101 109 147 147 98 11 230 217 153 143 183 122 68 242 13 246 62 225 153 
88 89 188 236 231 207 129 249 15 237 49 152 155 213 31 216 159 175 33 132 96 201 172 40 23 185 206 171 235 91 123 59 200 206 193 247 100 188 214 31 25 178 134 213 112 36 12 231 221 234 242 94 205 185 226 70 118 192 9 244 4 248 75 85 220 233 12 177 141 116 225 61 203 3 96 41 169 38 155 8 156 209 129 19 163 94 214 29 19 8 123 8 209 240 223 33 215 77 197 
227 218 149 26 115 79 240 107 55 220 21 10 124 132 165 140 46 149 75 126 233 75 181 74 194 239 21 166 196 22 117 126 211 144 11 30 136 197 221 58 156 231 210 208 150 207 6 138 155 200 35 127 215 226 180 194 238 123 45 120 186 203 238 82 189 136 189 32 169 22 213 168 216 139 178 93 238 73 144 8 180 137 24 61 172 209 181 47 45 85 200 141 20 222 151 179 246 161 5 
90 154 0 63 51 22 2 119 84 93 39 94 222 114 103 13 189 168 146 68 131 18 239 108 74 171 4 29 81 107 155 249 227 167 29 19 155 142 219 101 201 238 81 166 212 182 228 148 86 165 90 155 102 120 157 132 172 225 47 244 115 59 49 91 38 209 210 27 171 160 212 82 166 154 49 230 220 69 88 233 48 69 205 164 151 198 144 248 146 5 148 58 246 250 91 95 38 128 124 
197 128 139 187 114 78 146 54 83 212 58 110 24 213 241 218 234 144 245 44 135 10 80 171 37 92 30 223 181 153 114 115 18 238 225 169 69 200 27 57 231 207 235 18 74 210 185 63 179 234 6 246 137 121 117 171 245 220 238 76 110 167 98 211 34 125 179 178 130 106 189 235 78 16 3 200 32 190 82 248 226 163 184 138 89 109 150 65 104 243 41 178 145 46 178 18 172 46 214 
100 126 165 72 192 63 168 92 133 226 101 184 0 10 4 176 123 206 208 98 157 146 177 188 159 236 197 39 63 108 47 137 25 40 250 178 41 153 243 140 183 250 13 116 64 140 161 13 0 159 249 17 235 159 134 70 43 210 169 250 238 128 142 235 245 239 63 68 32 60 10 79 125 63 90 96 243 122 172 58 239 83 178 115 241 200 162 179 34 201 130 50 119 109 150 52 58 182 68 
127 240 202 177 218 206 71 245 211 9 183 19 84 248 47 38 223 208 81 131 94 191 146 37 141 56 143 38 39 150 218 169 38 127 2 208 116 159 143 38 170 151 33 138 46 107 201 185 165 130 222 230 117 171 141 78 151 45 11 161 88 74 122 169 244 246 25 4 155 174 96 35 111 246 154 134 63 221 198 147 93 17 242 225 21 175 177 99 15 168 70 107 2 17 230 80 101 247 146 
77 183 75 150 136 239 156 215 87 183 76 153 77 122 49 85 87 43 154 227 2 144 193 9 142 162 157 69 203 239 114 190 43 52 122 81 45 237 57 237 147 120 204 43 90 161 132 231 241 179 156 83 30 78 242 35 114 69 81 19 226 126 225 168 5 118 143 103 48 178 43 121 162 153 13 112 70 143 16 10 49 122 100 8 153 234 112 10 173 193 154 139 100 99 65 84 78 129 179 
195 216 159 104 82 235 222 214 52 111 63 64 203 108 210 31 243 90 170 23 178 7 55 33 55 23 166 13 148 247 67 211 82 227 184 127 129 146 56 248 160 230 52 174 144 145 33 6 18 35 32 173 122 94 151 179 143 105 123 139 133 107 90 118 172 225 162 174 176 2 185 240 129 200 77 118 25 58 242 39 114 150 2 114 240 106 104 195 232 171 90 146 91 74 227 155 42 0 203 
241 73 54 170 196 104 131 136 79 6 18 194 72 40 31 198 70 44 231 235 16 161 212 5 6 20 26 32 229 42 53 27 156 181 6 238 98 17 148 67 112 183 30 232 147 214 44 197 110 110 33 124 36 177 215 109 146 217 250 24 181 70 144 216 238 85 217 195 87 127 21 209 23 41 148 47 153 190 8 129 104 239 167 96 126 236 41 68 248 162 79 125 110 164 179 15 225 210 70 
150 111 33 165 193 178 138 113 207 91 112 96 130 15 196 2 202 157 78 78 220 153 162 42 16 10 161 9 29 202 185 189 244 48 135 105 237 31 8 225 242 110 173 79 53 35 160 47 232 143 109 175 126 94 74 43 95 214 17 129 116 232 225 231 120 222 237 51 196 218 44 40 143 159 1 39 75 4 184 88 216 126 137 110 179 174 140 175 149 2 238 181 122 82 218 38 128 126 16 
230 99 151 113 108 21 55 38 205 54 36 102 126 213 196 111 111 209 138 204 158 177 178 218 7 53 155 195 106 51 240 110 172 135 229 68 224 179 177 115 133 106 203 36 22 119 228 61 47 233 229 4 16 193 173 210 13 60 114 122 89 171 155 132 138 3 148 120 250 86 22 182 39 57 88 211 145 105 127 41 111 184 131 57 3 204 229 78 245 60 112 144 128 113 197 83 123 238 0 
176 93 227 188 6 150 36 151 213 40 94 106 82 28 51 155 118 149 140 43 231 162 197 248 248 214 166 229 203 74 239 190 52 7 246 105 12 37 95 121 95 164 205 215 124 242 164 179 202 79 5 154 151 132 225 194 15 91 170 131 191 5 93 159 71 14 75 116 53 9 103 178 76 117 38 15 110 116 231 89 169 177 178 161 61 164 202 66 78 5 64 38 45 99 239 158 96 126 86 
16 196 66 139 27 61 75 102 40 164 208 60 58 143 242 109 10 163 141 221 71 241 124 36 51 74 80 242 203 96 235 170 178 89 224 249 154 144 94 193 181 135 239 97 229 37 3 230 99 169 249 52 130 11 168 58 155 227 147 80 134 44 244 188 193 67 60 58 249 125 1 60 98 250 188 59 160 134 206 240 77 171 49 44 214 36 101 135 51 28 88 132 164 130 125 164 242 202 63 
24 225 204 14 6 243 39 155 116 114 143 57 137 216 232 49 33 60 139 105 213 95 10 30 202 49 170 137 146 127 111 178 102 102 248 25 203 132 8 63 143 159 195 163 157 160 199 4 213 2 49 168 158 214 107 148 103 6 76 118 214 139 209 236 185 199 238 110 2 154 197 129 222 208 23 156 188 82 100 10 59 180 50 224 6 93 209 246 223 105 210 124 65 113 225 96 175 93 133 
63 19 168 140 221 111 21 72 63 49 243 98 17 132 243 136 77 0 141 4 198 233 64 40 240 67 203 197 216 139 147 80 41 165 168 99 47 128 244 165 83 107 84 102 109 182 198 234 231 245 135 164 118 99 52 40 16 164 161 121 201 8 117 11 3 155 233 24 137 205 214 167 141 128 204 89 60 156 199 222 114 15 218 223 203 93 46 207 22 9 121 162 1 195 99 55 172 13 150 
122 218 199 73 63 15 150 228 237 18 127 205 244 155 81 19 183 185 225 173 49 208 210 135 117 183 12 69 4 13 204 145 27 222 35 156 184 68 235 93 11 103 125 192 82 139 126 33 73 9 150 129 190 146 75 110 175 2 199 222 42 112 149 192 143 248 31 121 128 14 71 244 109 128 149 129 236 29 236 82 199 93 113 218 101 183 2 81 44 150 196 228 215 34 96 197 195 102 198 
84 90 227 4 111 217 208 239 26 232 110 124 188 202 237 28 170 60 123 50 177 122 115 97 188 152 148 31 72 24 117 127 68 46 165 34 167 127 82 3 10 124 139 230 59 231 158 44 79 224 177 99 29 230 221 102 101 193 183 151 153 141 202 114 79 195 143 131 196 51 57 132 111 72 212 108 228 105 168 178 19 227 22 119 88 122 102 6 151 130 10 40 24 159 162 40 147 182 73 
36 55 223 134 217 150 45 140 205 162 211 54 127 55 19 120 219 106 161 116 180 92 160 238 17 33 195 184 175 19 182 213 139 10 135 1 189 171 55 167 75 208 202 38 8 33 8 39 146 215 214 97 84 136 224 182 159 95 50 158 143 238 18 143 46 179 183 94 76 248 137 2 223 141 103 195 113 156 126 143 244 126 197 96 156 141 118 30 48 42 176 50 162 156 116 15 0 242 131 
30 140 142 158 157 201 129 195 24 213 58 183 6 215 91 202 143 174 44 107 159 223 144 218 23 27 30 118 244 217 75 17 119 68 141 233 96 176 69 210 89 240 17 247 139 58 118 245 19 72 55 85 218 142 201 148 225 109 148 236 151 38 52 114 35 210 213 24 110 166 241 228 191 235 145 164 117 193 88 231 176 223 161 206 5 165 129 246 113 96 202 83 222 57 228 127 96 90 216 
37 106 235 20 245 71 154 185 177 95 62 45 48 218 121 110 82 53 6 1 6 164 210 77 86 172 117 63 60 133 240 159 226 69 181 158 213 168 174 199 197 92 71 148 19 65 48 196 174 30 197 143 203 142 189 225 152 14 25 201 55 189 55 106 116 39 76 174 29 234 92 37 110 14 135 175 151 128 27 17 49 0 48 9 248 95 218 101 147 155 103 117 207 89 55 93 148 86 113 
224 173 185 10 242 179 209 219 28 19 26 208 214 216 0 119 127 143 107 239 243 131 96 64 218 198 123 238 77 200 203 245 162 129 57 162 169 152 97 129 11 166 21 98 159 165 120 80 170 21 238 179 170 201 81 63 170 72 95 179 33 145 36 116 93 173 29 228 94 245 223 139 190 75 207 75 75 31 9 237 59 224 22 154 134 128 58 55 165 217 4 4 179 31 87 247 162 133 119 
96 197 193 10 89 55 227 193 218 70 24 11 150 80 220 202 38 164 112 27 233 84 143 87 159 77 34 40 56 16 190 227 74 12 42 28 116 118 98 177 103 105 149 91 147 192 86 149 60 16 234 175 200 138 233 250 53 249 239 25 4 33 54 198 130 195 113 6 162 103 32 142 16 201 62 10 167 186 185 47 241 2 10 231 64 9 17 132 83 78 245 160 70 45 86 222 146 229 138 
153 20 173 92 93 168 47 93 125 79 224 83 199 0 19 210 170 216 34 41 54 0 79 203 8 125 136 39 214 122 81 204 14 194 173 35 63 191 30 200 122 145 147 119 172 215 140 76 248 68 41 210 64 183 101 96 193 210 225 143 89 9 80 21 183 14 82 27 46 109 31 115 215 125 234 227 180 145 41 148 137 92 85 105 97 17 96 221 55 75 159 129 227 227 9 108 85 34 206 
158 30 214 92 146 3 139 139 181 107 95 105 180 71 171 77 31 174 208 87 249 109 156 53 208 57 210 206 45 3 140 100 211 232 217 87 199 26 80 133 116 249 147 93 234 227 223 60 149 9 150 176 61 0 65 13 0 220 99 45 153 91 225 52 207 40 12 36 97 107 153 193 65 76 231 58 165 138 179 137 189 119 177 101 250 50 220 106 121 123 169 231 104 174 148 173 86 154 135 
101 215 76 49 148 154 250 194 49 110 24 207 26 75 186 117 54 38 76 244 163 133 213 220 226 95 6 109 0 38 97 250 3 237 139 137 172 180 238 204 1 169 206 79 250 4 168 56 152 46 155 214 129 111 249 243 158 222 93 189 60 146 65 225 198 54 177 186 82 88 101 210 243 14 112 9 34 192 44 85 195 221 153 240 55 215 200 116 188 6 117 216 49 229 156 150 169 0 36 
157 100 88 250 80 113 109 211 97 45 53 138 220 19 180 84 80 146 238 87 127 114 69 74 149 188 35 189 117 62 238 26 60 190 209 123 155 80 33 117 201 134 155 109 211 197 119 188 101 56 217 55 181 169 204 163 199 156 182 40 108 88 55 200 87 161 15 223 53 179 123 142 192 74 105 250 141 95 167 136 196 170 144 76 143 62 96 116 44 105 179 87 143 159 170 17 152 147 9 
205 173 81 104 121 25 40 140 15 128 214 27 100 225 187 207 170 177 79 37 72 140 151 181 147 110 132 111 153 102 135 172 137 235 97 206 224 164 207 109 120 208 154 3 25 26 78 41 69 226 77 210 80 79 129 166 244 65 127 204 146 15 106 0 193 145 232 227 81 8 73 181 18 91 32 99 96 81 96 65 83 144 27 12 142 153 224 11 142 189 228 187 76 190 211 87 235 43 69 
113 233 127 86 218 222 246 143 229 178 10 192 124 194 121 175 123 183 83 228 41 176 156 27 144 76 19 30 7 117 181 80 245 73 101 65 195 203 64 194 100 20 214 72 7 239 92 109 204 70 47 3 55 81 230 104 93 161 84 207 214 106 111 224 36 56 99 35 112 236 15 84 223 23 179 104 81 15 179 29 83 84 47 66 47 156 207 174 222 172 27 217 234 83 208 147 242 250 95 
170 116 167 70 189 132 122 248 148 172 25 67 142 126 168 144 103 16 101 30 15 153 103 149 211 250 108 179 194 75 112 140 68 176 203 87 175 128 155 31 88 15 173 103 65 0 72 132 32 35 159 76 96 57 2 150 92 0 146 72 76 208 213 240 96 17 85 211 167 74 68 95 171 141 196 159 58 169 58 113 41 168 48 221 148 43 98 122 175 216 233 246 8 1 142 240 190 62 166 
