58
10 18 126 187 213 220 239 176 220 85 168 250 111 188 219 171 14 86 15 28 236 67 64 101 191 102 106 4 219 24 147 170 124 64 152 250 18 129 119 20 156 54 142 21 21 124 113 159 55 97 124 216 11 132 202 168 0 91 
71 65 192 218 201 241 162 184 132 141 87 2 74 3 102 100 71 187 230 201 57 40 135 78 246 125 20 7 49 143 44 119 77 96 143 204 6 216 84 227 179 53 2 175 104 174 62 21 23 91 58 193 30 23 178 241 13 2 
184 36 155 88 15 50 228 48 227 229 163 236 14 74 236 203 231 103 105 57 90 235 233 23 35 137 13 96 111 191 36 5 90 71 37 173 105 106 79 77 73 72 77 65 120 206 36 135 80 67 12 154 150 196 236 248 134 16 
128 75 240 159 213 109 171 161 245 31 148 165 45 95 8 134 140 60 176 52 75 94 125 68 179 57 247 203 22 161 64 94 131 51 249 31 179 78 37 163 189 55 69 70 222 26 170 65 18 127 156 76 64 100 122 100 42 17 
213 229 220 87 180 52 185 107 80 222 171 244 79 119 117 103 210 170 71 139 29 125 107 139 57 29 9 222 245 225 52 94 242 114 215 92 130 165 95 45 47 185 195 181 169 64 204 101 194 18 191 17 79 75 72 250 192 8 
95 191 239 58 58 110 224 2 97 246 211 24 77 56 134 98 83 39 198 231 103 45 200 130 16 79 187 8 177 97 93 113 101 24 192 38 13 217 217 115 81 154 171 208 13 44 49 222 209 183 155 152 239 220 50 125 19 116 
14 163 140 167 88 126 6 189 166 151 81 177 149 234 176 130 56 112 3 140 97 129 50 221 192 113 223 5 111 65 45 90 241 53 90 12 123 127 221 106 24 176 149 186 197 163 193 97 168 86 204 249 56 68 227 48 175 31 
79 156 172 189 250 212 146 136 124 97 136 203 98 76 247 152 36 69 14 161 120 235 235 124 40 85 177 132 117 233 206 64 150 133 55 174 144 113 237 214 172 105 223 198 55 128 131 118 245 113 61 80 200 203 217 132 70 21 
65 37 232 182 207 14 41 12 185 21 211 123 141 35 85 94 84 205 111 83 162 224 209 37 38 105 177 146 204 26 237 189 113 231 63 241 182 128 116 244 61 47 11 12 171 174 212 135 175 56 43 111 194 85 32 54 134 78 
73 248 217 238 38 223 178 225 240 39 102 36 245 119 19 85 106 154 62 38 66 140 62 101 34 224 146 31 229 6 202 239 127 218 183 239 113 172 10 111 244 53 122 237 160 8 101 170 61 163 237 98 248 28 57 224 247 194 
26 221 141 94 43 87 76 64 180 249 92 34 53 135 166 84 107 149 7 121 16 73 41 15 139 226 7 4 88 80 56 211 52 98 228 148 81 161 34 40 49 42 215 152 78 110 236 135 131 90 57 188 202 152 55 117 51 195 
110 20 122 160 173 75 8 169 12 176 134 241 159 62 171 84 168 230 53 213 19 177 59 160 1 155 6 185 153 188 241 84 69 19 126 244 10 101 124 159 248 49 169 142 141 69 140 67 169 243 185 148 233 107 107 64 7 162 
70 198 59 135 153 199 63 166 22 183 205 241 85 117 175 102 10 92 87 157 198 121 205 2 207 48 132 12 79 85 238 187 175 116 43 91 20 234 221 60 32 163 158 243 0 19 24 223 230 13 103 115 234 143 93 139 158 159 
70 60 230 128 141 217 215 130 150 3 175 200 132 157 209 160 75 8 27 139 222 14 37 54 105 136 201 171 109 115 10 6 33 148 34 184 54 220 88 19 218 187 161 222 249 180 184 111 230 130 210 29 73 208 50 48 185 92 
82 160 22 111 45 45 32 231 3 78 109 159 66 136 93 168 24 190 19 114 203 154 171 100 119 140 101 133 19 86 155 108 31 187 230 233 113 133 74 111 62 14 34 43 7 13 31 108 198 221 16 111 46 216 195 123 81 30 
161 215 195 45 86 48 150 183 124 140 83 105 142 123 215 213 197 114 191 176 138 61 122 109 218 98 162 250 147 114 214 44 84 4 18 240 226 18 38 177 117 52 24 101 191 11 216 216 67 35 49 23 243 120 240 79 38 144 
241 199 151 130 198 133 115 150 84 148 135 70 232 19 76 138 7 169 92 245 98 161 54 221 30 202 57 191 126 70 132 37 139 4 193 24 188 44 116 220 241 14 225 76 40 171 141 66 65 118 151 58 58 139 32 172 35 190 
236 64 69 227 222 10 91 186 135 215 175 130 31 206 229 31 55 214 86 220 14 227 53 103 90 91 220 240 16 179 1 185 146 41 234 76 3 169 68 219 155 145 209 35 135 121 59 109 212 44 105 88 7 227 7 97 170 184 
29 36 246 226 167 248 212 181 173 8 158 223 81 101 21 191 20 203 82 132 178 5 59 153 166 199 126 130 22 69 186 198 16 222 192 62 81 39 208 226 106 41 63 65 80 94 113 91 9 133 119 189 79 243 108 146 40 191 
205 121 12 114 27 113 44 98 86 203 148 127 206 214 148 36 122 40 181 49 107 25 22 81 2 53 146 199 142 37 244 102 65 38 199 201 90 225 10 109 239 182 219 241 148 123 220 238 198 150 62 244 86 16 160 16 241 218 
50 250 65 89 65 174 102 198 62 229 240 58 194 54 187 153 203 54 13 18 30 213 97 98 124 61 184 147 185 212 188 205 238 109 14 217 94 212 69 115 77 94 227 152 188 0 92 187 143 81 52 162 229 234 188 113 89 219 
229 11 7 181 64 190 91 151 163 144 34 235 3 194 111 151 197 211 15 51 234 17 169 222 135 238 17 177 33 208 2 68 217 212 205 238 239 205 6 241 128 60 62 173 208 23 16 119 80 118 221 227 18 123 107 16 141 205 
137 109 159 7 22 100 152 122 7 192 210 204 221 71 140 192 60 231 110 229 76 26 91 38 115 31 208 152 231 125 104 89 55 228 31 212 201 184 95 186 174 201 122 111 11 187 166 194 80 4 98 40 156 117 81 20 11 194 
11 134 65 146 206 96 114 234 116 224 213 1 35 76 248 133 40 67 39 244 120 139 59 207 107 190 117 112 34 195 44 188 134 77 248 18 62 189 127 145 99 147 60 222 170 53 0 228 215 55 232 162 11 230 96 114 38 194 
94 62 193 95 7 81 195 176 160 18 80 34 44 94 17 205 199 199 52 19 194 119 240 72 148 187 166 161 41 97 129 60 211 139 205 228 146 49 248 11 83 200 94 12 168 146 132 185 3 250 113 21 161 67 134 40 4 243 
18 93 2 228 232 50 134 181 114 227 82 115 164 167 116 147 214 109 99 57 166 172 121 101 61 155 26 31 56 24 54 46 233 177 101 245 241 94 69 200 3 136 1 83 86 209 159 244 53 238 92 168 122 47 194 237 74 146 
100 201 131 67 16 132 65 216 148 147 97 131 48 176 11 102 69 94 164 41 188 39 73 188 96 11 134 214 15 179 194 225 122 0 70 86 192 160 201 15 20 6 90 118 22 124 202 71 11 210 169 186 142 249 2 191 153 218 
93 189 218 162 227 148 100 112 223 126 86 140 88 61 196 128 103 6 170 114 93 218 129 171 240 0 61 78 35 175 151 206 4 6 45 147 3 208 86 185 103 109 135 76 62 210 249 162 2 218 167 164 0 151 28 158 148 62 
133 165 146 208 177 54 25 235 171 191 154 193 57 214 68 202 9 23 112 81 231 166 107 187 5 228 192 23 227 46 187 206 74 231 225 33 162 204 18 188 86 248 153 66 73 238 75 73 89 222 139 97 181 110 88 218 231 136 
164 98 246 47 104 1 17 203 183 134 212 153 222 23 117 174 150 47 109 144 126 28 151 182 117 213 15 244 100 208 88 204 14 247 126 109 247 53 70 195 173 15 172 33 28 194 83 128 215 11 171 183 105 119 119 83 104 223 
99 32 187 221 32 127 133 141 199 92 36 136 111 131 221 159 226 123 102 112 161 170 196 82 30 228 10 169 43 241 106 47 208 63 79 143 78 226 127 88 140 223 49 19 153 4 108 212 62 217 109 95 8 198 227 2 40 151 
207 26 88 94 11 220 183 161 29 166 236 133 175 195 113 23 193 236 71 64 44 2 53 180 155 236 149 187 28 222 63 22 10 33 234 18 213 137 141 221 5 177 114 241 175 155 98 108 132 226 24 123 227 143 238 41 187 81 
85 249 98 1 64 19 205 79 221 225 192 116 88 209 36 64 170 176 68 61 204 87 104 23 93 163 183 127 82 6 161 134 242 143 181 234 239 106 141 195 172 1 160 13 189 125 29 18 76 103 194 38 94 236 125 153 34 230 
238 197 189 175 46 14 29 137 114 247 188 21 114 36 231 120 48 8 118 84 171 232 229 164 201 135 193 34 217 178 76 229 210 229 222 214 68 60 26 59 196 157 234 154 58 243 162 146 190 84 226 248 133 147 80 210 49 98 
53 152 219 48 123 211 104 78 124 0 167 69 85 210 18 197 70 91 234 18 31 113 56 171 18 143 44 109 23 47 165 182 12 217 89 0 71 72 216 87 97 90 114 182 76 115 28 45 233 232 20 103 147 213 167 65 22 213 
201 167 226 76 19 243 216 1 43 193 84 241 112 216 17 131 167 169 164 11 165 95 68 44 189 163 42 81 109 125 234 42 175 42 55 164 88 3 55 228 76 205 121 77 217 122 90 30 33 22 100 165 81 155 199 206 73 58 
244 14 149 215 69 40 58 50 93 42 37 92 102 231 245 111 161 219 223 73 109 178 206 167 248 74 25 8 117 64 54 193 81 25 163 37 244 106 136 29 175 12 69 231 242 139 128 29 92 32 179 136 17 203 71 59 91 197 
113 229 151 177 208 35 45 146 78 143 62 175 151 88 31 88 150 96 78 33 171 7 165 106 102 214 165 163 111 224 140 244 145 133 117 89 9 85 159 76 232 139 144 215 160 43 239 188 7 164 213 159 88 211 103 55 58 121 
136 30 121 42 31 163 139 2 180 166 158 201 152 59 100 204 245 250 136 60 14 145 170 180 29 35 123 144 191 65 143 186 120 79 132 225 86 213 0 206 225 248 123 188 204 244 220 202 73 174 162 177 22 131 52 124 91 122 
91 60 111 242 218 65 108 126 65 77 236 174 206 193 219 205 54 25 34 136 39 66 5 63 216 94 221 233 155 173 67 196 94 183 119 219 65 177 87 60 83 51 96 134 194 239 123 46 199 142 44 33 70 80 199 6 142 29 
238 226 141 101 149 59 105 17 234 119 65 149 146 23 120 119 118 199 197 199 81 136 211 233 157 12 190 229 31 181 112 64 143 156 0 126 40 39 134 136 161 216 71 37 207 188 38 236 223 91 115 243 13 181 193 231 86 131 
199 23 152 47 198 23 85 40 26 233 169 196 195 109 135 3 149 108 176 242 129 34 212 85 121 191 45 215 220 63 187 146 75 140 91 40 14 51 11 128 86 71 93 236 72 177 117 22 239 113 17 223 164 160 103 136 24 91 
169 94 117 182 52 14 78 75 236 183 53 152 64 116 99 70 230 138 40 191 13 193 127 9 216 104 135 195 46 66 214 127 30 156 181 71 96 112 193 147 243 120 202 112 169 49 187 129 146 85 220 42 104 242 196 18 220 48 
134 89 36 106 108 243 22 68 117 173 233 108 238 91 34 188 37 62 224 205 14 183 56 222 127 95 56 230 220 75 78 155 175 20 102 208 77 33 209 192 54 133 35 85 11 155 84 52 58 61 142 105 45 36 34 174 95 7 
226 226 196 39 232 106 132 183 160 151 128 54 77 80 130 21 171 21 68 216 72 35 184 128 107 225 19 202 204 229 51 178 169 63 176 41 11 199 36 205 216 158 89 131 153 156 103 250 158 128 32 165 67 240 40 200 205 84 
27 56 61 244 228 52 47 20 42 179 201 189 126 116 40 31 73 233 99 118 62 24 196 199 45 204 250 236 5 174 159 152 63 171 176 118 141 52 81 101 127 224 18 222 72 112 4 65 231 200 55 59 134 218 77 246 238 52 
12 247 88 96 199 116 13 1 64 47 215 24 131 175 178 187 211 219 164 221 134 21 169 68 114 45 45 202 179 203 154 62 71 247 250 112 200 191 161 32 69 143 33 45 39 116 170 187 232 10 134 70 3 241 163 46 31 116 
164 119 132 43 131 136 148 61 123 153 67 81 67 146 181 16 36 81 232 196 44 32 13 190 65 59 59 127 3 153 0 224 35 114 155 241 13 188 83 65 63 242 149 108 132 116 113 84 141 100 140 145 167 91 97 119 107 204 
84 129 90 47 176 43 86 20 38 245 168 155 248 20 85 74 121 55 86 232 177 75 121 148 142 129 194 57 192 46 165 88 206 230 181 24 50 36 196 40 69 0 42 92 239 57 177 107 173 14 80 42 99 64 85 176 22 24 
92 57 79 89 64 87 18 128 22 104 60 19 37 62 53 54 124 147 206 48 48 173 67 248 240 151 177 218 76 145 54 145 30 86 42 142 154 159 21 99 187 209 117 197 102 155 108 68 88 89 152 196 34 226 25 196 17 87 
215 196 72 192 174 123 174 55 201 155 240 206 205 193 95 96 36 241 71 133 200 15 16 209 148 148 61 62 167 125 23 103 5 0 3 132 234 13 212 34 201 151 14 20 200 134 246 203 228 238 152 3 228 9 10 248 171 48 
76 84 208 198 245 36 160 30 246 65 0 234 226 17 173 66 183 96 88 225 121 204 1 126 80 106 245 49 107 240 242 21 49 205 62 229 117 223 39 135 15 230 243 156 5 243 218 25 34 180 62 52 154 231 13 172 76 153 
50 122 206 166 18 56 4 187 144 12 213 105 12 250 240 143 68 3 41 154 231 232 84 133 70 66 71 43 153 16 40 198 87 95 151 83 102 164 51 195 13 109 40 224 24 148 14 183 24 207 110 159 229 166 48 77 179 2 
95 88 15 212 48 211 161 200 239 208 184 245 155 118 17 76 27 140 35 58 39 140 140 191 160 60 203 238 5 22 29 83 240 95 33 137 152 124 164 245 58 176 186 72 224 195 248 67 143 80 180 60 186 123 119 13 115 22 
143 209 233 141 233 55 89 235 49 161 206 13 86 92 187 145 14 1 59 82 109 240 243 180 142 149 162 29 39 38 51 97 50 218 62 118 17 241 213 113 16 192 71 115 205 190 181 19 167 68 133 50 25 119 225 33 108 103 
240 226 0 102 22 79 62 168 97 220 75 31 224 21 26 72 189 78 236 213 234 224 213 171 209 214 11 248 73 175 6 242 34 137 22 97 182 195 118 127 116 155 206 166 216 123 83 245 248 208 174 132 132 62 172 145 121 208 
52 241 226 230 240 210 74 122 39 225 227 233 66 143 81 223 3 182 32 156 109 149 210 47 115 93 137 49 6 35 52 72 159 217 165 79 170 153 236 78 88 218 99 20 43 122 22 183 228 128 105 239 55 232 59 30 61 221 
102 155 233 78 67 51 56 213 153 45 75 138 240 60 138 212 94 77 23 221 110 109 215 75 156 112 131 23 82 160 70 250 172 194 154 76 160 182 173 6 249 206 136 14 208 249 97 67 213 97 42 0 9 49 96 58 90 28 
