41
106 206 26 33 115 217 180 240 230 30 246 222 157 168 11 227 5 239 63 119 115 8 61 16 80 142 196 141 170 114 28 173 2 52 167 197 64 121 167 153 70 
74 194 144 121 98 217 27 62 245 91 151 206 67 1 182 154 167 115 173 231 204 198 212 137 19 57 168 36 32 122 108 211 209 157 84 209 39 95 83 117 8 
19 17 179 84 80 47 132 59 232 42 36 173 31 72 114 248 30 189 0 94 207 80 128 18 55 219 113 115 14 58 140 88 207 229 225 114 183 99 60 33 133 
89 190 0 175 53 136 217 236 68 42 14 227 111 93 95 203 21 54 241 242 172 239 216 72 160 118 73 191 111 242 224 208 193 19 61 192 21 102 79 209 238 
182 214 46 20 105 9 99 45 30 134 1 16 13 91 45 52 103 187 234 129 95 71 247 28 117 148 15 28 172 237 13 49 213 5 189 34 155 54 161 177 73 
45 64 150 133 94 180 96 144 220 19 168 137 136 84 16 59 187 221 184 238 227 121 164 223 120 141 153 247 22 1 203 246 222 161 186 178 174 67 233 100 178 
11 214 238 47 135 8 83 96 165 77 189 165 82 66 228 131 77 228 4 47 60 156 216 27 121 136 128 116 220 44 167 62 29 246 177 24 196 112 205 167 89 
234 54 236 43 114 207 72 214 234 92 225 50 81 145 39 78 181 175 37 15 22 40 171 10 41 7 211 117 174 79 75 98 153 161 240 7 66 131 55 181 143 
71 191 176 32 179 107 79 187 130 23 218 109 224 186 233 210 165 54 171 248 138 55 131 225 61 111 43 25 54 12 52 248 13 44 118 131 0 215 85 179 61 
235 37 17 76 35 153 61 113 126 219 224 240 163 30 15 108 95 120 24 172 8 93 85 244 82 78 170 66 63 91 7 46 91 163 2 235 43 37 32 184 19 
131 204 81 113 22 245 98 199 203 209 1 30 98 242 231 189 37 75 79 165 27 97 127 77 71 68 217 12 59 201 51 22 166 59 59 105 215 212 199 231 29 
68 79 33 90 229 3 209 87 53 213 0 175 247 147 187 247 69 17 82 151 71 188 12 201 30 4 143 128 138 44 206 133 161 101 31 168 18 231 177 233 228 
41 219 59 127 147 211 61 196 27 81 162 64 116 235 149 149 245 153 167 91 63 181 221 73 117 245 93 60 56 116 223 146 47 145 73 155 130 156 14 7 207 
130 143 60 199 144 121 22 16 59 224 66 182 220 174 1 0 163 169 221 24 169 239 29 20 120 138 89 127 89 94 140 30 139 70 43 125 42 49 242 200 181 
130 48 209 177 211 217 124 225 123 149 243 163 141 70 174 232 178 129 8 125 248 237 54 179 88 184 86 40 145 221 215 240 84 97 17 68 93 110 218 66 55 
237 45 234 211 195 46 249 178 157 0 83 138 80 226 154 190 119 117 146 19 71 108 122 52 79 111 238 93 129 6 16 17 17 67 131 0 243 195 168 36 95 
136 217 72 65 55 69 208 190 117 119 124 129 34 206 13 229 228 185 3 194 39 154 141 9 32 116 26 107 0 222 115 240 236 145 16 248 9 232 182 12 63 
221 86 35 3 159 188 46 189 90 70 88 120 10 146 10 179 60 236 195 223 120 160 52 116 70 103 7 81 60 71 192 174 98 249 78 107 33 162 188 41 117 
168 134 42 151 111 182 154 92 165 125 165 92 70 112 133 125 162 198 250 181 209 186 195 134 52 95 89 72 129 161 24 130 78 171 116 173 2 99 132 205 167 
183 161 171 72 215 182 242 122 124 228 191 222 175 177 38 232 119 3 249 189 128 55 93 187 127 123 209 47 158 48 129 234 1 121 193 133 241 39 204 197 132 
31 156 199 50 107 132 198 167 226 225 124 137 40 209 162 48 47 85 215 162 180 189 225 209 61 107 134 243 233 149 124 107 130 80 55 32 244 14 193 76 159 
26 187 211 105 217 194 81 56 155 100 117 18 114 249 175 214 97 250 164 173 210 165 196 153 13 104 0 12 196 108 201 148 168 27 247 243 21 157 248 96 177 
125 97 120 84 61 44 193 248 247 166 212 10 33 235 194 47 201 108 99 27 182 181 249 29 96 40 33 40 106 103 172 235 161 239 212 126 33 236 132 117 88 
227 138 85 83 187 214 99 99 56 5 182 198 51 56 204 163 161 243 239 97 117 146 30 250 23 202 67 138 39 34 11 101 213 103 27 227 228 116 75 210 226 
228 229 50 107 172 244 82 31 64 178 242 250 49 90 2 14 81 17 242 82 50 111 230 87 6 238 7 103 248 46 143 234 210 51 114 151 65 245 172 128 2 
91 4 100 118 57 3 224 76 164 177 184 81 40 8 217 149 190 128 43 174 233 211 203 105 207 19 69 136 250 92 179 88 173 153 32 132 26 212 112 158 36 
5 184 140 236 99 124 233 54 223 165 243 166 222 227 245 157 204 106 35 249 52 188 203 2 225 84 178 223 25 215 2 132 179 28 44 187 199 250 83 220 190 
209 119 131 218 112 136 15 3 119 184 80 129 197 217 205 115 170 98 81 28 240 115 109 27 19 38 75 106 88 190 67 116 84 217 187 233 114 104 27 139 133 
88 17 79 213 114 74 11 243 27 162 84 234 42 71 103 44 21 56 191 35 52 150 150 40 207 11 2 94 104 120 233 249 35 120 89 24 76 246 88 219 45 
69 146 248 37 43 185 237 236 54 156 143 145 31 61 217 156 173 71 215 232 212 76 54 201 118 142 103 161 104 134 61 2 220 127 107 187 201 240 206 137 250 
248 218 205 249 243 11 211 68 220 35 214 57 52 19 100 35 116 124 10 39 192 54 124 91 90 133 200 65 106 60 128 37 234 235 153 154 244 88 99 33 242 
46 89 71 118 172 227 18 194 42 89 120 218 200 1 10 68 43 159 12 31 214 217 154 213 175 80 247 194 98 111 231 53 5 21 66 193 176 58 183 198 30 
226 246 10 225 107 57 250 182 60 193 0 118 171 181 77 131 22 20 160 115 220 158 71 141 8 183 15 243 173 183 238 20 83 119 210 244 84 191 99 68 114 
213 117 166 37 181 199 16 15 227 125 119 30 178 21 164 105 28 109 184 137 131 83 150 68 10 196 46 65 94 190 244 44 71 115 53 211 105 57 189 223 46 
127 152 10 103 86 12 166 47 4 122 210 47 19 182 207 240 133 28 36 154 226 57 23 30 121 4 219 34 200 138 39 94 68 85 0 26 39 222 194 172 62 
168 91 229 184 32 57 5 18 133 70 176 121 121 56 182 88 156 162 2 192 182 213 195 67 242 169 207 172 111 180 160 163 214 239 105 134 63 53 70 247 43 
42 98 93 78 191 58 85 74 104 79 106 161 29 94 159 204 217 33 121 103 17 40 79 83 47 152 104 172 143 151 96 211 0 72 161 155 229 76 11 147 125 
1 72 212 199 247 238 88 242 72 225 155 166 34 157 208 85 247 129 141 69 185 8 87 126 12 203 182 205 40 82 177 36 200 72 226 4 236 65 19 199 235 
67 81 184 71 183 26 164 156 31 145 27 213 27 177 88 225 183 13 182 39 212 102 205 245 214 217 216 161 146 205 14 222 25 78 174 34 68 88 4 108 238 
28 57 40 94 229 210 131 238 69 106 242 197 93 57 232 8 34 250 216 44 114 23 131 97 144 11 27 59 180 166 6 209 78 161 124 201 160 245 207 93 106 
76 16 121 188 102 235 26 120 220 7 211 33 9 86 197 99 177 85 65 22 91 112 188 144 201 204 222 205 228 240 157 244 243 21 155 39 56 173 157 80 229 
