55
154 245 218 211 55 124 18 38 192 130 179 165 58 171 212 9 119 195 11 54 149 14 187 119 165 23 30 236 211 181 62 1 250 100 95 197 95 118 193 6 45 44 155 1 138 119 101 46 105 213 107 17 45 177 118 
164 145 153 180 241 247 84 56 217 68 211 210 234 51 93 178 62 175 101 171 45 64 184 116 136 112 206 60 245 27 11 172 3 109 24 56 173 214 155 188 185 137 50 178 217 189 103 197 108 94 152 153 115 187 209 
205 229 159 235 129 181 198 51 212 234 126 216 22 168 153 104 10 110 123 77 229 64 3 26 147 234 233 55 127 44 204 117 41 7 4 197 54 198 174 232 189 49 184 149 33 100 194 19 103 176 104 166 216 50 167 
31 24 176 116 217 155 91 249 208 89 187 163 31 115 73 192 236 175 218 167 111 113 102 56 228 209 37 47 232 129 209 22 225 157 117 162 95 170 202 29 230 241 15 62 179 177 60 162 28 212 147 206 136 88 14 
9 45 143 59 93 138 94 21 195 82 91 116 70 214 207 32 98 173 212 214 86 111 136 21 80 185 190 228 235 199 66 246 97 35 43 187 61 189 21 0 228 240 188 152 238 19 30 117 6 135 237 73 180 173 218 
237 153 119 72 231 248 62 46 55 188 242 45 37 209 202 177 3 97 34 13 95 250 219 184 123 37 174 90 244 151 192 241 67 222 44 192 170 147 235 16 41 9 89 132 227 69 29 69 183 175 149 245 107 209 172 
169 44 207 206 212 245 216 35 62 132 138 89 139 68 93 143 209 41 40 80 157 43 16 100 241 19 126 189 164 132 94 227 64 123 200 9 50 87 86 85 158 44 66 159 168 198 218 10 198 37 87 116 216 206 16 
190 16 154 21 115 44 230 130 156 136 98 91 193 245 34 116 52 136 66 50 52 226 103 58 168 131 33 50 177 113 195 24 123 15 228 30 6 241 186 95 12 45 197 227 146 42 154 154 119 156 228 147 242 54 63 
129 184 59 117 250 157 61 232 45 221 212 186 152 218 107 242 14 209 76 159 244 187 125 202 154 205 137 63 186 186 111 30 55 174 164 139 27 17 129 8 49 196 166 74 125 167 205 60 130 207 184 99 202 223 166 
53 152 86 9 200 70 180 97 122 193 139 62 170 94 43 58 58 133 56 95 216 223 7 242 106 145 226 209 20 32 8 39 54 130 7 95 83 13 124 234 167 17 49 140 212 247 245 94 85 81 58 23 12 111 53 
47 47 112 210 14 67 51 73 140 71 147 63 163 148 125 159 203 44 142 193 128 192 112 198 55 206 142 14 186 31 32 227 67 111 166 142 58 215 247 90 57 209 82 21 44 184 54 243 50 248 53 173 240 247 15 
184 249 219 56 226 127 58 232 73 184 225 33 69 51 7 60 217 107 161 134 133 80 116 55 194 36 206 244 104 159 88 150 201 224 138 46 37 176 99 166 149 45 145 244 81 175 54 28 42 234 135 186 223 172 0 
97 215 201 59 195 81 194 177 140 128 114 171 16 38 19 205 225 92 49 247 156 225 179 2 58 57 245 231 248 145 9 80 12 83 48 20 17 20 191 93 90 161 97 130 146 73 32 202 125 173 172 74 50 7 6 
218 115 20 16 181 246 204 6 62 65 19 116 71 183 148 103 13 55 86 134 95 162 53 229 208 217 180 230 46 227 184 245 215 95 124 220 170 30 70 124 75 105 168 208 232 207 174 47 138 97 70 31 40 10 21 
102 83 39 173 188 171 115 101 226 153 215 59 22 140 167 118 1 180 172 119 117 210 194 137 205 192 122 167 223 201 145 86 129 24 117 247 137 130 38 153 40 135 154 111 29 208 138 148 115 109 80 160 250 38 23 
93 189 48 171 221 40 152 91 193 161 230 178 137 153 36 24 151 149 190 239 85 122 179 140 122 144 165 176 177 89 54 161 68 238 228 47 14 11 201 232 100 120 106 218 158 134 15 183 49 163 151 93 114 70 122 
115 243 38 106 191 26 125 136 235 159 24 2 231 115 149 235 167 200 23 183 158 44 48 211 64 83 101 121 237 108 81 3 150 2 154 248 33 52 61 211 174 219 209 222 70 127 214 72 2 29 29 243 144 79 193 
219 71 149 216 88 45 12 12 60 42 206 217 49 69 195 130 88 75 143 78 121 198 70 9 216 34 56 153 50 91 19 243 88 218 234 228 81 178 88 240 43 143 84 16 213 170 237 156 175 142 227 179 97 155 118 
34 150 158 56 20 201 212 115 221 95 140 145 22 40 165 23 44 64 106 231 210 227 43 223 18 164 12 97 9 101 184 212 21 157 108 181 119 203 146 175 200 186 26 73 187 132 5 149 140 50 234 249 247 67 32 
198 73 77 31 248 93 50 225 226 54 139 88 154 170 16 179 120 1 50 245 32 210 69 187 169 18 150 135 166 129 16 158 195 45 80 132 124 214 160 199 139 146 161 86 108 113 84 91 64 33 36 237 59 32 10 
95 225 242 54 45 60 226 193 1 53 53 161 191 117 138 171 106 182 177 107 139 193 247 38 239 67 133 44 232 7 92 149 53 179 212 132 244 215 36 23 149 77 95 91 201 112 238 220 210 210 233 40 213 188 151 
33 134 100 219 224 151 70 141 152 121 205 234 131 39 18 204 193 172 108 57 240 16 10 165 79 98 223 231 85 172 230 118 92 82 196 158 178 37 131 120 67 218 52 124 191 19 210 51 6 2 73 58 86 207 154 
242 13 57 64 109 57 130 198 59 190 58 92 22 228 205 24 175 59 122 166 160 226 181 204 239 206 138 125 174 94 193 172 155 15 4 144 207 235 237 64 80 22 167 35 49 148 37 92 118 202 130 9 230 79 228 
86 160 99 185 185 98 60 61 213 15 4 109 100 61 246 15 198 81 77 117 146 68 223 134 213 125 48 231 211 49 133 33 44 193 188 228 71 173 44 223 239 227 84 99 54 31 164 247 221 128 80 215 177 48 211 
78 222 140 38 134 237 4 142 21 61 60 3 132 12 110 158 172 11 181 110 16 245 97 89 20 27 21 81 231 72 14 250 196 213 203 216 200 153 75 227 152 176 21 124 109 146 197 180 230 148 54 122 146 174 227 
214 178 11 188 204 235 162 195 197 78 116 21 60 44 43 35 84 148 249 135 219 132 94 121 161 81 113 86 226 69 50 130 147 35 234 182 160 94 159 54 24 73 80 60 163 65 216 148 118 133 214 34 129 62 44 
64 172 0 55 71 32 244 206 227 97 231 61 119 135 120 217 234 213 139 248 24 191 245 91 13 49 6 120 173 194 87 88 10 191 48 212 146 112 191 144 208 107 37 249 215 246 152 6 174 234 102 113 1 60 199 
131 230 232 242 173 159 193 151 7 14 1 151 7 87 241 236 224 232 8 1 235 53 50 146 2 170 101 197 233 38 220 111 30 64 90 55 184 240 70 197 224 210 107 145 174 228 34 217 142 183 182 188 3 169 126 
246 194 83 163 250 7 185 39 76 76 187 207 26 98 12 183 131 206 179 23 29 220 34 90 12 130 229 14 83 210 99 168 56 87 178 200 106 151 150 230 60 125 229 154 133 116 155 185 66 16 50 236 127 125 102 
161 105 81 29 239 33 92 181 235 41 19 129 134 74 34 226 112 210 95 36 168 217 65 239 161 168 156 164 30 237 247 81 151 157 190 185 204 215 203 96 95 187 36 177 63 161 93 35 57 58 248 141 236 76 145 
23 112 85 206 154 250 124 108 233 46 45 27 9 229 144 27 7 11 10 71 98 41 236 199 192 57 245 109 113 151 232 28 37 117 168 205 134 166 122 177 177 31 68 171 20 46 215 187 178 101 126 51 41 216 9 
161 189 79 109 39 219 126 233 157 171 249 235 229 61 105 166 52 157 143 54 138 39 34 20 53 245 65 147 249 54 204 102 109 248 53 225 119 136 221 244 204 110 19 107 166 200 58 83 220 165 134 71 219 157 228 
185 169 25 193 158 9 209 240 212 20 151 7 130 225 170 202 119 48 40 193 203 188 205 239 106 23 42 76 81 108 194 217 169 51 146 210 120 68 161 109 210 68 75 83 42 230 220 211 60 52 230 0 153 51 206 
75 110 45 71 250 84 207 93 34 186 91 213 223 199 46 226 85 26 81 65 234 64 101 30 187 147 240 19 248 57 229 243 118 90 121 66 108 247 235 4 125 47 35 2 134 122 217 101 238 131 54 130 102 176 89 
250 225 151 21 167 156 239 197 78 94 46 240 36 121 248 157 161 119 90 109 104 50 50 4 143 40 75 75 135 15 92 141 154 68 59 87 63 76 92 131 150 65 223 133 189 232 52 184 241 10 167 88 140 106 173 
156 199 105 75 178 172 31 34 131 214 9 242 64 93 173 118 230 249 101 137 111 56 239 209 87 36 2 134 69 194 88 136 166 30 155 87 167 170 239 184 130 118 128 62 111 10 211 15 240 238 186 131 196 161 134 
114 138 124 153 172 173 235 85 225 161 3 176 150 96 44 46 100 115 227 186 107 91 100 181 48 16 195 44 117 97 108 250 215 119 190 167 21 59 78 208 48 192 227 99 93 223 134 206 17 181 155 139 6 178 159 
63 15 34 60 208 221 24 185 49 59 15 249 214 88 58 181 15 48 250 200 102 175 234 227 62 180 243 38 18 98 109 59 222 23 180 98 39 66 31 8 180 242 67 183 78 227 194 62 29 78 192 147 9 97 177 
206 1 116 8 17 51 166 235 97 217 29 104 246 121 144 67 189 240 242 194 239 6 71 43 54 86 128 173 225 239 32 229 146 69 133 51 69 100 25 180 203 148 43 72 198 223 13 184 199 190 84 72 55 4 175 
235 100 105 162 10 53 124 217 218 240 12 72 195 249 116 218 44 3 33 101 4 80 116 53 128 29 186 5 220 180 92 199 240 79 128 84 228 152 119 217 99 112 118 7 66 70 173 68 167 161 205 47 125 137 152 
247 214 83 226 114 248 63 216 216 142 205 103 23 76 220 68 106 181 74 126 61 149 237 216 12 78 27 62 147 187 215 238 68 183 184 121 152 181 135 249 202 123 97 218 44 196 162 102 189 199 238 43 56 32 128 
159 235 90 36 196 122 6 67 112 23 110 72 69 55 164 224 195 55 163 239 230 64 130 5 16 111 70 209 195 218 231 209 65 4 240 237 129 217 124 161 205 128 237 136 63 33 179 141 30 93 217 18 30 223 147 
136 158 87 208 79 19 211 178 138 146 171 20 100 16 48 168 48 217 82 148 8 189 43 69 243 35 199 89 145 244 196 77 3 80 99 38 152 126 215 124 160 54 107 215 209 150 53 80 69 81 18 79 126 86 130 
190 37 213 204 19 26 168 72 42 132 151 60 214 101 160 198 227 167 177 198 38 66 9 152 73 177 206 57 65 235 235 121 70 118 158 116 106 157 3 169 197 134 8 247 134 47 184 224 214 150 41 221 131 10 250 
113 163 95 192 122 10 239 239 2 225 163 218 29 161 201 13 90 90 124 11 143 194 238 210 225 199 29 72 172 127 116 163 74 10 198 63 193 11 190 108 157 158 28 190 126 243 151 184 149 176 197 120 21 112 195 
235 71 125 25 223 177 234 79 219 187 183 9 34 1 52 88 225 176 121 225 19 85 4 22 195 231 144 168 146 242 247 169 229 79 63 22 9 92 236 145 215 232 99 141 192 151 31 130 152 6 147 106 217 107 109 
78 162 1 240 112 50 68 77 56 111 123 109 100 190 170 129 113 112 185 21 42 175 78 245 35 69 206 90 160 60 202 118 45 23 74 104 33 173 206 20 228 134 102 50 88 205 217 31 33 190 99 44 198 43 157 
10 213 157 183 4 166 128 120 116 248 191 201 41 165 217 106 176 212 217 228 224 183 173 12 90 128 203 187 119 208 198 148 138 244 210 177 200 191 156 34 221 21 118 176 208 119 241 167 249 159 22 72 249 210 101 
220 53 70 194 226 224 171 199 138 98 62 67 248 135 41 99 233 97 207 35 190 190 211 156 77 109 227 69 214 123 173 180 150 61 192 102 5 236 116 113 154 67 105 235 9 236 169 6 161 238 215 43 221 129 231 
74 7 16 118 25 54 226 210 76 188 77 161 237 199 60 191 173 200 96 196 42 203 177 79 55 56 6 79 178 86 249 239 128 97 188 248 156 248 212 50 32 6 152 75 10 48 40 247 250 221 61 250 169 123 34 
11 97 57 75 70 244 204 240 156 110 92 178 148 39 229 199 78 18 194 85 151 44 126 116 117 138 105 225 188 212 102 12 158 212 85 191 36 226 80 23 76 52 75 91 29 201 175 104 48 134 57 164 114 205 126 
138 78 187 3 121 164 26 19 240 51 0 115 68 159 138 51 183 232 242 146 108 37 211 141 215 113 188 164 91 220 48 169 117 118 93 171 34 222 168 0 30 79 237 1 14 214 133 250 162 203 111 116 206 22 68 
136 9 82 134 4 154 223 37 196 146 60 18 165 40 44 38 104 142 115 154 220 162 53 177 112 23 58 126 192 148 148 183 173 171 213 184 206 222 82 244 145 106 80 242 53 99 176 113 169 202 32 6 27 54 57 
236 150 244 157 148 176 28 170 206 90 94 227 31 54 241 175 117 43 8 183 93 30 233 7 171 214 19 174 201 242 170 163 223 31 206 249 23 129 69 144 160 40 215 230 171 120 126 31 245 97 134 48 27 214 145 
14 114 178 22 93 163 79 194 197 124 235 231 85 232 77 41 70 35 54 155 75 114 243 157 60 203 38 188 224 21 118 69 51 190 232 69 215 156 40 13 140 180 35 92 102 2 96 119 18 41 110 202 129 155 182 
