9 9
24 20 9 0 20 22 24 28 10 
0.111111111111 0.111111111111 0.111111111111 0.111111111111 0.111111111111 0.111111111111 0.111111111111 0.111111111111 0.111111111111 
0.111111111111 0.111111111111 0.111111111111 0.111111111111 0.111111111111 0.111111111111 0.111111111111 0.111111111111 0.111111111111 
0.111111111111 0.111111111111 0.111111111111 0.111111111111 0.111111111111 0.111111111111 0.111111111111 0.111111111111 0.111111111111 
0.111111111111 0.111111111111 0.111111111111 0.111111111111 0.111111111111 0.111111111111 0.111111111111 0.111111111111 0.111111111111 
0.111111111111 0.111111111111 0.111111111111 0.111111111111 0.111111111111 0.111111111111 0.111111111111 0.111111111111 0.111111111111 
0.111111111111 0.111111111111 0.111111111111 0.111111111111 0.111111111111 0.111111111111 0.111111111111 0.111111111111 0.111111111111 
0.111111111111 0.111111111111 0.111111111111 0.111111111111 0.111111111111 0.111111111111 0.111111111111 0.111111111111 0.111111111111 
0.111111111111 0.111111111111 0.111111111111 0.111111111111 0.111111111111 0.111111111111 0.111111111111 0.111111111111 0.111111111111 
0.111111111111 0.111111111111 0.111111111111 0.111111111111 0.111111111111 0.111111111111 0.111111111111 0.111111111111 0.111111111111 
34 43 46 43 43 40 41 38 45 34 
