54
234 216 53 248 98 46 217 55 143 96 21 128 18 33 4 215 186 48 119 231 140 103 208 40 111 111 211 79 92 60 31 179 131 101 46 239 12 166 78 108 88 93 136 122 63 146 248 152 159 242 159 220 236 120 
173 110 63 146 134 222 234 99 9 25 4 91 164 75 202 45 28 157 56 56 183 78 0 213 148 39 165 143 227 127 203 220 39 192 206 109 200 198 127 228 120 8 19 37 88 174 98 37 15 78 242 154 153 3 
40 187 165 39 156 14 201 25 13 180 147 188 221 117 128 100 59 185 117 231 112 109 119 5 215 170 174 52 191 120 164 160 79 21 227 218 208 232 183 84 209 224 145 244 88 167 44 8 190 77 99 117 96 161 
111 0 164 212 214 21 146 20 18 95 185 234 46 229 213 59 120 201 8 149 167 211 212 101 56 83 43 137 21 86 184 136 8 104 77 203 250 125 48 135 10 113 39 174 205 169 139 123 184 244 141 222 46 37 
94 172 153 132 173 229 6 54 104 204 143 221 90 21 75 217 158 206 195 143 153 131 44 114 105 64 189 9 66 90 159 191 67 85 47 166 188 22 83 41 139 144 80 143 85 29 243 198 191 250 140 206 100 225 
33 9 232 192 92 9 106 228 113 135 242 44 215 123 95 112 180 68 106 55 213 55 209 26 214 183 54 83 8 226 170 164 106 74 181 119 39 55 12 165 58 105 166 189 62 60 26 199 239 156 31 63 222 195 
165 9 155 44 206 114 199 117 39 177 241 227 27 21 156 52 125 97 139 218 94 46 97 169 42 157 91 19 51 144 94 124 147 82 78 76 195 182 10 46 102 242 199 55 107 65 206 31 127 5 85 79 177 52 
217 17 86 95 126 38 67 209 15 232 154 144 34 73 174 193 1 203 245 211 24 211 197 200 112 212 41 190 211 20 119 112 3 122 241 201 139 176 181 98 155 30 173 247 169 7 50 154 231 217 54 105 79 35 
140 80 102 157 59 94 212 23 173 102 116 151 237 0 203 154 187 14 152 207 92 14 188 60 245 244 152 83 247 187 57 238 99 81 160 249 197 46 114 144 171 209 192 130 162 199 179 87 60 47 72 147 209 179 
19 109 97 97 75 197 79 58 100 65 180 56 201 136 136 70 144 123 223 248 43 192 218 220 230 138 156 119 147 19 18 15 145 228 62 134 30 165 161 10 90 226 110 133 138 219 245 215 150 86 118 157 224 98 
188 43 30 47 218 17 74 101 119 115 157 215 61 167 44 215 155 90 108 221 187 169 146 49 100 114 31 162 153 0 215 129 101 23 84 85 133 249 47 14 79 69 146 29 197 234 107 130 151 55 126 214 94 40 
91 148 31 83 82 50 165 134 164 21 41 81 37 87 159 231 202 180 186 109 221 176 112 66 118 23 131 130 130 42 203 101 54 107 226 30 184 186 168 92 156 162 63 124 134 163 206 143 156 79 5 56 18 229 
200 45 199 155 212 88 236 115 167 57 220 115 166 85 198 177 182 101 198 148 33 217 234 13 138 8 238 98 131 32 54 105 225 85 241 169 241 178 143 226 229 2 12 181 111 214 33 213 64 203 142 132 135 114 
44 173 75 11 57 31 183 127 178 109 70 214 192 100 24 126 15 196 213 115 99 104 63 25 105 184 213 217 205 4 138 214 131 83 168 15 209 142 240 236 208 176 210 168 112 237 143 14 71 83 232 50 148 135 
37 106 21 24 238 25 92 109 62 205 192 240 217 178 73 42 62 99 119 183 78 189 250 194 61 184 134 44 187 211 245 87 47 87 107 138 189 167 99 30 186 112 196 167 116 101 160 220 229 226 53 95 91 214 
70 219 53 58 55 249 123 122 12 144 227 71 211 184 104 106 114 140 170 134 92 86 79 211 63 122 151 177 90 164 84 178 235 235 38 44 61 143 17 221 187 201 235 100 178 81 183 76 152 73 88 163 23 241 
249 230 2 225 21 138 149 228 58 43 112 197 181 212 34 160 166 21 24 226 183 58 121 144 208 137 135 25 103 20 11 58 5 100 7 46 231 39 111 169 75 140 185 223 103 152 208 227 239 248 45 64 246 114 
231 107 224 107 200 18 84 177 193 68 237 153 213 132 220 3 91 133 51 47 6 29 49 167 244 55 128 103 145 134 60 191 232 21 49 57 93 190 63 177 248 156 43 71 245 161 133 220 29 141 191 34 215 120 
115 219 239 208 55 206 188 1 223 178 101 38 13 236 166 128 104 228 137 148 147 116 219 86 230 79 74 234 28 245 189 209 35 162 117 43 108 188 226 122 176 195 66 146 179 223 12 124 239 204 46 85 58 36 
93 97 83 228 206 21 115 200 96 211 55 227 86 224 43 63 101 159 33 149 118 190 1 20 55 33 132 235 194 96 79 216 147 1 183 64 15 141 152 22 81 112 144 135 104 42 69 180 71 33 71 232 26 7 
109 243 80 3 38 34 163 74 148 37 250 124 6 215 178 113 141 113 134 210 86 196 214 135 159 202 249 138 117 82 157 13 103 12 116 170 188 146 240 163 124 119 144 105 88 154 195 176 2 20 177 62 207 149 
206 169 145 201 138 99 11 10 83 154 127 238 75 134 217 68 138 101 222 125 21 56 61 31 239 176 86 24 49 219 61 22 134 113 163 199 139 63 204 168 102 117 19 79 70 217 46 214 152 140 139 149 123 107 
192 175 151 64 213 41 82 21 137 67 13 163 202 98 83 144 20 109 96 49 244 239 64 215 71 177 102 231 91 123 118 16 199 108 44 127 171 153 195 245 148 103 243 190 83 113 84 13 67 145 108 245 1 99 
40 86 166 44 175 122 148 66 86 190 38 36 205 134 147 163 33 8 65 113 184 144 147 225 37 66 142 95 193 177 133 211 61 3 104 163 89 28 83 199 59 38 3 152 77 31 152 52 163 127 55 134 4 242 
19 108 167 81 65 0 211 248 147 107 171 168 26 196 21 207 234 139 24 154 0 78 244 177 130 229 154 163 46 212 150 205 160 209 205 135 177 31 180 3 31 75 4 88 81 206 143 130 122 180 150 97 113 142 
58 12 236 120 115 6 200 4 132 100 239 247 78 184 126 111 84 150 86 28 74 58 132 19 9 234 173 86 217 83 24 6 141 77 249 37 245 220 40 130 162 169 17 30 161 208 96 166 54 248 74 225 209 104 
177 202 234 160 210 232 203 237 10 33 33 111 227 231 242 38 130 151 6 200 125 40 56 173 22 47 212 224 182 205 110 189 137 153 175 131 227 99 33 69 200 154 52 29 239 153 5 67 29 13 13 64 130 169 
156 219 159 226 195 107 25 51 249 86 56 230 123 130 40 155 124 229 219 176 190 106 37 206 250 46 96 238 198 215 209 60 14 181 214 146 127 74 196 218 20 80 97 235 197 106 67 180 135 222 112 160 212 42 
113 54 82 87 153 154 171 138 215 231 226 125 113 229 243 14 197 217 129 156 64 168 171 98 244 214 183 249 20 39 63 183 195 171 133 180 52 229 209 241 92 159 137 90 237 122 184 59 126 196 203 34 4 151 
180 227 119 108 216 239 228 196 13 44 142 176 215 123 158 55 83 237 198 153 141 198 11 178 194 166 164 223 232 62 237 74 169 144 197 69 15 144 174 121 38 39 190 142 57 27 137 220 148 33 164 142 209 90 
110 21 100 11 47 234 161 112 4 235 3 91 191 147 247 124 186 66 132 78 187 185 159 165 86 29 38 179 129 120 189 26 140 185 69 72 2 22 177 239 130 86 150 112 75 66 128 108 199 113 1 136 75 124 
203 22 87 10 60 197 155 188 72 158 31 226 214 23 159 137 93 235 5 10 36 241 240 144 220 9 227 91 56 233 133 11 149 48 37 145 76 51 173 208 240 192 211 67 88 31 92 39 192 30 70 132 53 180 
129 162 80 24 13 197 246 39 181 44 11 36 214 79 59 13 84 175 5 159 155 8 214 28 98 137 93 232 135 216 97 27 162 182 217 23 229 107 115 94 98 162 101 184 190 20 244 107 71 134 23 20 141 56 
102 18 145 151 208 84 227 85 201 33 99 177 135 71 131 165 91 35 217 89 135 89 199 85 131 244 214 139 44 61 135 240 24 2 3 62 156 178 173 158 99 203 96 22 156 249 114 126 236 237 220 80 196 170 
200 35 140 11 35 75 160 206 20 1 112 121 16 6 158 247 173 196 15 225 50 215 92 162 39 234 37 10 62 159 31 202 239 150 60 167 58 110 71 57 30 127 115 187 24 181 161 236 173 180 17 12 177 143 
78 9 7 130 175 192 65 197 135 225 176 134 161 70 71 111 46 169 118 181 53 176 160 76 78 151 112 52 119 104 115 91 117 131 241 84 79 203 6 163 102 42 27 133 62 202 143 150 183 100 43 250 73 219 
219 166 97 25 32 87 94 220 200 83 118 78 141 186 148 228 121 144 66 6 188 235 239 219 139 204 193 142 141 194 51 16 142 212 136 145 117 240 81 161 128 5 244 242 7 11 155 182 241 86 204 81 27 168 
136 30 31 9 1 106 33 98 10 205 149 15 153 174 246 45 133 145 12 170 152 2 78 131 2 145 125 110 46 183 55 196 102 108 53 62 69 210 222 79 8 26 162 165 90 143 190 120 162 143 10 196 17 110 
105 80 26 47 142 79 58 244 193 227 88 221 227 48 120 34 171 18 55 72 249 136 93 189 172 52 9 167 23 198 224 61 103 41 58 178 54 54 29 44 76 164 1 96 114 168 152 211 212 176 71 225 200 153 
25 139 168 198 214 35 112 7 38 61 208 201 97 221 215 192 6 69 131 245 164 179 206 191 43 250 30 73 111 118 147 99 76 93 163 47 97 95 91 64 139 59 223 80 174 33 160 243 114 188 157 211 64 24 
178 102 140 151 135 170 192 69 81 58 55 139 135 18 187 58 90 116 115 232 215 175 67 190 57 54 166 51 159 129 132 248 66 160 204 42 170 53 26 213 164 113 131 5 103 58 76 231 121 181 232 105 146 63 
118 24 113 31 170 223 59 26 80 156 39 200 130 148 41 155 40 17 30 94 36 6 114 68 211 26 155 174 176 100 3 138 33 93 74 94 1 6 172 168 51 124 28 165 180 218 242 128 160 45 107 115 233 234 
99 162 0 178 10 183 207 36 213 138 218 140 22 102 55 70 109 63 219 93 159 9 142 117 100 4 158 39 106 215 224 202 186 157 19 143 22 16 175 190 245 69 133 42 70 38 131 220 21 154 139 197 89 126 
5 116 171 172 90 62 35 11 203 67 36 247 219 98 151 37 144 156 30 158 128 61 33 155 203 137 139 50 240 116 83 182 4 121 150 64 18 65 178 17 132 72 100 101 67 220 61 209 121 91 10 121 115 229 
106 226 15 114 13 70 216 222 233 29 53 136 247 221 7 87 31 155 12 95 218 241 104 149 121 158 117 232 42 85 88 111 164 48 55 142 172 216 50 196 128 78 24 59 174 65 234 211 144 30 226 6 161 15 
25 83 28 4 210 109 2 172 201 23 22 3 244 2 132 81 13 84 6 223 157 229 110 67 59 97 51 205 227 237 74 125 201 218 93 57 106 89 84 121 18 143 197 113 201 30 143 80 231 200 190 174 163 174 
182 76 63 156 111 95 89 64 33 18 135 159 85 223 6 34 105 208 82 160 148 31 8 51 2 165 169 103 2 97 148 1 25 43 31 41 70 188 217 150 146 157 163 231 232 71 17 18 239 45 48 91 161 215 
156 216 23 200 212 153 230 33 13 159 144 204 79 161 83 234 123 147 84 56 201 241 144 17 88 211 41 137 191 124 198 244 225 197 145 198 198 134 91 83 105 173 106 165 64 184 238 189 190 53 164 54 22 20 
25 220 39 154 8 5 220 168 56 124 73 33 53 12 96 43 163 69 211 230 143 211 220 177 234 157 150 55 42 166 241 47 54 182 191 124 154 73 46 247 243 177 247 68 56 13 241 25 186 189 196 114 7 33 
154 171 230 112 197 138 209 23 82 80 228 159 176 94 225 159 233 17 91 61 248 192 214 87 212 219 202 109 204 129 163 122 225 142 227 247 114 134 165 26 85 42 119 11 12 187 57 184 154 234 175 187 245 11 
211 170 109 165 37 208 50 97 27 74 92 68 47 91 1 33 121 93 134 26 122 203 103 200 4 101 134 79 125 73 85 99 91 203 81 42 192 212 108 181 181 121 148 79 212 233 144 10 122 71 148 209 145 243 
4 85 131 90 15 66 183 147 198 119 189 74 109 125 189 19 150 166 183 233 169 125 29 23 126 192 220 222 247 180 134 202 36 160 7 62 226 233 49 187 184 106 215 109 19 248 107 66 214 242 156 104 162 230 
243 177 40 46 132 123 31 224 36 211 177 0 59 234 15 162 161 163 170 142 235 202 66 126 227 5 150 84 219 33 82 15 202 207 225 29 29 162 190 142 189 155 187 230 225 75 20 57 171 20 34 234 242 139 
245 0 239 115 142 1 36 102 249 88 23 159 28 117 100 190 6 13 172 78 5 43 19 98 176 132 18 172 30 53 53 79 181 38 96 121 174 157 139 36 183 26 211 116 157 43 82 130 103 229 186 5 106 152 
