80
143 168 103 91 28 164 238 119 116 166 44 97 12 114 196 30 114 84 250 195 25 209 23 237 111 125 198 247 124 131 224 110 132 175 250 14 152 122 249 39 201 60 96 50 193 212 151 20 203 244 111 137 99 188 223 150 115 81 205 178 139 131 196 137 189 36 194 76 5 177 190 3 141 218 82 210 60 81 188 155 
118 247 194 90 191 122 164 114 19 161 158 178 226 163 1 93 193 146 189 142 90 204 234 64 222 220 219 158 5 219 34 100 212 1 178 228 193 244 62 243 156 100 154 162 48 248 21 88 110 191 17 27 202 160 14 161 204 101 56 222 169 66 133 185 142 108 156 135 217 30 215 179 163 143 106 77 42 143 217 111 
235 145 220 50 242 90 163 161 149 141 62 166 237 123 71 2 78 99 188 202 155 40 112 88 108 165 39 80 95 115 177 245 51 83 136 91 43 14 69 187 120 242 94 208 0 172 70 121 33 226 209 111 113 152 168 44 213 83 169 60 242 85 198 245 32 36 159 183 27 38 104 132 85 113 67 112 39 192 134 114 
40 40 243 82 149 76 152 4 159 132 244 203 97 23 26 62 168 65 249 169 11 104 12 14 13 191 228 77 126 18 242 51 78 61 50 128 31 72 155 11 137 208 213 175 113 240 224 119 95 159 81 148 86 27 173 242 84 54 203 13 45 29 232 10 100 179 194 45 110 146 198 50 203 189 243 41 234 70 77 241 
229 44 4 75 237 192 63 12 43 31 61 40 238 67 144 215 32 85 214 27 213 177 98 236 228 206 34 76 221 249 63 97 200 237 194 221 81 46 39 47 143 8 150 69 122 128 243 177 62 62 181 107 18 132 33 50 237 101 35 220 88 220 225 17 130 232 148 16 106 16 72 190 35 243 149 8 37 98 23 135 
51 101 171 134 113 63 54 191 75 120 235 116 223 118 69 186 153 74 9 1 205 38 222 156 26 222 238 52 173 1 5 96 29 134 34 68 93 151 221 236 125 231 12 44 170 122 232 44 100 118 135 190 107 157 32 116 193 215 45 157 57 104 9 54 92 34 68 242 88 30 56 103 160 225 179 109 54 249 123 127 
82 184 7 192 187 39 189 244 11 140 2 99 160 45 157 6 98 247 105 210 110 205 69 248 237 104 91 133 107 196 110 86 162 192 207 146 106 0 155 41 59 173 174 190 147 195 162 94 19 46 29 109 124 244 39 229 180 31 41 144 153 220 202 86 117 51 157 185 212 91 120 238 84 22 156 187 218 160 232 193 
225 47 194 69 217 71 17 238 176 46 23 158 24 198 238 60 35 142 30 69 231 161 8 10 242 46 88 161 249 63 148 185 50 33 194 55 212 198 32 85 169 145 235 174 196 192 105 63 29 160 228 181 124 46 71 81 28 166 42 123 101 232 11 214 113 198 178 84 173 159 69 227 190 157 192 108 197 29 199 89 
234 180 182 133 108 95 201 190 145 250 54 70 53 0 73 201 121 70 141 243 206 169 65 210 118 108 197 97 166 153 95 106 0 143 244 115 208 182 247 174 82 184 159 122 189 15 26 212 74 35 81 17 234 248 8 249 160 104 186 194 2 9 12 26 11 24 210 55 135 157 64 187 214 240 213 96 146 12 129 196 
19 202 126 80 16 229 124 199 142 33 27 11 86 159 181 188 242 215 150 245 120 78 153 222 72 218 220 197 114 22 46 154 240 212 149 113 117 176 146 240 71 95 146 242 75 84 28 178 42 90 228 125 156 140 128 55 218 144 80 165 33 137 28 11 205 221 140 101 230 243 70 73 71 104 96 179 132 245 90 81 
114 87 168 248 224 238 10 217 160 235 195 179 123 249 60 50 40 119 208 246 214 196 126 118 229 89 205 133 160 204 217 23 199 183 128 229 242 160 142 188 121 54 8 135 225 10 206 170 210 101 108 218 189 53 116 127 139 236 78 193 188 196 172 200 17 95 31 22 216 94 160 168 128 164 207 9 136 60 151 250 
131 83 90 227 89 134 83 191 134 33 223 250 21 223 169 149 236 195 11 104 45 236 218 231 156 185 81 231 223 68 235 13 71 84 41 143 44 112 161 45 206 39 53 95 122 218 174 122 40 202 18 176 165 51 0 95 32 114 99 89 151 130 200 188 137 144 98 38 211 17 25 206 81 189 107 187 80 227 201 145 
36 58 201 45 57 55 179 114 194 231 202 15 195 224 130 152 36 106 83 181 55 121 218 43 138 135 155 81 121 68 131 217 144 199 174 121 139 31 226 91 158 88 48 119 248 181 149 115 242 130 77 100 72 154 89 33 241 5 239 207 81 131 126 217 128 233 73 36 177 140 246 240 95 200 232 131 53 45 246 206 
139 26 129 202 149 153 17 110 57 86 141 37 175 106 131 62 20 42 232 230 142 192 108 83 150 153 115 67 22 247 68 80 6 229 245 8 220 212 138 100 137 98 70 42 232 35 148 157 227 219 165 117 248 136 235 245 44 139 235 129 243 236 45 208 165 190 182 203 25 140 115 86 9 34 50 141 37 170 95 188 
21 172 195 167 150 180 56 148 208 216 163 89 36 37 250 32 20 66 180 147 111 192 111 59 59 0 123 144 67 143 54 54 32 68 6 22 90 28 102 32 195 51 178 126 61 116 105 129 233 30 153 57 14 50 95 66 57 118 133 236 148 29 134 8 209 10 183 82 134 52 114 43 110 118 250 33 3 218 250 148 
248 104 62 6 239 97 17 227 124 116 5 10 57 150 50 41 245 39 123 144 168 31 8 147 141 121 34 134 9 182 166 74 62 73 61 110 170 63 212 246 220 207 226 229 108 32 2 39 191 132 35 65 30 194 239 233 210 133 65 101 31 7 55 107 163 135 93 20 236 96 47 142 162 99 172 90 191 81 89 99 
38 132 228 201 179 77 192 179 175 141 226 195 181 79 138 206 183 164 141 209 45 88 96 86 219 162 19 55 192 104 227 225 150 109 102 82 84 123 137 68 125 227 101 65 140 8 97 61 34 73 231 96 247 162 151 140 68 161 158 245 147 26 6 156 102 249 127 42 148 114 24 164 181 182 109 14 121 120 101 224 
86 189 210 241 23 64 191 197 22 214 8 69 219 229 80 109 175 241 153 132 221 21 175 170 59 129 201 61 250 68 144 223 79 174 24 135 203 19 244 4 239 19 203 178 21 126 58 167 187 72 140 32 85 166 197 1 18 150 203 175 102 132 138 26 40 12 237 110 94 35 75 98 118 79 106 127 89 231 188 248 
90 16 109 108 43 169 72 87 215 84 92 138 3 194 22 35 143 69 78 50 230 225 50 43 186 140 33 93 153 68 97 132 219 43 104 11 179 200 74 168 175 107 185 100 221 211 200 8 240 53 222 197 193 117 192 121 30 118 196 132 32 107 37 89 21 107 150 127 143 116 240 6 146 225 1 176 20 143 178 171 
100 176 88 85 80 74 117 212 105 68 78 134 27 196 167 126 107 232 190 162 185 31 229 164 247 230 7 99 219 244 85 95 108 65 217 204 63 51 172 250 235 145 86 29 157 22 45 82 232 58 129 82 102 65 144 128 148 139 167 172 210 66 33 49 118 194 110 114 89 160 95 109 20 129 63 79 80 157 151 83 
189 73 137 246 170 32 55 174 148 56 1 35 233 22 250 13 198 228 204 242 212 128 222 85 6 136 167 165 209 90 108 133 128 221 105 187 250 127 62 108 153 23 146 201 166 68 15 58 137 153 237 119 167 6 158 153 82 93 180 31 39 9 1 171 117 115 38 237 129 104 78 153 15 114 192 136 141 1 145 106 
56 50 47 182 194 100 244 31 201 59 16 41 114 220 148 244 224 17 168 189 247 188 56 25 15 178 209 96 124 94 192 50 23 172 242 27 217 78 98 54 220 57 194 211 183 115 8 73 68 131 45 26 137 162 204 214 158 250 38 146 112 229 29 244 98 144 28 222 35 155 194 16 22 51 135 163 75 99 54 138 
128 146 112 26 178 12 165 248 55 56 174 101 200 30 223 119 113 182 24 157 248 11 46 24 183 90 195 88 249 241 125 152 163 136 37 32 199 95 182 203 85 209 10 46 160 71 125 203 37 204 0 192 42 33 239 54 132 99 35 188 166 106 241 244 28 112 5 241 57 66 225 248 179 218 92 134 135 177 35 218 
10 57 23 128 20 181 83 88 54 196 203 142 175 210 13 229 145 2 172 239 14 36 158 74 77 43 170 77 86 223 225 215 22 13 95 166 101 42 191 216 42 175 203 225 125 79 76 193 42 236 152 128 72 19 165 87 168 135 81 225 141 20 213 39 179 221 7 98 236 147 149 220 2 79 159 121 162 41 246 234 
149 41 185 192 123 143 144 19 107 203 125 192 184 42 12 140 41 144 35 151 142 86 54 195 221 183 210 158 139 117 148 176 248 181 223 179 127 31 228 226 41 48 66 57 244 166 82 168 50 168 156 33 184 113 200 153 25 112 104 209 162 3 242 174 249 86 46 214 238 2 7 201 98 205 125 97 98 225 169 190 
111 123 206 84 161 143 160 44 128 165 159 122 103 16 79 150 78 195 101 34 69 225 98 86 54 186 17 224 34 102 133 148 138 39 148 88 105 164 7 171 143 153 236 144 169 226 76 250 244 19 53 246 220 120 2 202 171 57 202 85 21 24 89 55 152 115 228 149 69 175 94 109 151 29 32 174 183 3 73 21 
60 113 159 39 233 231 113 93 189 2 195 203 207 188 18 162 40 179 194 27 34 96 149 105 54 229 97 25 247 236 26 20 213 234 72 13 83 125 203 163 199 121 216 196 189 241 8 70 248 138 58 98 154 68 111 101 162 218 32 176 72 13 92 3 236 76 120 237 152 118 0 174 54 186 77 62 97 195 204 144 
117 101 248 36 52 111 100 211 142 244 195 151 213 66 41 81 61 237 61 158 107 3 239 235 36 210 108 154 221 222 227 27 64 202 36 170 192 62 142 152 48 127 133 102 84 140 212 214 223 205 37 199 148 186 67 132 93 187 34 101 166 86 190 21 85 41 201 18 180 79 69 165 144 169 115 230 40 98 246 5 
205 8 104 237 148 243 55 70 121 179 189 231 35 41 200 211 39 171 118 101 225 56 75 177 118 223 27 201 165 83 24 65 84 9 10 84 43 42 186 109 89 246 36 177 168 70 226 43 249 16 182 67 30 0 237 246 141 198 189 30 152 189 75 232 107 56 182 89 30 196 36 218 100 37 142 97 90 138 57 82 
171 23 137 66 234 247 163 129 84 145 57 245 27 51 38 107 211 150 169 86 206 44 227 37 205 101 181 70 28 83 166 111 159 199 70 38 134 182 26 176 181 168 45 54 243 202 242 219 90 235 144 95 84 84 169 14 238 232 117 38 161 175 21 214 215 188 56 133 104 203 224 218 87 123 14 136 211 235 219 110 
83 33 162 226 54 93 190 75 77 168 244 189 36 116 108 190 70 23 175 4 179 70 228 75 183 89 58 126 56 219 164 198 110 31 250 125 117 155 5 16 238 147 122 200 233 179 156 213 113 242 215 222 212 43 11 71 72 126 19 112 225 197 167 249 213 38 126 154 127 187 93 192 137 93 26 71 2 214 116 237 
168 69 185 123 79 194 159 50 191 178 142 207 155 66 83 56 145 0 93 178 241 223 228 100 56 39 222 169 54 45 222 41 15 130 208 3 162 60 168 83 200 56 43 114 89 79 172 225 137 157 181 93 208 169 148 174 185 152 14 137 126 44 1 54 91 153 243 159 191 101 21 67 150 134 30 126 158 167 205 166 
43 134 78 66 29 17 111 187 204 153 147 8 159 160 194 179 40 220 235 29 208 77 146 170 110 234 176 142 77 115 187 91 212 133 107 88 50 237 175 210 120 211 122 135 120 247 34 131 203 161 49 185 224 192 135 113 79 94 59 81 16 108 208 222 198 160 72 59 214 218 70 233 163 158 184 13 163 239 58 41 
169 145 218 195 77 104 166 250 205 64 128 104 224 194 60 39 184 122 32 47 213 235 7 228 30 50 5 178 246 141 120 211 8 166 157 28 43 110 163 195 247 0 130 159 183 78 33 48 5 11 128 152 97 54 171 166 171 52 241 79 182 52 51 128 139 133 209 230 221 163 86 147 180 0 202 30 166 105 180 153 
21 235 120 248 130 147 238 71 140 213 141 1 27 113 197 47 96 137 234 131 235 18 126 65 7 248 212 180 46 141 217 210 198 241 135 129 95 146 71 231 174 36 248 195 188 194 57 228 189 1 223 213 146 201 83 157 54 44 11 196 2 180 33 81 226 117 51 37 90 249 239 121 135 25 219 42 24 39 191 155 
201 29 194 56 157 206 146 60 50 55 163 143 107 22 133 205 26 50 140 126 38 214 176 241 12 122 182 166 238 47 224 114 1 28 158 225 54 103 183 86 78 233 158 49 133 234 236 225 84 221 68 133 191 188 107 221 159 65 133 183 166 51 48 77 60 176 34 59 75 102 44 128 174 186 7 1 134 218 74 137 
161 35 138 94 52 82 91 56 175 158 226 114 207 213 83 203 229 112 215 58 133 48 19 54 173 102 156 54 190 116 220 102 33 63 236 243 240 39 240 169 80 184 7 126 30 51 246 62 236 109 74 38 129 30 48 164 135 180 5 240 26 204 64 67 145 28 10 1 171 112 180 175 46 222 81 62 7 153 143 113 
231 60 204 24 14 137 147 1 49 156 198 159 139 188 84 74 244 186 108 62 241 42 155 132 119 90 190 112 13 154 164 137 18 84 58 46 202 31 58 167 50 174 191 154 245 165 183 77 207 210 31 67 5 222 213 243 83 244 85 241 19 218 239 20 212 209 121 74 182 110 207 48 187 178 30 226 64 180 193 188 
59 102 56 34 205 23 61 42 203 162 183 163 182 116 68 64 195 150 93 95 196 106 69 183 42 70 115 185 103 224 202 27 181 162 233 218 50 48 75 104 129 238 245 48 191 200 128 100 64 241 129 201 7 154 172 54 232 36 233 152 77 247 85 219 211 11 0 25 174 171 226 89 178 217 245 96 183 163 86 79 
228 193 125 96 98 205 51 42 25 174 51 92 8 4 8 36 248 217 14 3 100 191 33 128 79 21 134 140 157 61 110 31 125 165 95 16 148 177 110 126 99 145 197 210 39 231 113 126 20 233 122 196 24 13 85 110 85 111 37 48 214 240 13 149 74 234 249 53 68 184 23 31 38 103 221 164 194 194 205 78 
1 95 173 51 237 224 186 218 187 214 127 192 46 209 246 40 177 94 149 42 87 162 88 167 156 164 151 248 76 11 190 183 224 109 140 220 120 185 14 234 21 17 152 73 95 115 69 82 104 82 244 250 130 220 128 11 114 87 4 67 241 248 203 228 190 106 99 66 117 23 139 100 57 145 150 171 67 85 195 136 
168 120 151 150 105 2 150 54 88 235 196 148 151 90 79 21 29 70 154 13 66 214 56 246 126 44 147 71 217 39 94 5 153 245 161 103 68 246 176 181 204 242 41 102 31 134 91 116 219 167 16 30 48 144 173 54 111 136 27 78 79 248 136 99 4 101 217 160 199 241 79 147 244 29 186 145 196 241 144 216 
186 37 14 112 237 243 54 86 192 144 149 19 217 139 200 196 22 93 83 124 31 27 83 167 50 166 203 180 195 217 36 44 85 136 231 218 233 130 88 58 26 120 240 162 231 242 112 240 164 80 144 144 174 22 68 221 26 41 56 77 27 133 109 160 67 88 218 62 20 135 59 200 54 141 168 175 211 55 87 231 
187 224 50 191 143 193 0 127 106 231 77 164 63 48 239 123 7 156 126 166 1 210 113 171 204 235 183 173 232 145 3 13 95 17 145 106 31 161 235 92 43 226 49 217 44 85 86 152 13 171 74 244 28 75 74 209 244 73 33 68 15 158 8 48 225 190 234 194 219 29 24 102 211 28 65 167 96 140 9 162 
187 194 81 46 52 23 31 88 228 190 114 234 156 30 184 209 82 42 136 101 204 173 177 213 50 165 43 223 68 59 13 37 172 246 129 197 187 66 243 218 136 15 163 98 2 116 132 62 159 199 17 241 239 157 225 16 5 76 77 106 137 72 162 138 189 120 239 158 107 169 1 250 77 30 114 122 204 126 1 2 
85 197 168 180 233 43 203 7 160 228 87 212 29 230 50 248 193 17 221 2 27 245 36 47 154 97 179 175 207 20 25 9 85 61 183 15 126 197 174 61 216 88 235 165 156 138 1 89 165 211 92 132 176 4 20 246 239 237 28 87 217 217 147 143 179 35 150 124 87 152 58 97 164 108 196 179 1 120 58 212 
117 6 213 233 117 119 84 180 92 181 180 13 151 197 18 137 113 174 146 108 40 216 227 99 25 219 95 220 216 245 221 72 94 26 114 81 111 127 125 242 177 50 31 75 105 208 246 150 46 83 132 88 18 28 3 97 222 68 77 1 233 178 65 138 224 30 49 32 238 16 228 3 102 88 101 183 148 110 30 71 
183 53 52 120 205 68 80 101 150 23 174 216 7 199 215 5 136 61 78 36 65 12 120 100 220 87 148 209 243 240 209 234 101 248 171 36 131 97 144 143 104 232 24 44 243 124 168 158 65 157 26 62 32 112 92 218 228 137 247 70 41 18 9 60 59 137 197 129 242 100 46 70 240 47 242 192 238 234 32 122 
45 158 232 59 206 108 195 39 36 14 134 103 217 25 238 193 31 63 64 94 226 206 242 197 175 140 24 194 6 106 238 88 19 221 226 214 224 195 148 36 49 10 129 99 175 60 13 32 177 61 75 173 119 147 64 158 114 210 57 9 235 26 216 124 3 27 119 48 208 168 209 151 148 223 74 87 243 123 165 173 
227 130 157 36 73 213 29 67 12 211 208 211 244 209 203 49 38 61 24 237 115 119 102 25 115 68 132 157 33 245 64 50 166 61 111 120 155 68 186 216 98 56 227 94 68 123 171 225 196 95 185 179 102 141 89 37 49 68 70 39 151 149 121 22 88 240 224 18 246 31 10 167 137 21 36 98 223 149 211 137 
18 86 192 111 196 97 87 145 0 215 69 176 238 145 173 85 120 115 58 81 177 134 57 11 209 123 103 112 246 84 38 172 238 124 135 128 58 3 135 111 128 4 127 105 231 161 205 90 93 20 78 1 139 230 1 72 149 63 118 238 83 10 33 187 142 116 185 70 95 98 4 55 129 216 193 183 67 144 62 70 
75 216 192 108 197 193 146 92 23 161 166 68 120 101 186 57 196 213 115 83 69 28 46 34 208 184 195 182 31 233 41 160 30 80 109 134 231 129 45 200 26 64 217 12 138 20 57 88 100 248 186 142 184 148 200 216 148 116 44 47 22 83 235 75 10 176 133 134 76 45 177 52 21 180 44 111 185 142 49 49 
228 199 185 98 104 97 214 70 140 122 158 42 6 160 15 93 58 147 71 17 121 82 46 12 235 119 181 5 231 231 180 72 222 149 164 55 224 227 196 4 190 4 22 12 12 90 7 15 124 225 7 225 27 75 161 239 4 95 20 48 160 40 165 59 230 131 110 29 35 247 131 236 214 82 174 115 38 106 75 35 
179 77 161 11 193 239 231 31 161 248 210 144 29 39 229 190 227 176 124 31 85 124 209 55 33 15 159 177 203 39 11 227 45 105 36 20 5 151 38 198 239 141 177 32 144 124 120 172 52 29 182 182 78 150 138 195 193 161 210 103 241 233 111 52 130 76 127 249 30 21 75 176 207 34 87 209 35 226 248 87 
179 84 70 39 244 85 130 36 122 1 89 164 211 1 18 75 242 131 17 1 174 180 58 111 207 123 239 194 104 144 248 206 115 178 202 184 28 205 182 180 26 106 147 23 71 230 65 132 84 42 233 154 39 63 51 249 63 37 66 144 222 70 173 162 216 186 74 176 198 18 86 195 150 180 115 63 50 196 214 86 
52 102 61 158 207 27 178 191 215 208 52 48 64 131 103 198 89 137 40 174 152 54 29 192 144 64 148 110 116 128 3 125 201 185 19 165 170 217 247 205 224 86 27 180 227 34 97 209 220 210 166 83 25 203 214 242 78 181 179 91 197 185 9 202 209 2 31 91 118 34 83 246 112 124 123 26 241 178 76 184 
152 54 92 113 6 154 7 55 209 65 110 219 20 144 236 144 186 166 18 121 132 128 2 148 51 4 179 160 227 173 33 48 74 16 234 242 110 11 178 174 53 59 88 72 75 224 109 37 84 170 67 146 124 145 184 66 83 149 90 91 178 89 156 203 232 177 95 156 122 65 214 209 85 91 95 240 134 159 246 148 
175 93 54 210 226 74 7 28 113 190 205 120 50 38 67 48 145 158 107 179 209 166 174 41 181 51 63 243 150 90 231 124 197 21 37 123 81 40 195 52 160 161 31 57 34 84 246 48 201 16 168 43 31 202 103 35 241 202 89 109 138 33 145 87 157 87 202 54 34 105 237 64 12 92 180 69 244 109 4 41 
217 191 239 12 159 149 161 250 184 16 18 47 209 127 27 239 170 24 12 46 184 168 70 62 58 6 134 122 151 121 194 117 150 91 174 137 130 78 203 102 140 52 194 2 237 48 136 103 158 163 124 245 55 233 102 115 2 165 18 161 182 43 135 186 216 28 194 76 169 174 93 32 241 228 228 128 56 214 137 173 
100 240 5 126 28 59 73 100 105 215 102 81 67 167 43 128 143 74 109 79 194 152 236 176 4 107 96 141 79 85 158 25 194 164 117 155 242 134 166 25 212 206 39 185 168 93 12 98 75 121 236 57 50 236 217 197 201 100 33 23 194 193 119 154 123 7 76 198 33 174 98 1 146 16 190 122 245 54 245 124 
28 67 220 46 31 25 46 211 156 55 250 209 219 128 170 232 211 109 193 177 23 74 230 239 96 27 27 37 192 157 182 177 24 219 236 203 62 154 3 107 179 13 108 47 153 237 73 156 63 225 17 197 118 162 56 205 227 37 120 163 201 46 62 242 159 99 153 37 181 144 209 116 246 19 87 102 130 6 235 128 
166 181 205 248 79 64 152 49 48 126 213 30 161 73 160 95 126 135 92 115 13 43 153 125 169 107 34 126 47 125 161 81 79 178 231 233 49 114 93 127 230 101 144 188 237 23 112 2 172 71 230 7 26 56 47 203 209 99 234 89 240 74 221 79 177 145 46 68 3 70 118 187 171 115 202 80 139 211 213 199 
241 143 250 247 152 63 9 75 166 249 80 47 56 187 84 247 89 30 223 11 194 194 218 18 33 120 63 185 47 231 210 192 150 84 10 137 153 239 157 50 74 163 85 123 82 74 122 85 93 83 177 52 226 88 37 157 21 166 173 16 117 103 224 193 48 35 236 101 7 78 248 188 106 123 94 133 171 222 250 26 
0 189 61 141 73 181 160 55 210 182 125 32 19 106 30 223 207 166 88 206 228 171 161 123 193 228 120 185 87 191 249 250 34 212 203 224 18 84 44 135 137 242 158 229 212 223 77 89 113 27 59 78 187 42 79 216 2 210 204 87 45 246 101 199 163 1 165 104 31 129 202 126 99 63 219 90 237 206 183 100 
135 30 92 220 234 140 177 47 141 223 102 154 145 84 106 174 47 241 97 221 219 175 160 92 39 127 135 69 127 89 90 115 186 102 113 28 21 236 41 122 147 50 249 115 210 236 24 161 152 205 235 212 98 130 231 32 150 119 66 166 179 250 34 135 58 60 5 56 213 197 97 240 151 11 170 78 24 1 172 44 
6 1 76 13 46 199 108 114 156 82 141 57 79 35 220 166 233 236 106 24 57 223 145 75 166 81 117 58 111 53 73 109 130 20 157 124 45 243 199 19 1 150 122 202 4 192 134 62 31 97 189 28 164 5 173 36 131 75 157 225 12 48 64 119 99 249 184 115 223 133 247 137 151 243 113 74 164 230 240 94 
97 80 195 44 32 151 186 208 129 54 227 55 205 11 33 165 231 234 245 222 160 249 198 135 13 89 227 173 9 218 50 118 123 161 63 100 82 198 70 95 181 67 202 203 77 202 182 191 123 88 152 30 100 107 240 176 141 107 208 10 200 226 231 174 108 121 195 7 119 105 243 207 1 135 71 7 112 141 64 128 
35 212 183 182 199 206 134 113 198 15 130 209 191 62 121 153 7 87 126 53 179 4 160 218 75 7 109 41 188 36 214 6 205 199 239 70 45 203 169 181 124 155 25 186 120 43 51 60 176 114 79 9 228 121 222 171 64 59 83 146 106 129 36 46 184 47 222 207 36 128 137 125 31 89 108 182 248 178 61 177 
14 164 165 165 56 101 39 30 150 196 105 224 113 25 186 226 52 28 161 220 37 41 239 69 165 245 62 86 245 140 139 137 26 31 34 37 101 111 26 113 249 35 31 159 110 126 121 240 190 83 108 227 216 178 225 21 77 174 38 135 206 113 15 140 148 43 186 63 147 124 58 46 44 66 112 179 75 206 136 137 
243 110 7 63 203 34 165 89 136 82 56 42 234 119 1 147 77 177 64 146 78 107 220 134 80 154 131 220 174 215 124 112 235 74 169 144 61 25 152 207 217 246 241 28 76 39 42 248 24 4 153 130 111 84 30 242 109 237 161 71 11 131 184 190 63 197 112 91 176 179 157 3 196 99 234 237 190 186 129 87 
91 64 174 108 89 218 114 21 144 76 211 169 229 240 77 196 214 103 199 92 181 98 121 68 41 83 187 100 208 85 250 237 130 129 192 235 153 175 43 48 182 58 140 3 100 64 122 180 140 43 80 246 128 86 233 217 88 108 40 217 131 238 0 156 33 32 19 230 23 81 225 114 68 248 58 207 144 174 241 109 
43 68 202 194 17 104 7 24 222 167 195 139 188 194 28 34 120 172 25 184 187 138 6 104 45 153 104 56 38 176 203 64 15 114 61 69 206 226 45 216 226 177 41 116 189 26 223 119 133 182 124 114 163 244 101 222 205 122 179 71 196 123 141 31 64 237 33 233 176 161 53 181 221 148 83 103 47 228 29 211 
240 29 137 148 75 197 7 188 220 241 8 50 15 226 110 88 193 24 90 34 52 95 30 29 237 128 25 78 70 209 107 91 235 87 154 205 53 72 124 177 106 119 10 28 113 118 226 66 185 27 168 25 198 189 162 55 44 22 44 112 218 248 232 108 206 220 210 239 53 158 244 226 183 142 145 218 39 125 156 172 
37 79 44 54 22 220 36 29 142 206 31 225 188 237 81 184 176 223 28 2 135 134 220 59 166 239 75 182 91 223 197 138 68 201 72 95 67 191 110 89 80 74 5 10 197 232 52 117 182 30 95 201 71 180 124 74 118 166 42 214 85 210 130 0 171 97 114 214 25 98 139 153 55 249 233 8 122 161 171 141 
207 62 243 209 228 8 5 74 173 84 173 19 207 224 246 140 201 49 196 8 146 185 44 23 49 211 53 249 2 248 52 184 23 52 95 206 58 196 47 234 243 182 124 186 59 200 174 55 50 105 146 38 145 105 113 107 25 147 15 79 112 61 156 86 102 114 87 102 131 18 100 89 104 186 2 242 163 79 171 14 
130 169 88 130 15 98 117 131 174 220 132 148 125 33 115 127 174 90 153 78 152 238 17 214 55 238 200 93 103 173 191 26 45 89 215 33 56 136 248 16 209 80 72 142 148 209 192 140 193 157 23 219 229 28 64 170 98 36 87 166 186 129 92 4 177 167 161 78 181 79 199 80 185 170 14 201 107 74 202 88 
233 1 20 116 54 57 181 11 239 213 9 224 204 37 26 50 154 191 53 138 191 133 213 152 199 77 114 106 48 68 14 108 81 25 111 114 141 95 23 76 246 37 108 237 106 93 64 6 58 74 120 182 9 63 138 183 182 221 118 183 94 30 162 94 128 42 121 67 40 43 62 15 19 210 203 214 137 211 222 198 
144 60 122 64 143 90 205 169 232 24 73 216 213 206 179 38 80 229 250 40 157 229 169 59 185 4 151 121 227 230 212 111 82 13 121 144 91 92 226 3 189 187 16 184 219 202 112 50 101 249 167 36 155 38 224 145 25 213 202 117 116 77 28 250 222 47 143 230 48 180 230 179 142 135 33 118 62 215 3 180 
9 85 181 55 90 157 240 57 204 151 136 90 159 248 90 85 129 69 77 202 92 209 205 141 53 198 4 104 106 30 187 8 113 34 120 72 196 69 50 224 244 222 182 152 2 178 159 242 198 76 100 120 114 220 51 102 129 4 152 42 173 76 202 59 211 163 97 165 45 158 57 97 59 137 17 144 49 15 106 115 
176 126 10 235 48 84 225 116 41 51 36 121 210 102 118 61 60 80 93 200 156 189 40 166 129 135 129 217 153 101 56 221 208 83 44 100 0 144 33 230 150 155 133 78 145 136 2 132 45 41 73 232 74 187 146 41 94 62 243 62 145 181 50 158 239 214 229 201 221 71 241 33 105 34 249 237 0 227 190 173 
