21
172 98 43 170 75 133 39 171 200 55 236 190 114 77 118 135 201 97 156 231 194 
220 235 44 182 158 99 15 214 112 45 176 149 59 156 204 236 245 126 74 1 189 
70 77 46 44 89 37 228 128 205 44 113 183 45 111 240 146 129 126 104 196 42 
72 165 130 44 247 154 248 49 40 2 80 96 149 241 176 239 164 10 192 117 153 
60 52 46 2 78 219 170 11 156 7 231 150 84 39 40 163 20 236 235 230 102 
190 151 207 108 103 39 82 84 115 117 165 246 227 150 213 99 167 195 158 140 233 
24 43 184 77 194 214 77 91 225 187 210 151 21 91 181 96 142 186 123 16 162 
85 222 48 131 118 60 226 10 178 84 182 101 3 229 208 66 229 179 62 178 10 
113 99 221 92 175 104 152 157 30 234 244 179 147 159 52 46 33 30 80 229 21 
212 89 242 133 110 42 182 140 234 183 204 185 76 223 10 242 145 151 99 13 204 
6 104 105 238 190 201 9 217 47 63 167 238 94 147 197 128 1 201 222 218 119 
135 149 44 173 31 58 250 34 0 117 224 202 179 45 52 11 162 203 50 187 137 
216 239 73 216 56 48 219 10 43 13 130 180 152 187 195 220 152 160 27 151 14 
44 247 74 83 75 111 48 91 177 92 129 34 208 123 149 45 203 250 7 125 72 
47 166 154 244 197 126 23 40 214 250 96 18 222 165 133 244 59 62 74 175 56 
161 101 3 228 128 17 167 82 168 104 238 58 58 120 164 51 138 86 112 83 213 
125 15 84 183 65 164 141 87 220 134 159 60 109 173 226 206 28 125 19 59 5 
79 201 87 166 40 58 128 178 150 151 85 127 118 216 246 193 76 188 212 103 136 
188 126 91 8 190 107 138 56 230 70 174 53 194 17 206 172 134 56 154 130 82 
13 146 44 64 45 114 224 198 136 69 60 157 152 233 123 194 134 73 214 112 10 
28 90 176 37 88 124 110 42 195 160 57 234 56 130 66 225 40 108 217 133 28 
