46
204 45 35 43 67 95 65 194 107 105 40 193 4 15 199 84 158 173 169 219 177 148 161 161 243 170 214 160 175 180 7 109 67 216 229 11 126 144 143 164 171 179 212 46 197 121 
140 33 115 235 239 118 53 94 14 140 127 169 69 132 141 32 28 195 167 95 128 49 116 204 246 225 2 85 85 150 179 170 66 42 159 157 123 74 125 39 228 204 1 193 111 180 
52 16 98 192 24 241 202 139 83 46 9 72 32 108 190 212 207 31 11 244 190 8 159 85 129 147 183 90 130 104 212 81 127 143 8 131 205 171 190 62 154 51 223 192 61 248 
58 97 107 217 129 31 158 42 46 16 197 145 125 132 172 78 116 195 167 231 216 229 197 30 161 97 115 58 166 46 118 223 159 207 221 225 114 116 214 55 216 153 132 232 110 173 
31 207 76 224 236 80 39 143 171 91 198 7 116 176 5 35 180 195 217 24 41 78 100 149 9 23 141 232 146 80 18 195 117 125 207 199 35 112 182 192 76 184 31 12 151 145 
1 102 135 13 123 96 29 25 145 188 146 172 116 72 229 65 122 40 250 61 115 160 90 51 215 30 181 25 16 179 3 203 174 52 74 65 177 249 61 111 59 10 79 72 108 154 
97 168 120 219 30 235 243 47 158 127 179 8 95 4 3 214 110 169 228 130 12 141 115 19 70 243 125 16 215 20 55 210 144 20 88 58 55 201 64 61 137 8 43 159 218 133 
206 65 177 142 49 129 6 26 13 6 160 117 184 207 99 8 30 74 14 2 72 105 2 226 119 39 137 111 171 111 134 12 113 78 20 34 219 96 104 206 237 133 53 46 108 150 
5 126 67 116 102 230 119 77 108 221 242 80 228 19 69 198 113 129 137 82 126 66 165 127 238 180 228 22 141 193 192 99 226 117 58 192 240 18 239 84 189 38 172 4 158 187 
133 248 99 177 170 148 243 8 78 96 102 235 53 6 144 168 196 106 201 35 114 46 39 236 197 90 210 68 36 79 143 36 14 130 208 42 150 180 65 186 211 141 131 218 79 76 
21 52 161 108 39 37 31 250 240 69 30 196 106 16 34 150 207 168 183 164 15 249 187 52 95 67 5 143 33 63 112 70 41 71 10 216 193 248 35 153 15 153 233 178 155 225 
35 223 193 91 30 174 45 201 3 234 35 135 232 119 115 225 188 164 33 157 227 167 188 7 241 166 4 204 7 3 70 81 159 128 228 70 3 231 76 132 63 232 16 70 62 242 
136 140 132 223 64 20 68 178 18 65 243 12 250 55 231 24 30 92 165 198 15 209 242 25 169 64 40 114 157 186 11 69 46 134 88 112 94 153 201 11 24 189 153 46 126 55 
56 133 193 95 62 187 250 56 17 103 42 208 139 197 120 31 37 130 79 191 234 44 128 26 36 217 18 4 117 161 54 36 132 21 7 172 94 171 27 47 165 232 157 227 6 116 
110 9 121 176 78 235 4 217 197 63 164 212 24 231 87 31 224 105 10 66 201 9 175 46 63 65 65 125 22 2 14 126 85 191 39 184 74 14 82 198 161 66 3 248 38 212 
100 142 113 208 126 95 147 197 105 25 29 32 194 4 184 234 247 116 158 23 23 133 207 143 228 0 15 139 207 167 89 33 12 173 53 214 87 207 110 83 41 134 216 70 232 148 
120 206 38 9 236 49 190 186 26 38 250 157 68 205 100 228 207 136 149 178 43 205 59 152 65 83 13 61 1 7 60 140 246 25 75 9 158 72 247 166 123 2 207 201 129 233 
127 115 194 55 21 204 129 193 147 50 13 116 217 72 102 172 158 121 235 48 165 48 68 237 154 135 21 74 32 49 155 243 203 235 103 240 212 227 137 115 151 68 105 191 101 141 
32 78 2 151 102 39 28 28 249 121 21 220 175 135 232 248 25 122 162 193 163 136 134 201 15 228 204 187 176 117 131 211 208 50 215 111 16 63 218 107 134 45 22 153 9 30 
123 71 137 146 175 86 152 226 210 211 29 22 153 52 12 37 172 33 18 55 153 227 79 225 96 95 241 107 49 129 213 72 250 183 72 180 59 12 131 122 80 108 40 184 128 73 
170 70 178 64 51 87 45 13 172 9 85 211 149 126 192 167 124 58 27 244 46 207 239 111 228 22 179 173 205 232 214 243 176 81 71 184 133 30 126 159 149 40 127 200 223 117 
27 142 166 162 165 212 22 206 185 214 2 111 168 234 43 110 242 95 101 177 146 204 25 49 204 200 187 33 206 40 56 85 0 95 161 49 93 220 213 59 225 223 159 165 76 137 
77 32 154 241 0 212 2 67 173 165 132 139 81 96 231 144 104 162 130 118 144 90 84 86 155 39 50 89 162 247 138 12 30 25 120 145 153 95 214 136 105 52 247 148 112 142 
153 68 80 87 49 88 21 60 202 132 161 223 225 62 179 186 62 62 128 218 43 69 57 77 105 56 28 11 177 90 2 62 129 208 124 239 113 222 117 202 233 122 212 157 237 106 
236 163 108 195 146 88 37 14 237 28 73 200 182 134 60 39 84 28 181 216 165 12 62 61 147 98 21 90 3 232 236 161 38 236 235 199 229 105 234 42 35 132 199 19 149 126 
51 157 187 13 222 149 30 29 92 171 219 26 152 218 97 156 96 49 82 44 8 33 171 183 26 50 188 114 192 198 176 143 166 166 92 222 21 141 161 24 100 175 141 8 179 221 
129 180 75 130 147 67 198 218 59 116 16 229 24 21 168 48 206 214 140 142 190 69 111 46 150 42 217 239 39 95 128 7 211 145 82 98 52 198 61 36 188 48 111 216 47 74 
198 211 23 181 42 195 90 161 47 153 72 189 22 239 110 249 23 58 216 101 13 158 63 40 139 161 152 130 142 197 130 162 62 3 129 98 57 232 62 221 186 63 131 208 64 151 
57 135 200 237 237 22 161 44 54 11 74 189 230 112 17 230 33 244 246 29 161 19 91 33 56 40 210 147 120 173 178 1 76 127 148 3 37 211 139 155 239 183 2 49 63 97 
133 18 48 12 135 122 17 244 191 39 235 60 144 169 128 187 226 185 132 106 43 192 172 108 4 127 158 127 208 55 51 48 6 188 121 231 154 63 9 182 138 62 117 144 28 232 
206 6 128 163 199 6 65 229 55 149 17 150 86 98 165 247 131 170 250 114 178 83 194 160 58 147 2 15 14 135 171 79 187 120 152 210 21 223 149 220 110 228 83 45 215 78 
56 50 67 210 25 143 234 52 218 229 225 121 98 229 107 157 171 243 237 243 137 215 126 80 118 85 223 13 121 96 226 55 48 87 59 4 136 12 88 71 140 65 230 111 77 114 
61 59 189 82 181 96 64 221 220 146 155 167 53 235 201 58 233 195 68 73 149 191 170 174 203 30 234 15 211 226 111 97 23 154 22 54 83 243 94 197 194 163 32 129 165 195 
158 99 183 89 229 246 73 179 233 145 89 197 48 208 153 202 32 138 102 26 87 26 96 181 167 213 51 135 60 250 81 189 243 135 112 78 103 96 131 37 63 120 189 41 50 169 
123 0 228 233 172 228 113 191 153 117 39 211 185 65 48 225 186 58 27 177 142 68 23 189 237 39 117 85 247 103 38 37 95 10 117 132 68 19 21 221 249 44 16 0 172 61 
127 60 103 74 228 151 77 0 83 156 14 114 31 123 229 242 19 53 44 238 79 10 10 143 191 94 39 65 221 212 180 74 104 72 39 202 43 111 2 174 168 190 170 35 225 37 
197 59 123 67 141 201 248 236 129 121 217 111 244 228 123 152 59 100 231 59 103 231 220 37 73 111 7 87 132 192 7 206 191 247 140 142 189 3 242 140 137 98 72 194 26 164 
20 248 220 58 247 126 56 89 125 39 70 174 166 215 165 210 58 73 71 129 89 184 164 79 104 192 240 176 155 183 26 177 222 34 111 79 59 79 207 232 243 47 125 209 100 5 
182 180 232 69 43 207 56 189 97 160 62 72 14 130 141 97 15 107 88 33 151 217 54 214 137 139 153 159 198 235 120 45 167 68 136 108 208 248 219 183 31 85 211 168 213 36 
49 159 164 4 115 173 81 233 189 104 235 3 101 104 106 77 221 134 120 241 88 82 73 155 164 120 20 192 129 38 18 228 212 238 48 136 111 105 208 232 31 151 124 215 21 156 
49 173 247 200 54 178 117 128 153 85 85 89 153 28 47 84 127 25 63 28 204 246 99 234 107 196 56 19 161 19 121 193 68 202 229 93 85 203 179 92 35 248 158 79 210 194 
218 43 8 68 173 6 204 200 61 116 232 97 226 85 189 164 145 174 249 141 250 94 122 213 137 172 53 24 69 186 28 166 119 45 134 136 50 187 30 123 110 22 23 205 89 8 
75 122 219 124 178 238 240 122 208 87 17 153 146 122 99 156 231 50 232 47 221 135 175 9 190 107 38 106 211 145 7 73 170 198 47 245 40 155 12 177 77 150 38 32 233 228 
200 211 27 146 68 196 102 218 206 228 223 131 82 143 77 142 216 239 20 102 189 147 141 116 248 131 92 116 155 198 16 211 56 199 171 141 242 244 110 176 83 137 246 242 107 237 
122 233 220 76 111 136 132 81 241 66 21 45 209 138 51 152 88 239 49 170 23 93 81 183 153 10 82 173 2 211 52 188 25 37 222 136 40 248 123 224 245 190 49 14 22 41 
220 221 48 202 167 23 131 231 176 6 186 49 145 221 110 88 203 35 98 202 25 107 236 129 16 202 159 43 125 52 227 109 20 114 72 229 189 1 93 73 230 29 135 233 103 126 
