12
249 1 192 5 78 108 74 61 102 188 21 51 
209 28 55 90 231 121 69 175 233 222 69 90 
73 97 250 57 74 50 118 133 52 41 164 47 
65 42 96 155 206 169 232 221 13 156 154 196 
124 130 86 213 36 156 242 6 96 159 78 198 
93 235 239 219 140 130 83 16 49 47 229 20 
211 47 179 117 28 15 137 126 76 82 102 131 
40 150 164 16 58 199 86 53 12 66 46 246 
113 151 94 24 174 179 179 46 58 78 216 116 
50 215 42 203 219 216 123 41 113 159 65 77 
66 9 164 248 196 229 6 31 34 56 19 212 
164 190 211 191 146 93 147 208 188 170 83 168 
