29
217 109 134 247 203 244 126 228 43 22 101 143 144 128 169 29 98 16 179 197 61 132 114 79 49 69 142 141 94 
65 30 78 174 180 11 165 9 212 180 183 86 215 230 92 139 241 48 140 110 22 107 126 244 85 42 140 131 61 
67 85 249 175 153 17 218 131 104 28 100 32 12 104 40 30 125 220 208 170 173 232 99 50 212 185 24 53 121 
222 142 185 55 57 44 9 80 1 190 137 185 155 12 103 190 86 66 170 60 86 61 70 93 60 221 66 239 194 
66 51 130 145 186 119 99 58 190 0 225 3 185 200 91 203 80 219 149 222 233 150 35 112 192 144 185 12 13 
53 153 36 193 224 51 87 129 87 111 92 132 197 218 119 206 6 197 155 78 128 152 122 192 106 11 70 183 244 
181 107 245 219 141 71 29 150 62 188 137 20 107 163 12 193 27 23 135 225 15 19 180 232 216 32 27 164 248 
115 248 44 144 166 25 164 165 100 242 17 206 67 88 121 183 41 149 15 154 231 178 245 2 247 49 99 155 127 
177 245 152 42 98 222 142 20 153 125 33 193 125 170 36 111 38 247 186 74 74 126 101 22 1 101 166 152 113 
140 93 122 242 227 34 143 61 71 235 94 99 141 105 72 7 213 2 121 112 10 88 142 80 113 149 96 122 153 
211 141 242 37 118 147 90 105 174 42 127 154 202 66 142 26 171 174 168 133 98 186 197 235 36 195 128 245 19 
214 33 122 140 194 187 3 124 152 134 204 145 235 123 162 200 165 173 203 217 51 118 85 88 226 237 224 2 89 
110 243 6 118 117 136 64 230 38 139 164 0 238 177 186 207 173 100 175 113 220 60 210 72 88 163 13 64 154 
113 60 6 198 178 3 248 220 190 3 36 198 144 250 207 159 220 227 248 199 20 29 133 246 153 212 150 68 176 
108 231 42 178 154 238 243 228 185 33 187 40 56 66 112 239 200 124 188 34 93 196 2 101 141 71 1 66 146 
52 8 21 129 151 182 134 223 106 67 186 84 71 106 120 56 162 151 99 179 22 24 59 109 243 59 58 70 42 
8 231 187 10 48 125 190 223 207 0 3 168 103 62 5 110 123 49 82 174 167 199 127 217 57 93 71 91 65 
115 89 249 227 171 53 71 155 49 197 101 144 149 28 147 180 196 163 80 29 73 202 115 248 6 239 144 17 32 
65 162 205 1 235 198 87 225 18 101 28 59 167 153 91 121 44 18 5 95 121 70 83 164 142 111 44 77 57 
81 76 158 88 111 20 143 239 48 113 41 2 236 231 118 220 191 133 24 32 157 18 18 131 240 24 51 117 119 
3 95 134 66 2 48 184 110 108 241 216 106 1 77 158 193 148 145 122 179 143 23 156 17 98 182 62 10 69 
204 179 198 13 87 76 21 24 202 92 220 111 109 97 174 235 172 177 173 130 76 200 173 182 245 144 163 195 199 
38 121 215 183 47 244 76 176 106 6 20 157 13 35 175 214 112 209 215 188 220 31 68 222 210 96 150 148 45 
122 83 87 210 61 121 243 97 63 27 128 13 37 85 204 33 181 174 46 109 82 108 86 107 172 175 137 166 229 
217 24 75 100 231 211 91 167 130 109 236 158 153 80 121 177 134 230 11 31 157 114 203 116 58 197 189 34 160 
202 122 76 13 39 16 44 213 9 244 51 93 34 181 156 194 30 88 101 148 144 227 82 32 62 37 201 228 190 
131 77 74 141 78 109 213 244 61 48 35 70 164 137 236 146 125 122 141 5 249 33 17 77 155 45 126 154 223 
216 229 1 188 202 94 53 34 70 62 15 143 164 126 198 209 228 217 234 205 81 226 9 50 40 225 172 107 166 
170 99 9 87 25 146 168 95 17 140 173 65 95 5 22 149 167 158 63 20 26 120 92 80 89 206 51 197 17 
