86
184 239 203 140 233 68 244 103 247 54 74 108 208 236 205 234 71 84 216 57 129 93 199 148 162 102 83 243 101 93 146 124 32 165 186 106 59 81 92 58 27 157 13 101 123 49 130 116 66 180 217 18 226 161 108 16 100 199 64 217 201 166 121 139 199 37 129 144 233 132 169 142 67 230 133 9 240 168 119 2 25 172 35 38 125 72 
189 41 83 217 99 247 185 149 199 1 173 218 16 117 8 54 63 157 126 191 98 148 89 164 233 77 22 211 165 141 10 55 207 12 106 97 19 132 32 76 58 176 29 183 88 249 147 100 74 122 76 99 45 75 129 72 103 196 25 92 152 21 110 190 152 74 29 226 139 87 242 138 145 135 107 44 133 186 225 91 8 82 127 115 151 222 
153 173 123 232 160 172 32 107 181 110 200 197 20 249 222 221 187 154 214 47 135 233 159 185 211 242 150 55 155 136 46 197 80 184 222 18 44 120 193 244 42 230 48 60 245 12 53 185 169 238 93 20 24 232 228 40 55 207 246 91 22 195 65 78 109 60 127 128 235 212 210 22 242 173 39 177 30 159 33 239 129 154 53 92 134 64 
174 216 202 66 8 134 123 181 222 147 108 158 154 211 250 29 122 152 179 201 214 114 51 169 92 47 34 202 250 97 147 201 79 39 61 163 173 53 32 47 184 154 197 198 151 138 12 129 240 211 34 9 144 4 232 218 85 15 190 71 20 236 183 204 108 33 18 121 217 224 137 123 218 82 97 158 231 190 231 77 90 250 207 122 131 200 
13 211 110 128 249 190 175 111 230 141 31 214 44 66 11 6 25 5 107 59 169 113 158 199 201 16 240 143 182 201 214 82 147 140 36 225 114 194 161 86 93 99 237 232 20 103 164 142 91 207 7 184 53 149 142 19 208 225 19 239 81 93 94 104 227 35 103 150 101 38 39 50 216 60 153 34 150 242 111 173 16 42 105 174 218 148 
14 15 39 187 230 142 109 202 183 208 30 57 202 147 12 17 151 161 59 155 110 143 152 74 78 143 180 132 180 157 93 111 167 216 36 130 173 68 60 37 34 38 203 82 117 172 115 190 35 171 234 131 47 168 1 80 133 180 137 103 73 130 105 203 30 183 3 243 140 237 195 167 5 183 34 160 91 157 66 122 44 13 223 64 230 123 
79 243 162 203 119 200 218 24 17 161 4 5 136 250 162 47 169 224 110 145 192 202 197 92 168 126 14 210 14 212 181 146 81 95 236 153 145 191 50 95 5 154 185 3 90 181 28 19 238 171 116 121 165 162 205 83 221 157 232 210 147 196 106 143 231 20 13 65 191 79 0 159 121 107 11 168 57 237 125 24 201 208 204 7 64 160 
96 47 79 4 162 58 214 5 34 60 241 147 29 6 250 195 73 196 100 134 81 39 5 221 112 160 88 67 214 224 14 89 151 14 185 34 12 146 111 9 37 132 175 197 135 138 189 67 14 141 53 54 33 139 2 208 106 120 75 247 39 90 202 40 170 75 103 171 202 158 197 34 207 36 137 160 42 179 70 111 170 161 246 177 108 164 
242 25 126 16 82 166 202 185 113 61 232 25 215 233 128 75 106 121 99 72 1 4 116 236 95 6 168 198 126 152 199 57 228 13 127 148 110 203 183 243 148 1 167 161 102 192 119 72 104 163 99 134 130 84 15 95 10 231 141 128 40 241 100 126 80 88 123 152 53 28 31 95 78 61 145 69 145 170 93 23 151 184 63 97 216 29 
202 56 53 163 8 85 14 220 134 237 13 167 126 147 125 80 229 154 73 220 121 161 41 20 155 134 36 128 37 227 192 61 187 35 13 177 54 48 80 84 55 128 91 49 63 192 67 233 107 22 51 189 200 189 212 15 239 103 240 1 36 137 7 109 158 66 238 9 156 113 220 58 26 13 17 94 5 37 108 93 24 230 29 185 165 221 
249 226 105 145 225 26 76 145 37 218 196 37 197 120 140 113 234 244 95 67 4 126 218 187 239 112 184 226 86 208 223 193 113 108 76 71 89 186 62 77 14 206 116 38 188 156 76 182 56 176 104 120 156 133 26 190 176 85 23 243 164 166 52 181 191 112 111 103 63 74 174 174 168 223 212 235 232 144 195 147 214 148 225 176 126 195 
151 9 59 83 176 72 169 42 24 12 63 225 42 250 106 45 178 110 97 20 178 119 167 162 168 18 109 71 211 4 132 3 43 162 35 38 190 78 243 236 193 249 177 104 64 170 183 211 93 180 163 48 121 116 115 203 135 102 206 38 225 78 127 15 110 140 72 119 197 206 237 93 61 221 217 170 33 13 236 18 169 73 170 65 107 144 
86 232 229 141 199 111 87 132 33 140 210 68 172 185 199 163 77 189 125 220 2 96 188 169 82 43 93 224 225 230 49 88 92 134 72 104 249 53 177 214 102 155 38 179 83 142 233 69 28 226 118 157 36 248 9 239 194 112 148 74 204 141 20 136 243 171 94 10 32 59 103 247 23 128 186 115 169 142 101 25 117 31 249 193 57 63 
5 76 87 56 215 84 220 250 131 206 137 83 131 32 127 237 208 76 138 64 20 16 197 144 103 15 131 228 97 145 116 167 125 235 245 191 232 245 205 238 67 174 11 182 107 168 47 148 238 19 159 150 140 4 224 22 49 12 112 34 136 139 235 59 165 81 96 17 188 99 107 97 63 45 49 60 211 136 143 0 41 167 43 204 225 250 
33 4 37 78 140 164 90 93 246 42 3 237 81 63 134 138 184 180 36 61 105 36 202 195 183 149 28 0 13 67 214 69 196 32 16 46 230 34 243 209 58 175 222 222 108 12 32 64 213 241 212 198 63 185 35 9 141 37 203 88 64 199 81 214 171 22 243 230 234 101 1 223 154 222 101 171 209 38 188 102 174 228 211 238 113 63 
9 146 208 213 60 19 95 192 184 211 160 14 50 112 218 170 78 42 172 156 216 147 16 38 190 82 7 105 183 133 105 116 76 100 59 50 192 17 198 1 117 199 0 194 208 41 185 35 69 192 212 44 78 175 166 60 147 173 88 79 62 190 184 55 205 111 41 83 241 222 247 159 38 49 154 202 62 55 12 101 127 189 42 73 94 207 
160 43 77 127 144 129 212 116 25 7 38 8 142 155 86 194 122 122 125 81 154 110 33 200 99 83 64 216 126 244 185 73 183 211 236 207 180 141 111 96 225 213 61 91 107 124 215 191 167 69 184 66 72 148 116 7 181 243 216 14 77 23 9 190 26 17 156 147 186 167 137 139 93 223 102 83 25 207 51 16 122 85 47 222 103 242 
8 158 75 137 112 88 102 34 171 110 27 81 35 232 71 118 38 128 238 195 119 156 150 60 178 57 65 205 149 138 74 143 198 89 117 145 172 130 6 89 192 199 222 60 216 28 89 139 112 145 225 49 163 95 158 220 9 0 60 196 197 131 163 236 109 135 219 95 40 13 192 19 236 140 55 60 16 212 166 93 142 136 163 36 164 134 
175 183 129 225 65 132 20 49 169 38 33 48 114 90 52 248 128 80 107 43 25 229 6 192 16 227 170 36 222 24 175 97 242 117 74 69 164 60 53 83 247 145 110 167 215 212 130 90 10 116 133 250 159 104 69 31 60 92 82 86 84 54 137 127 112 181 239 182 208 107 63 100 127 179 81 44 118 94 7 217 241 24 106 101 197 7 
32 158 103 1 219 111 95 193 110 115 146 145 83 75 83 155 132 122 183 180 31 69 74 65 135 31 206 197 246 77 171 154 145 160 170 47 46 182 227 3 118 208 57 125 177 22 148 162 60 62 19 239 236 212 10 165 153 118 104 125 100 8 89 170 166 103 115 112 49 144 150 156 152 225 155 123 185 25 151 237 184 66 94 222 149 8 
169 21 147 1 245 49 174 241 197 134 205 5 133 39 217 107 88 33 14 80 106 206 232 248 131 125 187 70 169 13 210 196 207 114 136 197 19 124 1 108 208 116 19 152 67 85 148 212 191 167 154 217 86 239 185 33 163 55 179 27 223 187 222 116 224 71 137 7 210 106 77 73 52 116 66 5 51 246 67 157 21 147 57 15 70 90 
197 137 59 224 114 237 178 160 244 23 40 27 6 85 20 248 24 211 29 71 160 131 187 161 54 40 34 154 1 156 153 115 246 218 158 222 121 99 198 228 128 175 84 96 61 147 74 29 166 162 179 51 206 212 24 80 214 8 220 144 2 237 167 77 84 48 22 224 109 142 33 85 64 162 166 78 92 70 154 85 144 154 248 232 76 248 
15 40 113 2 70 129 143 194 39 214 165 123 8 192 227 131 197 223 200 91 37 78 145 213 151 152 15 174 246 156 130 28 179 11 80 149 139 165 104 246 49 81 218 34 128 24 214 92 124 210 62 92 212 175 228 155 134 56 244 3 87 67 99 88 246 165 240 154 121 73 86 139 51 7 197 161 165 212 25 69 66 218 193 106 140 25 
38 127 212 136 197 237 33 104 86 166 230 3 75 40 0 170 154 146 135 89 11 127 100 59 66 144 91 138 178 154 60 233 12 205 29 51 48 222 78 46 196 115 66 126 110 67 115 173 54 196 61 15 6 155 106 32 102 222 187 195 110 144 125 192 54 40 112 174 168 1 221 235 122 51 231 55 94 16 170 204 119 122 196 240 164 227 
43 34 21 78 12 96 26 80 228 242 246 157 6 89 4 207 189 40 248 122 141 28 77 117 1 43 201 90 60 181 180 221 126 150 162 193 38 37 119 95 111 42 210 248 0 117 154 30 128 54 35 200 9 38 220 224 199 193 235 198 110 93 229 244 42 132 65 107 135 49 199 150 8 103 136 154 10 81 89 112 180 138 129 120 69 69 
2 157 49 244 30 20 234 207 24 41 134 64 78 89 43 181 47 10 230 118 240 224 94 205 18 60 7 217 205 44 211 12 68 48 172 132 102 120 174 223 186 145 235 61 241 73 182 190 48 143 123 139 87 36 188 34 109 213 27 142 190 202 234 227 204 122 85 234 211 30 117 52 55 94 68 166 26 2 38 50 163 193 136 115 123 55 
43 224 134 135 127 72 152 39 231 36 219 121 111 154 175 126 118 106 218 225 139 151 87 123 69 115 244 124 8 194 181 6 136 9 65 111 107 161 20 68 201 152 153 158 219 42 156 91 249 152 159 246 147 90 230 51 140 125 240 233 43 141 75 77 52 75 219 199 180 90 135 189 28 228 69 210 165 186 190 238 187 220 6 32 59 211 
15 236 209 173 82 45 30 144 78 45 101 10 246 138 208 248 140 104 215 188 16 89 244 171 88 241 207 243 241 183 226 240 35 116 45 113 72 17 81 25 248 150 142 128 163 182 120 177 105 15 63 222 46 82 47 37 195 136 23 35 244 143 207 137 8 157 72 32 28 114 238 13 158 42 204 135 70 124 130 69 73 28 199 136 199 194 
8 220 147 39 23 145 228 145 11 183 9 20 70 237 73 118 194 98 146 29 97 82 60 176 237 19 184 17 137 184 168 222 183 4 180 143 150 178 82 192 192 13 218 10 147 200 90 71 152 244 182 197 33 170 37 144 233 121 199 170 129 23 242 249 97 59 86 42 243 188 210 141 161 225 197 130 54 234 59 224 51 152 175 225 178 83 
6 205 28 173 147 227 244 172 89 7 177 241 175 156 125 143 18 0 88 20 165 214 201 25 75 248 233 240 167 185 190 229 25 104 48 139 147 220 206 5 17 115 111 98 212 28 138 214 170 233 232 190 218 239 24 231 238 120 118 108 46 226 45 179 6 105 217 235 118 241 48 138 229 244 95 209 129 241 223 189 26 52 163 220 240 5 
74 221 49 227 202 209 48 59 91 159 86 88 231 15 184 94 82 60 83 25 124 128 34 116 195 219 214 27 10 207 127 164 29 135 89 111 33 167 171 179 218 91 119 79 203 235 147 40 137 245 40 48 150 6 82 62 52 88 194 139 39 40 12 72 68 125 197 156 32 99 95 209 248 124 184 127 102 231 208 151 92 46 11 11 91 65 
225 174 48 173 172 224 220 131 6 0 82 29 234 222 171 110 189 231 192 130 244 212 158 129 108 219 141 81 140 178 65 131 94 166 77 87 235 182 195 72 134 239 0 88 52 185 68 84 11 124 32 42 156 82 194 85 49 132 81 187 6 172 88 14 197 167 233 115 68 14 246 60 6 56 58 146 76 49 189 23 182 39 185 147 156 237 
87 128 97 31 24 116 148 228 157 40 211 140 95 49 235 101 137 239 101 245 206 70 41 146 131 163 65 5 65 55 39 204 48 249 80 17 177 15 91 200 219 165 87 7 234 62 146 4 88 145 184 65 146 103 233 70 97 27 90 188 196 153 187 7 201 204 89 247 58 148 226 105 56 39 63 33 38 71 176 102 58 90 16 203 30 11 
153 91 224 34 192 152 22 219 83 7 39 106 133 27 163 242 206 17 125 221 208 152 67 140 184 140 150 250 211 145 188 237 231 70 116 4 22 226 42 60 0 229 48 49 249 28 233 3 209 34 32 185 92 157 126 75 176 102 130 157 232 148 210 214 44 93 134 109 110 233 185 221 83 63 241 6 29 38 167 220 219 80 118 18 122 234 
50 223 204 18 184 239 33 117 45 217 183 225 128 141 87 13 9 139 63 85 114 204 79 2 220 5 185 113 57 166 184 190 234 175 124 145 84 96 248 169 193 58 85 234 89 23 9 80 222 65 199 239 43 246 40 142 58 86 132 244 13 208 243 118 235 104 64 97 229 65 6 222 169 81 140 209 209 206 193 15 247 142 48 175 144 73 
71 193 226 139 247 36 61 165 249 9 160 205 103 196 246 22 55 235 195 17 172 239 188 53 184 65 169 235 55 70 214 139 43 231 174 215 74 237 199 66 147 218 47 27 192 18 176 141 61 100 186 217 103 71 2 184 145 231 207 175 157 154 243 79 181 16 69 183 147 198 240 32 238 105 55 233 187 187 113 90 67 202 231 44 159 89 
7 89 218 207 64 114 188 226 95 163 231 243 150 239 86 197 63 73 167 136 107 143 50 43 249 132 237 198 216 191 114 221 152 167 214 48 191 250 8 135 143 136 242 116 94 123 58 152 34 92 19 109 28 145 244 248 5 247 49 205 155 124 179 221 13 17 247 2 230 18 73 0 108 234 76 172 234 81 174 26 87 238 125 61 97 69 
87 67 31 89 51 78 127 82 12 139 243 142 247 52 229 218 215 242 9 163 58 95 193 57 120 188 42 127 224 80 113 111 104 128 84 31 199 103 111 145 61 52 221 133 34 196 156 63 98 190 69 73 150 215 96 67 37 17 188 91 29 226 230 70 49 169 238 246 165 7 28 146 68 8 155 90 48 220 201 136 197 41 199 138 116 191 
107 95 139 33 97 184 229 237 166 119 158 19 20 179 64 225 219 52 107 76 187 186 25 246 94 175 25 214 204 36 157 33 52 38 60 73 5 181 178 110 197 87 93 241 125 195 62 147 223 126 170 226 38 63 93 22 166 58 133 224 64 73 21 197 142 175 221 9 226 210 17 202 29 119 107 147 246 92 146 47 35 143 116 49 121 226 
14 47 1 68 127 226 97 249 3 139 247 245 133 74 16 107 109 156 219 64 86 63 188 142 75 90 32 141 63 232 25 85 246 62 199 172 96 227 113 175 21 236 205 162 76 40 236 15 168 126 68 91 96 221 215 193 148 120 224 76 131 119 72 109 246 122 238 236 78 199 69 219 12 242 36 37 73 149 6 108 11 151 138 225 177 46 
210 183 53 115 69 75 226 227 239 27 25 149 136 129 70 226 40 92 164 250 224 126 135 207 238 6 166 176 215 65 202 168 83 206 178 112 154 60 136 79 234 89 16 4 212 42 174 122 77 156 53 119 157 23 115 20 227 69 145 239 232 32 249 120 17 158 145 27 73 74 66 46 152 232 190 214 105 43 229 7 5 11 227 82 241 52 
89 26 114 83 159 246 17 247 212 47 128 125 95 134 14 31 28 124 151 47 154 63 17 202 210 28 168 109 7 204 138 217 43 6 234 34 77 196 99 158 67 38 190 157 60 96 248 191 238 119 113 62 173 34 136 194 36 223 199 56 19 69 11 203 124 215 241 121 97 43 105 95 173 206 61 63 87 71 52 72 180 179 51 71 148 212 
38 147 70 147 26 114 165 16 59 48 5 109 63 56 149 92 30 203 192 46 189 101 175 6 64 247 184 101 247 3 197 156 166 80 36 168 250 199 7 93 16 31 187 5 166 23 109 159 57 179 158 56 89 180 10 74 209 181 108 39 153 83 221 69 41 232 186 199 184 83 113 184 56 112 29 6 79 38 239 51 244 86 139 15 216 11 
41 95 250 111 109 110 61 72 220 247 112 96 106 183 143 156 163 73 132 181 211 74 34 59 219 187 163 158 62 16 123 91 68 224 100 126 198 120 222 136 217 238 127 182 13 166 36 219 120 103 215 163 137 37 189 115 117 141 223 51 21 136 184 102 168 65 4 179 213 88 60 53 78 39 69 200 149 230 171 176 149 26 38 173 115 114 
154 8 112 141 201 43 108 243 224 69 74 69 102 190 26 156 126 2 212 85 25 37 117 101 181 57 237 168 149 224 39 103 2 124 194 181 200 217 131 155 69 201 203 133 106 180 158 204 195 138 33 128 137 54 151 132 164 141 138 103 116 250 172 38 26 82 172 95 76 81 56 244 66 154 29 133 90 129 74 202 173 109 156 128 245 178 
24 54 149 185 99 43 118 111 53 94 20 103 86 174 246 146 231 146 149 29 100 5 194 227 75 22 38 113 48 23 67 158 67 125 209 9 232 13 223 17 25 248 191 166 204 41 217 34 108 206 108 96 198 205 39 19 101 139 124 137 195 248 204 165 21 188 189 127 90 239 61 175 162 163 76 128 93 22 203 132 234 169 149 44 74 151 
12 182 108 27 90 86 48 58 2 196 147 144 126 187 170 107 19 70 14 185 15 149 165 202 63 101 250 34 228 6 114 119 119 80 72 44 199 114 172 177 218 89 1 105 245 229 136 236 99 231 177 91 70 78 168 104 40 80 31 205 184 42 37 188 58 133 108 194 173 88 125 187 216 27 86 201 143 227 239 212 64 72 48 207 220 168 
167 57 94 131 5 18 189 116 158 33 144 125 156 151 206 2 65 12 68 44 156 0 199 43 245 190 108 1 88 214 82 188 37 195 118 125 89 194 68 160 242 63 12 125 249 41 1 149 100 158 53 142 197 0 200 101 95 57 191 222 18 147 102 129 133 69 174 8 203 26 116 48 231 2 19 34 141 64 110 53 79 27 158 122 4 232 
141 140 10 215 141 27 142 180 44 101 14 162 45 158 74 19 172 162 69 211 151 81 1 10 182 104 166 130 3 175 96 108 22 250 205 172 221 47 123 216 132 117 227 73 193 229 117 156 167 66 71 179 137 202 203 76 125 238 114 116 123 90 244 177 64 13 5 185 204 211 186 100 152 41 17 63 89 144 91 19 102 222 44 131 1 154 
250 141 43 42 248 149 158 66 9 246 243 217 191 53 121 244 244 162 239 27 18 206 44 99 247 162 153 217 182 43 193 161 197 107 89 208 177 74 225 28 232 209 89 94 165 208 48 60 83 10 107 92 116 205 201 176 243 57 237 207 90 227 122 99 128 138 229 46 33 217 178 183 156 159 128 148 93 171 21 109 37 156 116 31 38 57 
171 208 136 73 113 221 169 240 192 25 81 162 56 17 230 58 38 139 160 178 148 230 23 208 108 91 172 95 65 81 217 92 238 33 173 7 175 250 67 26 36 107 18 107 87 21 165 227 9 88 76 102 198 241 220 147 82 107 135 230 97 61 63 146 105 106 130 193 5 96 66 165 242 20 173 43 138 37 3 104 90 158 3 26 112 237 
227 161 200 22 154 191 153 107 1 201 18 227 74 117 18 244 232 126 0 209 122 151 60 76 11 36 27 170 163 162 156 224 204 157 222 61 67 166 211 24 116 221 181 93 9 43 46 177 164 113 186 88 35 243 129 126 83 145 190 167 119 236 157 168 233 175 116 137 125 211 129 224 81 63 127 146 141 139 7 45 78 216 238 102 61 185 
250 183 91 214 194 112 29 228 52 117 163 65 93 112 84 144 214 204 94 47 201 58 30 58 194 58 60 239 222 25 213 183 6 196 193 205 222 198 24 181 221 133 170 136 19 29 55 225 88 223 19 240 142 6 106 21 215 95 179 7 126 250 236 239 7 133 25 68 101 66 130 91 151 44 156 32 123 96 183 116 250 106 155 147 146 189 
179 11 149 108 133 230 216 178 199 151 162 85 87 239 112 134 83 148 229 174 47 17 174 83 87 97 247 158 57 38 77 111 34 88 138 80 218 76 191 141 184 94 59 87 240 9 217 199 189 204 89 107 71 83 73 24 182 185 89 2 230 83 224 121 156 65 164 140 123 167 209 6 204 0 99 147 190 217 23 224 76 180 180 16 189 67 
122 168 58 74 31 3 222 20 128 31 80 61 244 139 13 225 154 105 8 122 240 204 75 69 236 168 135 24 43 216 172 220 183 231 108 25 0 62 197 3 34 54 151 217 63 56 18 7 241 201 139 246 31 108 21 223 236 41 145 140 145 5 140 36 158 8 9 68 176 185 89 88 224 8 202 86 66 246 39 195 175 31 152 136 14 48 
147 182 126 36 97 224 182 237 155 89 61 189 102 69 178 129 249 245 63 118 221 2 174 58 53 138 222 31 186 57 122 194 52 187 21 120 65 102 107 27 32 235 7 23 111 56 82 153 163 155 105 119 26 34 196 95 234 38 44 55 157 249 183 13 78 18 247 31 171 178 172 107 184 130 237 178 231 163 4 47 237 194 136 151 21 41 
213 192 189 242 54 222 13 195 123 16 203 47 190 36 153 62 62 101 201 120 163 222 245 195 90 210 108 111 15 15 230 221 0 19 67 42 61 0 133 35 89 101 33 56 163 62 208 244 11 96 167 208 130 108 211 34 51 73 190 137 181 245 43 93 101 220 96 63 68 218 9 191 28 102 105 63 85 84 250 243 172 53 84 27 48 249 
102 226 29 41 133 184 161 27 148 55 160 203 43 226 204 165 157 39 145 36 250 216 111 89 155 174 230 172 23 171 235 176 88 188 250 160 13 109 203 101 190 193 235 8 178 221 11 175 104 142 47 56 145 121 88 106 79 92 110 216 104 166 140 49 85 157 204 181 54 206 32 248 145 56 157 115 135 39 49 126 89 140 159 117 147 122 
161 135 223 61 28 191 156 162 162 71 114 139 113 79 184 86 65 102 167 34 64 101 88 155 140 235 240 217 9 112 227 76 83 108 139 89 197 227 12 217 33 55 114 199 120 240 247 186 200 26 9 196 22 99 155 247 25 27 227 156 102 230 208 113 23 178 2 137 100 83 154 115 221 182 207 213 96 210 198 1 162 43 220 202 147 183 
101 128 224 93 53 250 102 232 163 237 184 190 91 149 69 141 126 134 231 127 52 232 7 154 67 230 222 117 42 241 64 26 138 116 172 201 233 8 23 89 249 192 93 212 129 90 6 19 203 57 190 154 63 199 186 48 208 169 118 209 19 22 134 123 177 198 225 173 170 212 231 248 97 137 171 209 182 120 192 25 250 127 30 225 244 200 
147 66 171 32 238 240 84 176 165 250 53 222 212 191 86 41 221 225 27 2 159 14 84 4 242 47 67 162 125 9 154 12 157 18 13 220 76 221 133 67 178 1 88 176 173 163 227 75 130 13 224 75 22 186 86 213 26 179 158 200 193 65 133 161 80 154 186 129 22 66 210 94 84 65 247 52 227 10 210 123 184 218 186 43 28 39 
87 145 48 120 78 228 201 101 238 242 220 127 41 110 168 130 80 148 176 110 209 56 171 110 103 114 9 57 50 182 199 247 208 58 31 163 162 152 150 215 67 98 85 230 132 96 180 223 0 97 26 67 193 128 31 175 188 60 208 58 217 1 40 162 144 71 5 170 129 52 49 196 199 72 167 128 111 199 170 198 188 220 22 234 41 137 
237 172 77 72 66 70 88 99 42 150 135 111 132 3 193 207 206 236 49 74 100 0 1 204 16 165 104 55 116 27 168 185 218 218 198 32 134 124 32 152 115 193 202 26 91 111 198 207 49 134 136 54 148 241 134 69 38 205 80 75 234 247 194 155 109 129 71 104 84 75 192 229 199 101 191 107 155 40 245 128 168 237 34 130 2 165 
235 229 51 0 197 220 229 3 155 151 120 170 233 88 72 45 121 109 175 85 28 180 0 156 100 35 223 159 152 167 103 168 151 240 183 162 109 202 174 225 113 12 56 179 225 155 231 53 209 69 109 109 112 153 88 76 79 115 203 75 241 39 187 247 66 193 108 54 12 170 94 51 188 51 71 48 57 246 115 247 217 81 18 13 249 176 
83 249 174 149 99 60 230 152 127 162 20 76 85 227 73 123 158 209 74 31 217 131 183 80 31 187 47 180 183 72 52 175 188 195 229 239 62 2 242 57 22 76 160 12 70 6 227 115 123 40 19 218 201 14 80 14 233 175 64 130 143 78 43 85 191 220 178 52 53 149 26 176 75 199 42 131 155 165 176 46 16 91 231 43 242 162 
240 13 83 206 234 227 151 68 175 218 147 146 137 245 237 69 127 138 22 219 178 94 181 155 174 106 96 226 35 13 218 21 152 187 177 209 238 247 207 92 194 59 208 247 238 32 94 242 36 102 194 222 212 221 48 202 247 221 246 80 42 200 85 113 126 46 77 83 114 20 224 141 30 80 108 189 216 58 135 115 62 33 193 188 76 146 
238 235 147 56 210 86 210 200 146 98 146 128 153 71 160 35 39 213 124 132 95 15 134 97 128 151 218 128 24 122 222 144 106 31 111 35 191 79 82 6 221 39 189 106 138 90 188 86 213 9 23 122 193 62 77 51 130 192 40 144 184 92 124 166 53 244 171 87 228 132 30 75 166 124 46 32 233 81 55 60 171 25 112 113 114 208 
56 152 170 163 162 7 92 210 114 97 57 109 23 129 190 95 17 243 206 1 7 237 154 38 187 37 119 154 44 31 114 221 204 84 222 54 201 131 232 225 142 46 20 216 6 7 17 33 239 54 151 186 238 192 243 15 102 237 210 134 232 21 44 228 244 200 220 29 235 130 153 80 88 158 125 249 3 87 65 27 44 180 225 10 101 169 
188 59 245 235 227 154 188 180 179 166 122 240 70 112 220 23 181 121 79 202 56 86 197 93 21 226 149 157 222 151 190 66 78 237 42 176 156 9 192 82 246 69 248 4 203 75 32 147 129 190 180 174 237 94 57 155 68 27 138 172 91 171 19 111 57 103 145 178 184 58 171 91 9 49 7 171 184 187 166 201 85 31 165 55 122 210 
150 134 163 88 98 159 38 77 40 20 238 118 67 198 204 0 247 173 151 122 230 180 169 235 110 0 11 191 237 224 8 56 127 84 119 178 142 99 155 56 144 1 241 232 85 77 143 187 99 2 107 46 37 35 53 246 235 230 112 89 33 84 115 12 142 119 38 153 187 71 226 112 100 155 85 151 205 6 195 224 33 37 82 102 133 170 
220 240 181 132 1 149 85 63 151 218 225 65 27 211 186 134 221 94 181 235 6 13 158 161 68 133 233 88 190 126 25 141 212 22 42 147 222 14 175 248 131 50 27 155 229 82 108 63 221 226 25 134 77 208 212 184 248 74 62 62 240 158 170 199 22 188 5 247 27 109 244 111 180 55 195 156 239 1 204 39 228 10 178 157 110 116 
67 164 107 114 73 37 201 29 193 160 146 157 97 241 208 11 10 103 144 57 166 198 198 82 223 36 91 102 207 32 225 194 113 126 115 206 250 125 53 73 157 25 13 175 137 22 48 49 112 177 245 205 18 156 243 48 11 232 157 22 118 160 186 102 30 1 212 73 93 205 123 55 53 208 15 54 123 182 72 14 212 113 187 232 43 198 
142 190 181 179 177 5 146 193 72 227 67 43 96 13 76 1 43 26 38 47 196 77 80 164 107 248 17 64 115 34 240 172 22 237 43 194 115 33 0 194 91 95 227 143 50 177 58 196 135 187 92 103 124 6 96 102 79 182 149 227 152 230 229 50 152 73 149 227 26 222 63 48 246 93 244 219 184 10 140 136 187 44 8 171 239 9 
138 185 199 178 106 242 222 198 152 211 212 133 240 14 187 212 243 207 85 2 145 81 91 217 68 159 83 247 54 106 6 129 148 220 12 151 176 4 132 171 135 144 148 48 72 29 181 92 204 55 142 57 61 17 30 188 56 178 205 136 39 73 78 235 228 239 195 80 195 76 123 203 209 105 71 129 177 134 152 27 157 123 5 141 42 211 
92 99 97 197 93 60 203 248 102 81 156 139 87 232 128 233 71 70 128 206 82 114 94 171 105 43 64 53 46 137 238 187 17 49 87 240 198 239 159 179 83 108 84 33 87 65 232 190 131 247 228 203 242 220 165 209 18 144 98 194 163 65 225 37 62 177 27 243 231 54 123 24 219 68 50 46 28 92 130 225 15 77 125 146 139 218 
152 134 56 68 200 153 58 72 4 227 133 116 205 233 165 23 125 248 200 126 214 129 154 52 61 227 90 172 148 240 223 18 220 77 217 0 83 196 176 83 247 169 184 196 59 117 81 240 0 165 168 30 9 85 101 93 35 42 174 36 217 93 73 197 212 2 28 25 156 63 172 229 199 45 94 13 241 56 132 141 247 74 215 49 168 99 
244 214 200 145 107 124 13 32 21 61 25 91 19 104 32 52 52 65 46 93 183 37 190 197 217 84 192 129 54 193 185 91 136 76 176 51 3 224 71 50 48 103 50 84 229 59 174 202 234 107 138 6 155 215 31 160 242 7 128 188 202 246 187 94 135 127 223 43 125 98 229 39 20 250 232 197 199 2 29 106 107 54 148 140 127 29 
51 209 110 242 20 103 191 156 113 21 151 110 222 38 121 138 249 202 222 56 32 60 150 167 222 69 46 17 119 5 57 3 32 10 46 78 26 215 156 156 75 203 31 242 24 136 87 56 211 148 160 211 65 180 140 8 111 24 55 182 148 30 34 101 96 67 119 79 154 33 114 138 133 157 224 180 130 72 233 36 187 167 89 165 32 244 
181 239 157 62 96 140 144 79 239 107 182 155 129 118 92 195 159 13 123 93 190 2 35 5 111 211 214 86 244 67 19 151 50 197 125 66 42 132 92 73 201 237 175 164 89 232 83 62 166 133 201 192 109 154 92 201 184 157 223 214 184 25 230 204 22 194 179 250 207 77 110 159 82 47 185 130 14 38 169 193 23 220 107 9 40 66 
186 33 121 77 105 173 115 79 25 113 103 94 145 44 140 58 156 194 187 203 136 224 194 238 50 19 63 91 227 143 173 181 40 66 123 170 132 213 100 183 154 91 224 174 109 184 155 5 77 249 38 241 22 106 110 85 26 140 43 51 194 239 203 79 190 228 27 104 19 183 105 120 119 138 9 244 104 236 29 55 74 80 230 215 164 37 
94 77 137 185 125 111 209 213 178 239 182 250 149 122 91 15 8 216 134 48 110 245 85 87 116 160 170 163 71 10 5 33 69 165 244 187 224 118 146 206 108 229 165 124 144 125 71 1 72 199 27 157 31 161 131 55 34 137 152 197 35 42 3 87 63 94 165 101 47 0 113 148 37 105 10 132 157 197 246 48 39 193 227 73 79 156 
14 204 63 113 0 146 199 245 173 142 146 105 77 117 29 86 216 79 207 160 89 139 231 155 4 187 108 151 245 25 80 69 82 139 118 5 6 220 241 153 117 203 216 54 146 81 231 114 114 106 109 57 192 79 239 230 199 109 94 139 83 44 63 94 145 157 142 59 185 67 2 132 198 87 119 14 91 241 89 70 174 242 160 103 15 39 
99 96 59 17 61 132 221 86 25 211 118 38 69 29 163 16 139 117 188 195 54 139 54 245 163 232 12 110 152 239 113 157 90 225 85 65 44 1 12 69 58 91 90 61 186 208 178 232 230 191 122 28 20 123 149 173 193 229 160 152 134 71 83 197 64 138 203 106 146 9 77 139 55 123 79 160 215 125 177 185 36 137 59 120 235 77 
84 131 197 188 29 61 77 103 39 76 130 130 13 82 157 6 139 185 5 222 75 10 78 231 136 102 117 54 119 211 86 156 1 244 171 149 43 132 144 202 121 162 37 33 105 132 75 45 157 183 37 50 168 14 109 98 52 25 248 18 4 73 57 42 23 46 43 28 131 47 11 128 218 190 40 40 65 69 155 62 103 102 227 29 192 250 
122 34 19 216 197 80 219 232 131 185 237 79 96 122 222 237 57 74 90 116 145 154 224 61 215 174 2 47 14 183 225 215 248 230 21 154 110 138 24 128 49 139 108 249 202 115 97 176 103 140 35 206 194 60 164 175 111 143 141 174 30 110 149 203 181 112 184 113 96 131 19 119 230 106 105 177 214 242 70 1 58 151 12 13 226 245 
166 192 216 48 177 214 210 118 55 200 18 226 116 142 173 2 194 136 112 53 61 169 225 239 136 143 165 7 7 83 30 146 21 61 122 230 67 174 223 10 66 11 189 227 143 161 130 100 233 1 84 184 31 58 137 233 18 20 111 14 145 168 10 231 122 173 158 241 197 95 187 42 178 189 74 18 120 65 89 104 59 53 42 149 162 184 
