75
138 170 206 146 225 39 60 15 71 193 12 11 15 67 170 233 31 162 248 51 184 28 116 220 202 235 65 193 73 115 5 114 88 243 236 117 6 174 95 159 85 32 15 198 5 46 1 64 190 217 70 124 180 142 9 242 111 17 250 87 220 42 153 93 50 159 83 75 1 163 237 1 125 100 23 
109 47 166 47 148 119 159 182 99 56 203 158 88 49 147 218 157 176 159 209 121 16 82 90 158 55 147 185 84 146 75 168 207 248 195 128 242 162 213 212 202 205 108 57 203 167 177 17 242 25 57 162 168 16 229 139 183 146 137 188 191 225 61 45 9 137 145 239 47 209 58 131 107 120 2 
137 59 54 249 145 199 120 229 36 100 193 206 185 143 201 70 215 100 38 6 73 43 10 138 110 70 11 38 45 195 14 43 190 69 140 35 221 228 229 85 147 234 7 102 122 3 120 190 207 82 210 195 149 46 97 66 215 153 27 76 111 144 164 209 89 7 215 220 11 19 199 81 146 117 77 
247 113 46 218 29 63 75 155 216 73 113 103 82 41 168 61 62 62 178 151 7 160 226 36 72 83 53 52 194 22 208 249 133 129 26 84 179 178 183 18 84 37 112 77 41 55 225 233 96 159 85 213 67 138 118 144 156 178 68 45 165 75 111 188 237 242 240 64 76 84 62 176 237 213 88 
163 248 73 154 110 84 166 13 109 59 54 192 223 4 90 249 185 63 163 196 100 126 84 66 45 136 85 125 76 169 11 39 211 146 210 73 212 150 245 192 249 215 18 170 228 134 140 28 24 82 224 210 228 213 85 133 0 70 63 224 126 240 127 163 201 156 22 195 88 232 145 40 16 173 176 
130 38 59 71 15 84 128 155 85 82 9 176 216 178 2 184 7 209 120 121 64 97 65 104 9 231 173 160 158 121 40 46 70 5 150 49 145 13 20 238 11 136 59 214 200 18 76 151 118 80 223 117 106 150 67 41 191 192 5 154 207 216 218 178 222 115 169 81 50 63 231 223 36 21 222 
62 149 82 143 187 124 179 218 73 31 62 37 69 120 16 4 93 215 187 22 64 136 100 218 222 74 114 82 236 176 220 137 78 121 116 84 64 26 241 53 48 35 48 144 100 198 197 21 178 38 179 73 119 92 70 243 164 134 215 159 73 169 10 12 135 175 148 160 22 70 124 9 192 20 6 
40 154 228 148 198 175 165 38 111 182 2 201 117 124 125 46 202 229 0 100 215 32 87 15 153 201 186 23 10 223 131 127 197 192 26 228 153 143 237 232 13 196 150 207 0 192 95 79 203 55 160 11 249 82 168 133 237 138 96 37 1 77 212 70 85 220 204 122 203 169 7 39 49 214 202 
65 19 126 236 81 44 123 25 169 211 169 72 126 38 240 215 247 33 96 123 98 220 186 24 41 128 117 105 132 36 248 106 69 160 129 114 192 88 195 87 201 142 71 45 113 28 14 143 242 166 231 88 127 126 46 133 58 5 81 40 188 12 142 53 235 21 222 73 107 13 28 32 60 175 171 
116 155 90 114 3 126 179 15 194 154 69 79 176 97 220 55 213 194 157 112 242 188 10 28 99 135 102 25 63 164 136 198 13 216 163 125 224 248 5 69 81 250 109 65 137 173 228 179 165 133 169 139 240 195 114 7 220 232 165 114 127 104 64 154 236 128 75 41 223 165 216 239 46 238 105 
164 5 89 81 224 111 137 93 57 104 168 150 237 133 53 211 67 210 120 62 198 62 73 96 1 72 94 30 21 7 53 58 232 2 225 224 197 53 29 68 26 10 26 9 83 21 119 236 67 16 56 229 42 108 176 3 33 175 243 247 68 52 120 68 16 3 201 212 233 143 31 166 153 100 224 
74 50 214 22 32 205 177 142 213 77 108 243 214 112 17 48 62 61 172 156 223 79 233 47 204 113 79 221 206 152 163 33 225 117 80 116 214 34 5 69 36 59 247 216 8 30 3 199 245 211 105 238 105 161 219 24 127 73 72 66 12 177 142 250 5 119 11 28 0 211 100 231 108 63 58 
61 56 213 38 105 101 177 176 1 45 127 35 215 5 152 203 5 110 93 45 121 158 239 116 84 176 201 100 178 3 195 47 137 49 250 65 171 27 87 104 103 224 219 220 132 202 43 224 237 119 155 129 124 242 109 0 50 225 93 139 96 87 83 152 88 174 172 200 198 119 33 231 88 121 186 
208 30 40 127 137 137 107 209 188 108 168 121 166 240 139 207 23 113 187 115 160 10 145 217 18 2 85 40 73 49 3 124 36 128 190 195 14 16 68 166 196 73 204 212 223 66 182 142 235 80 49 66 31 82 2 160 203 128 14 121 91 227 108 104 111 17 185 235 156 187 40 88 193 105 153 
98 212 35 205 142 23 193 187 177 175 107 218 234 22 51 138 186 108 170 48 65 194 234 205 227 146 58 178 144 207 18 195 89 218 229 128 201 132 237 74 25 61 201 49 110 176 244 18 164 220 173 98 82 182 123 228 117 106 118 162 230 106 113 60 208 203 16 183 90 28 135 39 115 162 28 
58 202 220 61 40 117 7 155 52 237 53 29 222 12 100 121 119 18 67 62 179 155 201 147 177 112 140 169 54 148 17 149 18 142 120 118 16 250 242 131 194 7 213 172 99 8 59 197 52 0 83 125 177 176 39 152 135 0 43 64 13 250 193 191 223 241 224 208 13 157 34 243 227 182 101 
228 175 115 142 92 175 115 2 241 78 74 153 78 70 44 113 75 225 79 183 104 186 234 7 71 54 73 154 57 174 7 228 175 207 198 58 52 12 33 47 176 179 22 88 155 96 233 38 36 237 93 183 231 193 81 131 85 61 243 212 14 229 144 18 244 30 105 75 213 83 97 141 176 12 216 
40 97 73 94 118 54 65 141 75 248 91 75 38 236 208 145 46 133 219 10 82 82 183 142 115 91 61 2 233 155 236 143 33 29 179 218 16 205 86 190 60 10 56 112 124 39 61 29 193 87 40 204 51 185 242 137 78 192 34 102 85 186 131 219 84 184 209 1 15 208 64 234 0 169 45 
198 203 53 51 31 52 124 65 96 28 159 126 136 108 249 134 155 108 3 88 95 236 109 40 188 209 91 52 83 138 13 97 177 45 121 62 154 33 74 248 224 107 17 24 32 114 225 134 181 226 126 136 8 42 55 149 225 78 3 223 212 137 175 147 38 27 141 188 145 118 212 113 137 2 156 
86 222 206 194 237 188 38 183 242 192 198 70 4 189 152 86 83 42 205 172 67 224 121 222 131 246 168 44 110 134 240 153 17 164 192 158 134 162 1 163 147 115 182 148 240 94 190 72 13 104 241 101 72 214 91 40 78 153 56 105 43 41 3 195 217 156 236 48 59 75 226 210 210 219 82 
80 156 89 130 13 48 64 95 198 107 190 24 207 194 107 130 151 22 121 153 196 180 98 211 98 111 53 5 196 181 56 64 124 79 138 185 15 53 116 75 223 212 96 154 80 17 24 201 72 64 136 191 111 232 75 196 200 193 106 235 94 179 243 33 147 234 148 121 145 221 238 75 238 138 250 
196 20 31 24 47 201 49 143 170 18 245 144 205 169 85 206 0 194 227 129 148 6 28 98 214 236 68 215 86 227 139 153 35 118 243 5 60 250 103 79 230 241 114 211 177 37 0 2 109 216 155 3 130 6 2 81 212 172 220 169 224 29 86 157 12 166 198 223 94 109 240 213 94 248 234 
25 51 185 153 1 151 186 53 236 80 72 229 146 109 48 84 56 120 126 65 31 1 24 178 210 209 157 163 58 210 196 87 180 135 137 195 249 149 183 21 31 97 14 189 232 248 36 66 158 207 119 108 147 176 161 72 39 22 100 105 218 71 67 51 80 173 135 239 23 8 69 80 201 247 102 
237 94 196 172 11 225 21 165 130 164 204 27 190 238 177 131 1 204 86 203 138 73 2 86 72 191 165 63 24 38 48 116 130 205 44 9 162 109 64 149 127 77 124 132 150 159 136 61 141 87 249 141 149 67 188 98 65 21 248 158 161 231 106 22 200 33 79 178 244 3 151 195 62 3 113 
14 130 131 36 70 249 93 250 170 75 147 70 54 56 41 44 101 54 140 195 212 194 71 189 226 63 46 119 47 232 42 176 86 73 18 249 213 1 47 135 183 108 72 29 229 232 27 156 99 217 179 182 20 249 197 161 2 180 235 40 147 190 166 230 176 35 208 17 137 209 169 78 26 29 129 
195 27 79 136 148 33 6 35 76 57 199 64 229 41 119 68 57 184 116 158 80 29 144 150 19 18 103 41 4 43 30 145 169 170 170 206 94 140 57 35 47 83 132 126 244 148 144 131 3 227 52 238 164 160 133 182 88 163 46 118 236 72 5 163 64 73 200 234 222 163 60 67 70 151 6 
164 202 138 36 125 50 80 19 60 58 240 95 118 24 160 191 112 42 46 106 248 119 117 206 183 112 215 238 100 26 128 189 157 136 65 227 1 23 182 180 237 225 207 177 134 159 136 227 135 179 59 101 133 170 2 222 37 242 26 24 88 23 176 145 35 10 150 216 27 233 9 42 81 229 3 
123 149 190 239 3 181 153 84 120 89 147 103 159 89 35 37 35 229 171 135 55 58 201 120 21 114 103 122 124 58 86 145 175 188 128 227 155 5 67 175 19 247 94 230 207 135 108 168 180 126 17 177 206 91 38 6 110 142 68 65 152 5 236 49 211 214 245 118 77 124 20 85 211 249 103 
156 59 211 102 199 196 58 147 46 33 249 1 211 151 6 174 238 47 118 7 105 134 157 98 230 108 106 211 29 178 166 87 188 29 14 67 101 144 9 120 99 170 38 20 2 196 176 67 58 90 131 126 100 6 106 145 30 130 143 83 120 71 186 180 164 179 211 84 75 134 34 233 191 77 38 
172 233 216 185 20 75 184 250 82 226 190 241 210 2 17 216 117 132 0 230 137 64 41 89 187 249 235 111 164 163 39 11 46 45 28 170 226 149 216 14 155 19 0 212 197 84 83 122 79 134 230 108 234 73 123 183 244 230 89 109 30 146 218 26 46 208 186 14 82 160 128 191 205 44 143 
165 165 40 190 168 222 195 51 191 50 91 233 119 210 44 12 245 108 82 227 35 35 225 24 158 122 142 43 89 104 142 217 53 159 246 60 24 100 47 96 111 17 166 125 71 92 9 183 163 87 99 153 117 230 143 213 133 193 4 14 75 21 25 202 68 91 187 237 83 92 78 207 95 69 4 
106 136 68 48 15 152 106 92 52 43 120 110 189 139 57 106 181 98 181 82 75 176 160 122 43 125 169 98 48 65 207 106 145 4 245 42 212 35 115 44 177 138 218 96 249 133 97 135 167 191 165 58 170 201 91 149 177 166 249 217 30 62 1 98 201 72 187 184 46 172 154 109 164 53 148 
166 5 149 57 63 233 109 121 130 216 46 17 22 122 243 234 203 160 64 118 23 25 86 37 38 200 143 100 163 54 124 194 139 102 201 43 5 90 75 157 19 133 83 170 236 204 113 150 226 74 79 98 105 205 244 92 150 132 245 126 72 217 72 14 219 167 139 35 64 67 101 50 140 116 177 
74 147 218 124 56 130 25 207 107 151 164 196 177 102 182 249 22 77 235 121 103 42 13 29 191 206 213 195 204 232 74 234 50 141 163 122 84 119 192 90 29 111 66 114 135 7 174 3 249 239 14 159 166 12 96 195 172 195 233 202 216 171 103 44 139 191 87 201 72 20 34 174 30 10 98 
139 195 189 90 212 121 56 17 26 144 78 133 169 86 154 53 71 76 31 189 94 134 168 16 90 166 19 213 16 157 228 105 209 209 242 125 24 14 95 13 64 66 112 56 29 145 227 193 38 61 90 234 184 209 28 117 66 106 197 89 173 81 42 229 83 41 159 233 222 138 36 151 57 225 153 
250 128 147 16 204 81 209 163 105 190 237 220 113 27 63 167 91 180 188 222 130 222 239 108 145 132 162 1 111 167 57 168 14 224 59 68 106 181 230 17 166 195 205 59 228 61 144 238 169 56 82 46 166 160 61 107 125 63 23 37 170 18 92 40 241 48 243 122 114 139 172 36 229 12 163 
5 201 60 18 74 118 54 233 133 93 133 168 249 79 36 51 23 159 141 42 3 125 83 76 192 75 200 174 147 51 146 72 109 18 123 101 239 111 228 17 139 169 32 250 226 207 169 24 213 103 19 244 26 0 156 56 120 250 87 146 224 0 53 127 7 185 141 185 228 18 246 206 149 23 23 
52 138 64 246 159 77 70 222 83 223 75 188 215 78 62 68 122 98 108 146 139 237 62 199 39 111 90 133 115 142 217 51 170 160 42 216 193 51 162 8 116 216 170 228 53 75 93 186 179 233 187 91 144 45 18 153 21 165 64 198 5 8 243 85 173 200 232 105 201 215 232 133 145 134 219 
152 126 162 189 47 13 208 233 38 158 245 182 180 228 138 162 52 132 12 109 200 86 241 39 181 121 68 113 24 29 45 19 187 17 40 135 101 135 182 148 193 210 15 67 231 0 22 119 65 68 179 123 86 107 11 246 89 41 88 26 239 176 189 131 3 136 6 133 40 61 173 232 108 7 172 
116 202 10 210 82 28 120 102 210 15 80 85 29 18 175 217 126 2 160 112 15 53 9 130 40 165 80 82 178 66 179 106 136 66 136 234 219 220 230 104 135 158 247 153 40 68 244 174 146 155 216 127 148 31 156 9 210 96 2 49 123 232 144 3 103 45 29 23 11 15 174 70 123 139 194 
104 52 79 245 37 48 14 129 24 226 116 206 178 222 202 84 102 71 238 38 229 44 15 54 210 82 56 112 173 24 244 159 189 64 190 231 93 5 244 29 138 6 165 100 168 99 145 115 206 70 144 234 176 110 112 24 115 40 77 248 107 123 8 198 83 38 118 206 128 84 92 235 149 154 248 
104 30 107 26 73 205 216 29 13 102 221 79 87 67 162 244 171 242 173 9 168 212 146 98 132 63 170 189 167 158 29 9 203 47 62 156 189 219 142 47 122 165 224 72 221 200 13 248 84 119 203 174 48 81 98 2 152 230 17 22 177 107 31 57 120 78 195 142 145 185 172 217 172 77 248 
10 198 31 61 134 57 152 109 195 234 176 48 123 64 100 173 168 83 135 94 80 10 41 51 101 223 20 24 5 70 73 200 24 112 238 151 46 51 117 137 234 71 208 7 206 100 192 3 143 157 224 31 0 64 99 187 100 235 218 116 121 65 131 132 118 202 223 152 211 77 218 103 89 105 22 
245 58 147 208 213 164 130 202 124 192 136 64 168 147 163 101 122 49 151 214 115 118 37 144 216 183 25 247 158 123 59 93 42 118 229 95 54 129 167 233 226 167 206 105 230 37 168 197 191 143 54 82 243 10 127 136 54 195 13 49 21 182 159 116 97 122 40 159 0 161 96 41 235 235 218 
158 180 134 187 243 145 243 37 22 204 90 157 7 11 84 93 92 249 51 244 47 32 98 189 60 72 176 32 60 13 241 38 133 165 179 205 15 109 81 84 191 123 197 18 120 69 20 142 217 176 119 202 118 90 66 176 230 150 10 175 193 143 182 202 13 155 25 133 37 196 129 109 187 15 34 
14 30 242 147 140 208 27 215 153 136 106 31 78 24 247 117 60 248 7 207 28 72 246 123 182 22 250 117 9 152 137 104 107 132 89 17 189 175 226 109 169 101 125 192 135 85 152 218 189 50 112 35 114 178 69 125 112 234 38 206 136 167 83 62 118 130 110 127 82 47 187 3 101 153 114 
144 146 79 109 222 117 175 22 8 66 139 224 196 224 209 10 46 70 25 170 196 66 137 146 160 201 85 176 5 76 126 190 64 51 235 175 155 142 239 165 53 67 45 81 130 13 202 68 160 244 234 234 203 72 60 163 19 168 33 190 169 30 181 73 24 232 41 42 131 182 44 64 198 226 233 
226 14 176 37 125 43 130 225 132 125 15 186 89 26 191 150 213 221 103 68 69 141 219 63 148 162 198 133 217 233 134 126 242 153 71 94 182 138 41 91 244 17 44 58 123 215 146 61 97 52 168 74 55 108 157 109 72 25 229 155 100 63 154 65 100 157 250 124 62 67 116 97 8 167 53 
164 46 189 157 144 186 69 22 166 20 128 71 84 185 36 164 169 219 223 136 184 86 2 169 5 236 25 123 70 124 69 180 41 151 69 160 58 94 192 11 122 46 127 7 61 232 245 240 87 130 204 157 113 173 152 89 232 114 210 63 107 184 98 186 18 83 220 39 102 103 219 34 112 196 9 
119 88 135 183 111 189 248 71 143 38 184 5 238 83 132 245 122 18 82 44 206 84 18 78 72 146 175 23 94 202 3 203 243 68 149 180 231 185 22 92 49 249 14 60 27 49 195 129 176 151 150 142 218 13 69 166 75 190 161 100 112 1 139 95 83 65 172 133 205 109 110 31 214 187 173 
9 240 96 132 64 224 108 9 25 72 202 120 5 209 87 44 161 142 229 235 171 33 108 138 0 97 163 133 119 71 29 152 182 156 175 67 13 17 34 196 192 73 193 58 217 220 227 167 220 21 105 42 169 104 146 98 157 189 91 68 155 89 56 0 133 118 81 205 93 180 132 223 0 19 68 
109 149 17 174 15 183 25 35 135 213 73 183 167 142 201 161 242 212 241 37 0 145 66 156 73 21 98 34 126 97 41 70 43 170 69 107 95 80 245 167 164 31 172 237 102 66 37 241 210 92 53 176 115 149 151 199 148 224 245 35 162 179 198 158 108 179 175 136 233 24 15 20 31 126 39 
198 242 75 246 16 134 58 176 40 221 107 237 62 38 213 148 32 86 183 199 242 19 76 16 78 124 155 115 35 243 189 206 85 83 71 243 25 125 126 100 170 183 18 108 39 238 2 246 87 133 233 78 123 82 126 204 147 111 27 233 163 77 113 40 90 94 30 46 135 99 95 187 138 145 122 
33 118 16 55 60 204 75 82 237 13 83 53 51 19 123 193 139 33 89 100 245 218 26 182 36 203 19 146 175 110 246 41 94 42 148 16 195 150 110 19 53 44 210 200 67 103 34 102 185 244 219 240 61 160 49 167 154 65 103 173 140 115 50 193 200 225 89 148 211 222 237 194 160 89 178 
64 171 94 80 222 239 116 91 93 21 88 24 135 37 36 12 221 15 4 205 125 39 142 99 10 96 2 124 17 79 177 168 200 169 125 11 222 151 86 244 223 228 29 164 242 113 204 184 238 105 31 164 120 217 216 187 177 240 133 232 218 173 34 41 172 146 224 79 171 20 165 139 68 125 73 
131 178 10 228 118 215 38 42 227 62 228 69 98 220 240 21 104 34 58 130 172 230 162 205 210 153 3 26 172 32 6 119 46 50 138 73 178 186 220 98 232 246 103 20 124 143 16 214 192 219 213 235 115 165 117 106 242 129 246 201 11 53 165 131 229 85 211 183 35 19 111 196 30 194 182 
228 133 37 57 3 98 106 234 231 86 208 135 54 161 74 52 33 237 232 8 54 165 124 13 5 28 39 119 241 101 50 209 103 46 58 21 123 55 97 204 135 140 90 93 71 122 178 54 62 220 243 132 223 8 35 98 250 14 82 181 44 222 68 225 18 52 125 204 144 75 122 116 143 98 28 
121 155 96 71 192 151 174 131 117 66 17 214 185 154 222 250 232 236 75 135 126 157 81 155 90 13 87 88 139 211 250 69 73 122 189 219 61 47 197 75 53 119 227 80 52 154 131 244 73 21 153 15 14 19 121 68 119 63 227 171 103 39 215 12 235 171 68 102 155 65 77 118 120 9 245 
118 22 150 242 193 21 117 143 197 161 9 70 105 77 145 114 221 10 70 143 90 216 75 106 2 56 26 11 165 232 217 179 96 170 114 92 66 229 14 143 189 82 182 250 200 70 51 175 217 28 14 23 114 248 62 91 162 122 11 27 152 110 68 82 86 140 81 161 200 19 173 109 69 96 245 
175 224 1 31 64 58 218 127 215 126 165 225 6 180 18 167 120 66 215 149 69 210 148 97 245 59 180 2 125 197 194 215 149 103 107 112 13 109 10 75 230 190 203 250 154 101 75 152 42 117 229 164 29 30 171 96 118 184 30 247 242 169 227 192 147 106 189 56 83 248 131 229 104 16 117 
213 44 43 167 203 2 186 152 195 78 195 57 69 236 153 87 152 152 119 59 234 49 249 104 40 109 154 172 105 28 30 168 77 185 223 178 160 8 61 188 202 144 118 153 238 203 60 88 57 39 141 195 99 59 186 63 113 122 64 198 97 25 28 191 227 156 53 6 247 4 11 14 104 191 114 
3 40 83 33 186 11 146 233 29 63 10 129 248 135 123 160 134 153 66 232 229 243 238 27 188 97 94 231 39 148 92 21 36 164 94 122 81 4 54 113 88 146 155 199 133 200 152 103 32 218 113 190 8 44 77 12 29 142 183 246 75 193 137 247 5 136 13 21 25 18 221 225 216 53 235 
126 43 74 34 107 121 3 216 99 135 13 201 7 98 31 21 229 224 57 82 109 139 200 130 104 238 156 241 146 183 136 70 82 36 232 67 134 120 100 250 187 175 226 7 48 125 132 48 15 10 176 9 190 212 128 237 144 157 69 177 53 107 124 244 201 145 181 222 159 215 137 147 225 138 43 
194 155 222 201 49 90 34 197 63 206 191 149 167 78 197 218 219 227 53 190 167 171 168 190 204 206 233 9 126 144 153 46 20 8 37 121 65 13 55 211 235 230 217 90 8 173 235 8 83 18 119 33 240 171 113 76 249 155 49 77 231 239 117 63 137 124 199 99 195 149 5 27 210 242 61 
119 205 113 127 33 118 9 88 165 129 109 179 100 220 85 36 188 132 50 59 180 104 5 132 202 229 100 8 233 166 90 170 225 95 178 132 42 28 192 100 228 106 103 78 115 221 30 176 61 18 142 212 12 142 219 57 52 242 107 20 166 115 167 177 216 165 240 59 130 176 171 138 245 74 157 
114 224 64 44 248 176 49 228 63 150 204 126 60 107 11 102 171 17 18 186 164 200 30 116 195 4 240 61 226 214 73 78 114 155 227 75 155 215 239 140 192 181 213 97 86 177 8 138 99 125 246 182 54 241 38 219 209 7 140 59 123 24 197 189 145 213 103 33 181 157 50 250 91 120 26 
62 215 16 12 187 228 250 216 50 104 138 232 73 198 176 52 63 198 102 196 166 20 26 23 162 230 107 108 89 68 183 9 222 54 67 84 214 225 21 35 186 37 240 189 83 48 248 76 59 135 120 186 151 50 30 165 39 28 87 72 200 49 40 60 25 48 148 175 12 15 8 84 127 68 181 
137 152 73 128 193 3 4 88 33 173 17 51 153 147 7 102 50 30 175 89 157 84 193 228 89 93 100 116 52 44 169 111 223 173 4 222 124 151 155 228 250 132 6 239 149 214 19 129 184 197 108 189 92 142 42 121 59 79 37 65 133 137 99 166 249 66 233 56 185 222 223 161 235 23 243 
244 187 237 236 28 17 160 17 21 202 91 137 62 167 171 236 165 202 203 239 161 19 224 163 180 66 189 92 138 211 115 171 115 181 2 123 31 116 154 21 157 11 219 87 90 132 55 195 185 53 244 129 126 135 112 49 21 99 15 28 87 187 44 51 208 5 103 196 183 249 170 94 87 208 89 
43 66 218 43 117 90 228 124 46 120 92 134 139 50 240 165 79 158 105 210 198 73 181 211 115 172 30 189 211 242 87 35 147 156 30 107 51 234 211 229 136 145 76 158 73 31 162 121 154 19 138 137 62 26 203 225 82 63 229 16 233 221 15 119 151 124 15 104 177 45 207 247 83 33 215 
95 155 224 147 249 14 190 201 94 81 2 148 181 205 30 59 71 86 228 117 197 77 10 240 221 205 52 229 187 245 179 41 10 248 169 186 213 61 144 78 58 0 154 240 31 101 223 171 58 111 74 147 113 84 7 103 228 18 48 117 219 167 185 44 146 116 91 168 16 204 228 56 90 70 48 
70 159 164 53 85 135 42 177 84 245 20 43 111 77 131 226 39 98 184 69 57 47 146 22 57 56 191 120 150 237 50 244 103 55 19 159 5 144 186 58 236 71 19 231 193 139 227 16 39 74 233 30 79 163 145 77 242 171 144 48 99 48 36 100 241 215 150 246 231 206 94 161 136 144 184 
48 76 106 37 94 182 121 82 89 230 111 127 173 249 50 99 24 75 78 241 38 80 85 232 23 12 39 155 224 115 41 64 78 9 77 247 111 68 56 88 124 182 1 107 109 192 147 60 154 92 3 109 203 35 86 142 141 2 27 221 46 85 210 18 229 240 183 183 58 116 151 80 143 60 128 
157 125 123 147 150 53 104 111 241 113 140 19 242 35 191 75 112 50 18 203 104 34 75 34 97 230 218 26 246 71 176 88 24 133 127 133 185 40 82 50 140 175 10 46 21 169 81 59 202 131 133 236 240 85 23 227 63 165 102 58 171 44 147 178 64 66 14 247 160 30 230 228 239 179 219 
215 73 120 36 163 52 234 55 236 1 156 48 7 161 205 26 239 31 211 223 60 42 164 204 211 157 186 209 244 215 126 134 146 14 233 207 241 41 34 42 19 221 130 208 193 97 143 200 84 35 124 81 102 35 200 147 14 86 138 72 127 29 214 224 108 52 239 122 3 166 93 207 59 87 188 
