50
181 157 117 219 242 147 154 248 20 180 132 51 29 36 90 18 128 180 75 116 212 42 134 223 171 88 143 199 50 127 145 125 235 136 43 32 106 115 195 223 8 204 206 28 206 166 12 214 248 136 
56 160 96 179 134 129 66 181 52 244 108 230 219 58 64 40 19 90 151 21 247 177 212 230 186 19 57 193 58 21 7 198 187 33 171 109 173 156 154 168 240 190 8 219 100 184 124 11 69 14 
81 168 98 127 179 147 178 123 124 124 72 98 188 236 17 120 192 132 97 100 7 177 133 222 211 65 221 243 139 132 64 99 68 233 167 234 196 51 152 119 13 221 155 83 204 41 1 225 247 241 
130 66 65 201 117 94 140 9 148 203 241 9 231 9 13 0 49 70 83 124 96 98 112 219 241 181 121 79 106 203 132 183 154 91 105 128 86 132 188 36 105 145 151 160 240 206 229 245 8 142 
76 57 157 109 165 209 54 128 25 116 98 91 9 214 170 245 233 156 23 171 76 173 91 138 98 250 44 74 16 43 21 221 209 91 73 8 102 66 200 215 207 126 107 232 238 224 138 100 160 123 
231 89 238 9 102 15 141 172 216 154 80 171 154 41 150 11 174 250 42 80 173 10 230 243 155 151 39 142 132 249 131 243 38 134 23 207 143 111 88 86 77 57 101 231 195 25 5 175 69 54 
159 72 209 49 248 236 46 150 165 183 162 27 129 86 128 113 178 1 237 135 194 170 189 166 229 137 40 47 209 49 188 151 194 73 136 27 132 1 159 141 148 246 200 113 48 222 4 227 136 2 
102 121 57 93 13 164 99 129 65 24 28 126 196 232 173 133 126 60 227 59 132 63 124 196 17 179 58 153 212 138 208 202 82 206 71 237 145 194 19 70 135 134 169 193 142 116 191 70 104 237 
108 212 218 225 102 7 153 124 98 193 87 106 191 180 148 55 48 99 203 9 121 62 134 152 31 85 216 23 243 32 207 142 21 42 87 87 11 236 93 154 172 190 239 130 14 234 113 66 104 224 
116 152 84 21 235 117 77 4 107 23 7 109 128 61 198 36 112 144 157 27 42 122 82 84 20 216 53 182 186 212 66 230 87 53 227 90 13 96 176 123 36 137 27 59 204 83 164 234 109 74 
202 119 122 235 100 185 197 245 22 230 242 220 243 3 193 97 221 148 103 179 199 35 33 15 133 211 107 64 201 248 230 50 30 68 34 39 30 204 145 48 121 16 185 15 125 195 186 226 237 126 
205 176 30 131 237 236 173 191 70 226 160 110 149 225 154 80 81 223 205 197 229 121 90 118 223 101 27 31 66 29 182 180 40 46 213 119 167 9 176 111 157 210 110 174 72 87 108 3 161 213 
221 211 28 114 206 208 58 67 166 208 39 181 163 104 202 187 140 119 105 182 174 172 98 65 96 180 22 247 99 177 139 231 242 130 204 114 197 152 13 52 62 107 160 178 85 193 168 237 158 232 
190 35 200 179 122 8 221 146 56 72 62 52 220 215 138 206 143 13 239 175 88 48 147 120 98 210 153 11 76 199 191 223 143 191 80 105 26 32 117 234 105 185 12 1 1 150 42 101 203 236 
93 150 123 82 65 249 40 182 154 214 247 181 201 155 180 231 237 86 198 8 153 205 40 52 37 59 105 245 114 8 176 226 180 3 180 21 143 201 190 128 149 17 29 175 69 183 1 137 176 197 
222 244 108 43 95 153 17 62 161 64 150 141 82 56 182 40 247 18 54 208 86 198 177 188 54 139 104 78 151 214 79 95 106 53 82 198 26 180 124 167 150 137 20 24 111 221 220 14 79 246 
225 175 128 66 74 22 196 75 36 179 234 81 55 132 0 230 78 56 107 165 212 47 101 240 92 33 204 239 13 119 75 31 21 170 66 12 205 216 143 188 68 18 132 138 52 140 214 124 221 24 
208 210 123 54 71 141 117 85 170 126 249 14 127 16 129 77 33 84 247 97 222 122 148 40 89 182 205 29 245 213 248 72 18 29 71 32 25 56 150 30 7 98 84 172 3 197 95 21 42 130 
24 69 92 153 110 183 38 129 208 160 56 33 64 88 0 140 79 14 152 91 145 104 32 129 41 33 71 224 170 67 177 141 54 216 149 101 25 185 225 223 83 47 209 236 200 225 141 92 119 39 
98 35 141 202 139 43 190 110 75 47 143 216 92 7 65 10 72 201 201 226 35 7 226 80 61 233 113 120 210 24 129 148 170 33 79 5 217 106 118 4 113 200 76 247 137 91 183 10 21 165 
194 83 236 186 147 78 158 125 102 1 138 65 72 110 8 51 60 127 32 43 39 159 56 22 83 23 55 12 220 44 107 31 27 89 15 10 202 80 28 208 72 3 224 46 34 35 19 228 194 152 
7 168 47 204 53 12 73 135 206 63 86 28 33 205 62 104 118 93 66 4 44 152 121 155 161 121 79 106 36 101 159 13 231 216 84 173 56 84 24 52 61 218 148 31 105 166 230 164 139 149 
207 184 100 192 211 157 122 109 232 49 60 91 140 27 194 168 165 49 99 46 60 86 100 193 225 46 74 81 132 38 144 177 243 34 248 172 22 36 35 208 247 17 19 159 222 63 153 221 232 218 
99 73 59 177 82 219 228 13 55 196 69 108 170 46 205 59 173 151 230 166 3 184 27 25 18 127 151 0 122 227 161 15 50 14 192 197 81 124 63 107 165 81 218 231 246 194 51 217 244 93 
4 114 7 151 120 219 22 104 217 15 206 68 108 47 141 180 230 209 60 239 143 179 99 141 211 95 123 143 169 139 243 115 170 189 132 18 52 70 178 184 42 39 108 55 7 124 3 135 41 214 
157 80 73 151 144 51 8 177 136 82 95 81 22 237 99 164 80 212 217 63 223 109 201 66 229 188 177 78 213 78 243 104 52 104 205 122 191 67 92 52 176 176 115 83 187 93 245 213 142 137 
151 36 47 82 59 96 77 222 102 215 48 31 206 104 18 232 194 25 20 119 154 200 151 129 201 227 5 25 229 216 242 234 62 56 19 88 45 181 78 193 134 178 50 42 228 33 68 214 113 121 
49 181 73 205 194 88 40 93 135 32 28 71 140 147 218 123 134 4 174 158 0 83 142 223 77 60 109 99 186 95 51 73 99 170 128 132 91 192 184 21 146 228 197 172 143 237 14 182 89 84 
177 228 177 79 205 230 201 84 181 109 150 216 168 61 231 93 3 0 169 234 219 246 219 132 213 181 135 23 157 219 43 213 166 145 105 40 168 103 74 17 59 231 207 151 37 91 234 23 40 68 
35 5 51 41 147 241 102 217 210 34 79 58 129 152 38 128 194 137 194 56 52 45 106 128 76 59 61 82 188 189 143 168 242 124 218 240 29 42 124 58 69 184 242 42 169 53 0 193 147 184 
155 246 137 229 206 27 17 231 165 217 15 217 81 162 115 8 113 216 217 8 247 215 7 242 114 208 112 245 73 236 166 107 11 216 171 171 184 128 82 214 188 58 50 234 62 82 177 214 86 44 
249 0 53 47 192 113 81 132 22 0 131 167 145 213 75 219 0 58 128 212 225 141 162 206 12 99 209 93 106 138 242 231 169 127 27 9 80 122 127 59 113 23 247 199 104 235 23 194 13 124 
78 241 6 8 143 114 105 70 111 44 142 112 147 100 72 216 1 164 224 22 45 18 8 202 110 195 137 196 47 66 181 33 28 156 86 212 73 180 160 229 151 178 114 179 2 193 134 71 221 55 
220 104 109 147 210 231 31 46 55 81 218 233 5 189 200 218 43 137 132 90 44 64 179 199 237 149 144 48 220 73 82 185 202 128 74 229 38 15 47 250 238 144 3 7 161 147 67 46 94 10 
155 249 121 201 119 9 32 227 23 12 60 170 241 26 193 137 224 54 9 128 132 179 103 114 103 167 50 112 137 103 64 177 151 41 77 88 236 58 155 217 84 78 214 73 73 210 140 146 208 171 
152 197 20 128 148 80 113 248 189 39 128 187 137 247 73 17 150 242 86 39 238 77 150 69 166 33 100 6 236 189 124 83 199 158 31 139 241 61 29 101 51 99 36 193 208 190 148 152 210 158 
72 28 174 88 153 176 180 236 196 187 60 165 26 11 197 195 26 26 128 43 210 224 148 105 238 123 194 211 14 247 4 230 6 162 172 125 35 61 149 69 72 156 124 143 138 198 46 24 48 168 
110 50 140 72 30 71 161 197 77 105 158 29 18 16 233 71 40 169 105 146 219 18 128 121 241 244 212 174 98 179 10 72 246 40 100 148 87 96 250 75 245 148 250 219 30 174 193 63 225 245 
41 111 188 185 162 79 11 211 112 144 124 25 170 207 142 213 4 187 102 243 173 65 13 108 138 165 58 19 63 155 175 164 204 41 33 179 70 102 138 124 65 48 192 183 97 57 75 26 231 66 
80 163 193 47 219 242 209 89 124 2 105 228 221 12 145 6 234 137 107 109 80 168 249 177 208 32 177 138 230 225 33 106 138 69 243 210 186 29 148 63 181 224 34 130 187 29 90 32 107 142 
104 122 248 140 133 84 139 177 204 83 244 142 136 130 248 148 136 94 10 193 242 220 52 64 141 201 224 199 34 30 142 101 64 174 219 38 194 223 231 6 249 247 16 240 202 241 53 124 5 205 
117 228 65 233 109 85 47 188 235 193 249 223 17 238 161 188 201 20 114 67 242 56 99 204 21 136 34 208 111 169 173 38 105 249 244 3 233 222 186 243 14 96 98 13 1 49 5 158 54 199 
67 222 25 183 84 184 24 161 128 75 44 186 122 237 215 151 175 175 90 73 109 59 121 199 185 1 144 124 178 199 83 212 106 83 18 49 60 49 175 129 116 33 156 4 225 197 202 2 241 223 
191 51 212 119 75 147 187 108 4 37 244 92 161 40 169 171 28 190 38 218 12 68 182 71 3 1 118 210 74 67 144 211 19 163 66 67 146 39 146 213 189 12 168 108 119 156 55 130 133 160 
97 9 108 32 123 109 188 81 59 61 224 91 52 140 204 213 96 113 225 69 183 99 98 8 55 133 95 141 162 72 90 57 144 167 163 151 38 90 220 32 131 225 205 106 187 232 243 175 90 193 
48 241 229 125 240 246 20 190 215 62 159 113 202 127 209 155 37 12 57 166 35 179 66 128 66 17 23 249 236 228 193 94 15 63 69 192 171 123 77 140 125 121 10 159 134 18 14 179 122 151 
123 95 132 1 214 80 13 59 179 162 211 89 218 77 241 18 113 151 143 243 117 41 65 243 20 82 105 177 186 150 8 32 133 93 93 18 249 1 59 242 101 202 113 100 179 40 46 32 233 203 
137 211 8 25 54 196 113 221 206 151 101 204 124 176 227 204 209 188 120 100 121 151 97 108 95 250 120 85 211 181 40 244 205 48 50 61 93 33 237 204 234 61 37 187 81 143 12 212 235 162 
135 175 81 199 54 74 226 159 247 52 42 216 194 44 180 76 41 190 46 247 191 227 186 56 139 148 143 41 225 5 45 207 199 4 67 69 54 202 64 230 171 161 194 80 124 68 174 248 45 248 
219 6 77 190 210 35 69 169 44 2 242 29 149 106 57 224 12 57 164 9 51 206 184 13 141 243 94 153 171 37 138 174 187 116 103 115 237 83 103 95 57 103 97 50 148 223 131 196 216 110 
