72
163 103 36 56 228 26 104 208 39 174 25 139 222 1 118 41 107 133 206 212 53 154 179 56 224 112 82 36 100 165 150 11 30 25 122 121 118 54 155 168 220 117 20 79 37 149 158 92 173 10 89 66 144 25 136 25 53 94 60 106 136 205 37 10 9 80 135 237 43 242 35 228 
185 127 103 114 76 31 38 119 9 46 186 83 160 233 93 52 34 90 135 60 160 221 120 136 187 195 156 250 184 189 34 215 216 210 150 221 116 36 220 5 76 248 160 229 32 141 162 220 62 61 247 116 82 232 249 138 118 15 179 172 165 237 155 114 127 98 131 127 134 118 64 148 
209 155 243 164 133 174 42 220 241 219 189 186 74 62 68 190 166 128 248 110 41 172 43 222 136 60 5 231 96 155 195 235 247 26 85 10 2 99 222 23 162 146 78 245 25 182 248 19 17 150 99 103 100 98 140 3 172 94 249 35 25 244 174 27 49 15 187 23 86 147 105 121 
44 225 229 143 128 65 40 228 156 115 71 98 49 145 169 147 180 37 9 122 101 240 25 7 86 148 235 25 175 143 227 47 72 99 221 183 104 97 196 42 176 116 86 210 135 35 172 246 227 44 163 175 152 110 127 193 228 139 235 144 188 81 28 205 233 72 218 205 237 145 189 233 
169 168 196 14 108 137 168 145 201 84 40 177 204 102 223 87 246 132 109 48 186 58 3 154 117 76 204 183 91 110 182 29 244 45 119 13 245 139 152 77 120 247 125 66 246 41 98 29 218 52 70 113 182 225 59 38 76 21 142 131 11 131 40 177 27 201 151 57 108 82 206 16 
59 211 103 77 122 86 223 128 95 202 146 64 6 229 43 108 16 45 222 61 7 136 103 194 225 32 33 88 21 204 204 63 176 96 19 219 122 134 119 153 124 1 77 82 229 132 218 56 44 92 248 211 202 115 11 5 235 196 221 44 193 221 198 245 51 146 100 103 99 64 221 57 
76 5 37 166 168 61 182 186 230 108 40 222 113 190 81 175 155 47 240 141 48 234 246 5 29 5 86 173 204 205 159 191 39 112 121 89 109 22 27 16 111 4 132 113 82 44 13 184 61 198 113 82 222 38 17 48 31 250 194 217 85 205 65 14 219 140 243 96 160 46 195 21 
197 90 161 189 19 10 127 31 136 238 122 187 168 126 128 104 175 102 150 215 238 213 13 146 208 84 145 76 31 8 215 57 83 76 60 56 63 77 147 213 129 159 92 243 179 81 246 153 12 40 163 63 206 27 90 182 232 85 103 219 200 220 51 13 112 235 129 202 169 96 39 211 
126 209 166 97 241 189 198 84 48 98 104 69 228 52 87 107 69 65 168 77 139 44 92 139 199 232 164 104 94 10 249 204 202 85 63 235 24 160 185 165 27 185 122 32 140 9 0 57 59 107 38 142 163 92 205 149 50 247 247 88 173 234 160 106 24 110 249 114 179 67 235 218 
216 155 116 152 73 42 26 161 203 83 124 188 24 228 115 210 207 161 113 231 182 71 217 194 113 97 172 145 148 176 49 180 22 5 150 143 24 158 181 8 92 145 34 123 184 176 211 67 162 21 8 166 62 232 245 44 236 114 204 238 69 201 238 96 249 4 41 82 168 209 205 183 
178 149 76 146 47 186 182 89 231 66 72 222 111 180 23 70 163 212 33 244 35 64 230 151 187 18 194 104 67 83 8 114 148 219 99 140 40 10 40 38 116 215 35 139 119 29 153 94 205 5 143 60 157 248 208 158 120 107 25 160 53 198 61 28 207 167 38 142 250 237 92 57 
174 88 146 135 179 202 162 200 184 10 227 74 103 125 122 185 175 104 171 232 32 45 53 45 166 94 244 71 110 15 55 89 80 0 194 107 247 80 225 135 105 63 178 17 36 131 152 100 113 190 98 101 223 214 101 106 16 20 225 87 239 123 28 49 118 149 238 206 137 137 15 68 
161 97 61 76 189 161 60 107 111 188 10 23 156 93 95 58 83 196 6 108 76 23 235 71 153 129 145 36 62 138 191 32 107 91 88 96 134 9 156 44 192 227 124 219 13 181 187 135 28 112 247 147 129 145 119 25 127 250 145 27 211 222 164 77 232 199 93 91 122 223 215 90 
44 91 121 200 45 32 107 52 143 14 67 109 160 188 127 137 111 143 225 103 144 88 195 194 90 127 139 135 82 139 180 127 36 232 160 101 212 167 48 219 180 194 28 32 125 105 199 51 49 224 229 228 16 11 23 102 181 191 156 150 247 149 7 173 206 132 186 49 155 221 172 239 
2 203 146 48 63 112 147 82 185 101 246 53 127 82 72 44 181 210 169 140 103 62 7 80 243 119 125 184 54 225 38 222 23 247 10 121 194 15 249 57 202 246 113 108 239 157 165 141 67 34 122 76 245 136 201 153 128 136 56 46 153 166 228 126 141 29 86 164 183 156 181 48 
184 74 139 195 113 71 137 107 54 83 200 172 170 87 40 13 46 167 75 40 9 10 206 11 187 174 54 175 79 221 209 194 52 199 156 216 234 88 235 151 28 6 165 178 188 97 168 246 210 244 184 187 121 85 32 97 180 239 118 238 213 232 40 179 66 213 189 121 216 241 179 26 
29 152 39 51 198 238 136 215 57 137 67 65 29 72 214 179 177 73 80 41 50 110 86 139 228 137 248 96 212 51 27 117 212 240 211 84 243 73 25 86 27 49 205 164 138 194 170 155 15 10 144 66 74 109 172 109 178 166 135 210 142 230 226 214 6 136 77 15 39 148 65 168 
35 225 237 14 13 202 220 25 199 45 204 99 159 183 202 181 188 179 41 29 204 100 40 5 8 160 105 199 208 43 168 108 210 185 32 5 39 200 233 112 162 26 6 53 126 84 211 233 89 66 234 8 154 190 82 147 233 215 191 163 99 150 150 125 235 239 112 247 49 59 70 11 
49 28 120 221 104 31 142 43 42 43 35 146 108 74 186 7 105 39 214 231 46 137 46 21 75 101 120 44 240 29 84 201 104 143 224 58 198 17 246 29 209 18 61 169 72 102 52 219 24 185 21 107 148 176 227 22 102 67 173 101 89 208 177 22 221 17 164 182 131 191 102 81 
195 190 79 231 2 173 114 136 120 212 25 75 151 44 92 237 73 192 79 226 116 140 87 67 61 188 119 26 111 200 104 96 214 51 53 50 144 47 57 172 103 32 199 227 111 51 152 18 224 167 125 129 166 44 134 135 175 110 18 82 99 143 41 37 181 24 137 52 161 60 190 118 
94 133 213 130 43 134 247 115 58 135 150 18 137 33 194 177 58 37 176 174 60 85 249 13 141 218 235 95 36 102 47 201 194 225 146 74 24 232 138 173 29 230 135 1 145 188 212 218 10 81 115 208 23 61 157 59 93 239 118 183 97 7 106 52 67 5 201 12 170 46 32 78 
87 184 142 47 141 168 146 157 33 9 245 143 100 140 233 22 49 36 38 218 15 90 1 133 158 224 156 104 99 122 148 124 247 136 227 246 248 205 221 26 175 205 237 29 231 237 170 61 230 212 176 91 78 54 14 116 229 97 177 225 235 69 28 10 167 133 121 202 160 172 236 176 
100 35 133 192 126 49 203 245 85 3 112 56 160 35 76 114 219 36 220 4 131 110 16 114 78 174 175 115 184 145 57 130 169 35 177 214 55 178 41 106 137 28 75 48 151 47 198 249 133 111 185 109 117 20 248 106 56 68 198 172 15 203 19 108 159 201 178 29 171 213 235 47 
213 150 126 133 196 225 92 165 38 149 60 19 17 183 157 33 182 155 4 51 69 83 193 124 191 192 172 97 181 22 105 89 13 248 223 81 217 25 72 37 91 214 36 223 112 79 58 127 155 140 18 33 127 108 62 84 211 6 24 149 78 219 184 212 168 97 222 180 42 197 73 35 
219 8 184 65 7 69 185 34 23 180 109 237 42 240 202 93 177 30 59 224 130 134 167 180 69 104 53 96 174 197 27 112 185 90 61 2 107 29 226 212 80 27 30 238 70 213 161 41 130 26 244 163 192 110 16 159 21 95 88 135 83 84 112 63 87 100 32 209 181 90 2 58 
160 113 5 235 157 152 121 247 0 141 48 24 203 30 58 236 11 233 123 43 70 236 222 45 2 114 95 52 18 8 151 183 250 202 39 58 44 241 163 142 190 79 120 124 22 93 84 232 235 184 134 25 173 111 193 125 220 75 136 194 45 60 107 149 37 234 196 160 145 73 81 49 
153 173 213 113 23 173 148 178 232 130 246 100 103 74 87 57 199 169 170 52 180 69 153 132 163 132 24 173 229 107 198 83 17 236 17 30 27 237 3 21 1 228 240 169 6 227 46 58 209 196 121 194 160 37 76 115 66 230 248 6 181 127 34 49 8 219 89 122 199 235 205 49 
230 59 173 219 228 197 206 219 201 193 247 99 9 101 48 222 224 250 203 31 184 44 143 49 156 234 23 220 220 25 218 14 6 233 140 100 147 88 5 186 208 110 47 248 5 7 66 211 127 180 228 104 227 194 244 18 120 179 236 152 0 100 69 104 121 84 218 53 5 11 239 145 
160 134 234 71 30 140 143 245 236 83 185 40 155 77 233 62 133 220 188 32 112 51 113 71 174 150 158 9 51 151 143 103 212 121 250 196 17 181 8 45 81 102 105 165 6 110 30 92 193 73 194 160 14 162 33 60 71 175 86 17 191 61 150 5 111 71 18 238 122 221 196 130 
112 121 115 192 207 164 50 62 148 76 174 7 96 13 18 234 105 203 179 226 156 199 135 158 160 214 201 38 91 124 5 78 163 174 246 232 57 163 103 200 139 155 10 10 37 4 180 161 127 164 201 226 203 222 61 89 187 133 83 243 182 223 122 209 43 215 30 195 242 142 152 52 
7 243 63 246 89 112 161 74 226 189 59 211 141 148 220 197 135 247 137 250 92 34 55 96 56 41 101 118 181 25 166 127 142 160 112 209 8 168 210 105 169 175 186 146 132 113 19 64 32 8 6 212 6 99 159 88 64 24 198 117 244 244 78 130 94 60 108 103 73 78 243 94 
72 133 170 215 171 123 101 67 197 194 72 12 13 48 177 82 190 30 221 218 22 79 140 31 247 170 117 140 168 14 116 140 133 244 115 19 182 190 73 191 119 11 249 82 30 85 133 45 78 61 112 27 209 160 201 51 196 208 90 186 63 168 144 116 49 13 126 126 157 223 161 102 
94 58 44 237 42 85 219 68 13 13 83 6 49 40 248 12 93 189 42 78 153 110 213 181 133 6 237 127 200 233 68 153 84 30 52 74 44 142 69 140 167 5 206 103 143 77 145 147 140 189 51 121 29 17 194 174 19 96 11 155 231 191 24 175 63 123 163 42 227 26 128 99 
46 152 99 212 187 7 119 240 7 116 2 123 98 93 208 171 29 181 231 240 182 234 63 18 130 12 53 125 125 167 80 230 23 120 56 154 108 201 43 184 114 58 10 102 189 7 250 26 135 178 166 210 60 177 166 226 84 1 115 154 212 6 142 110 244 156 237 139 236 107 153 60 
27 129 237 95 113 163 82 28 153 130 30 105 113 84 34 142 140 145 62 209 152 98 5 180 53 162 9 197 65 165 160 142 39 64 195 14 181 70 216 68 140 170 139 159 24 74 192 101 142 172 212 114 116 49 26 83 83 161 25 248 206 237 215 229 102 122 175 122 226 169 90 95 
139 144 234 78 186 236 102 213 84 203 228 56 100 103 7 88 74 170 167 27 158 92 111 191 17 137 242 158 176 7 51 149 173 132 114 27 52 235 222 64 95 165 112 238 219 15 55 205 47 87 132 202 217 73 68 75 130 23 97 204 9 50 169 156 114 75 189 40 31 107 6 142 
52 250 127 2 143 80 61 188 197 82 38 123 97 28 204 57 103 206 121 202 90 118 49 83 53 172 242 168 16 196 66 180 166 126 69 65 200 226 200 26 8 14 66 120 113 101 234 171 58 228 122 155 6 59 83 83 112 122 75 7 222 126 36 209 236 100 92 95 148 198 233 119 
243 115 178 63 155 225 148 243 121 191 206 44 45 157 74 180 111 75 188 0 39 181 244 42 66 199 60 59 133 14 66 196 95 21 39 139 81 215 234 226 90 231 205 200 65 78 202 201 159 79 118 99 217 105 247 123 180 72 18 208 240 209 109 213 2 247 71 27 162 49 9 191 
207 76 142 50 70 234 245 0 197 181 138 100 98 149 231 115 50 39 239 87 215 135 169 76 50 73 102 132 9 89 206 152 113 238 214 115 207 107 249 70 198 6 53 131 53 0 117 203 47 7 148 117 237 177 210 159 173 207 63 188 4 167 249 41 85 65 73 204 0 47 173 121 
136 0 196 87 99 20 103 170 32 163 33 39 216 161 140 217 45 221 212 126 15 129 45 123 47 247 5 62 189 225 12 112 1 71 6 183 23 197 120 91 148 158 135 12 185 187 50 201 216 26 185 76 40 162 120 78 147 225 225 207 166 141 66 50 38 152 185 81 85 29 155 113 
57 223 38 40 210 151 172 202 103 196 10 80 30 197 101 223 183 166 225 6 5 151 81 120 225 242 221 101 131 241 50 107 109 130 231 94 75 43 55 130 11 7 247 24 86 87 2 103 33 203 138 244 107 70 140 244 121 236 41 83 168 138 105 159 182 144 177 112 200 86 204 87 
147 197 162 56 167 175 60 36 53 114 166 226 27 73 177 38 175 24 246 22 126 94 46 14 129 12 122 209 210 230 151 45 123 78 139 218 28 205 104 138 241 216 230 84 161 243 112 68 4 119 110 207 38 74 205 123 72 187 98 193 242 87 117 199 120 150 17 237 143 101 114 156 
203 19 37 156 154 152 109 115 233 174 245 23 154 84 41 232 84 70 194 116 209 152 139 221 73 86 37 39 14 184 217 191 250 190 197 250 180 188 1 26 28 237 15 48 237 182 125 72 163 174 52 75 74 103 42 203 73 52 97 167 219 125 174 221 229 114 179 25 84 55 64 86 
41 182 129 68 182 131 221 89 157 249 162 64 132 130 2 23 200 190 232 214 36 68 53 124 193 201 38 191 57 7 215 159 188 17 213 71 216 147 100 90 27 62 93 127 239 162 210 159 236 126 46 190 13 65 14 43 36 189 57 80 158 168 30 31 45 3 85 138 47 59 209 214 
207 206 219 61 189 115 42 154 136 107 56 169 247 147 4 37 241 78 70 189 149 215 43 195 28 175 192 212 45 170 224 190 39 85 228 110 153 43 102 95 38 128 94 223 133 156 231 171 118 90 115 72 111 89 235 51 203 91 114 222 177 98 89 200 141 245 233 129 102 112 132 173 
99 192 103 3 84 166 132 132 232 51 125 202 180 186 204 99 29 162 168 164 102 145 207 245 65 237 155 121 169 132 174 192 39 81 191 160 214 63 12 237 232 181 64 94 199 46 114 148 138 118 182 144 110 7 151 221 25 77 238 108 147 3 189 212 78 212 113 175 180 25 191 63 
137 97 108 199 124 100 16 185 39 202 9 31 33 123 173 237 112 29 42 68 155 186 230 0 67 211 153 210 45 170 64 12 116 242 247 24 209 13 250 106 96 107 207 95 104 42 250 116 43 172 243 179 176 183 84 231 151 0 188 55 84 88 33 222 2 206 248 246 211 168 79 215 
78 183 244 78 118 59 114 116 171 238 175 64 100 193 55 9 200 179 45 33 111 69 46 92 58 67 209 192 150 221 58 235 78 151 23 203 187 34 97 112 178 182 46 25 31 250 95 90 208 196 233 8 52 194 197 65 157 229 163 39 83 126 227 47 110 218 85 60 189 201 25 157 
38 26 240 225 66 27 110 116 55 159 42 203 166 106 60 142 211 103 125 124 241 2 109 94 30 213 152 95 137 149 20 219 161 194 226 105 247 55 183 27 65 39 8 33 68 33 89 24 70 0 188 147 104 98 47 20 234 182 155 28 80 197 215 125 109 94 143 194 246 4 30 149 
113 45 169 175 51 152 216 139 158 165 202 195 178 222 130 116 49 12 36 128 43 157 172 39 10 223 158 114 239 178 122 172 134 23 89 228 47 197 188 204 42 22 109 144 243 125 33 143 218 149 116 146 93 238 189 160 85 217 109 114 156 83 113 37 102 185 7 105 29 185 114 170 
112 79 6 142 208 90 39 3 65 174 63 195 208 81 17 108 239 103 210 190 228 172 151 240 207 129 86 183 20 113 120 168 196 61 173 150 23 20 79 64 105 117 120 121 10 71 0 15 8 237 235 41 95 186 204 236 51 150 14 126 29 236 128 201 73 205 162 218 107 46 18 94 
223 203 139 65 107 48 34 115 193 146 15 234 97 167 182 161 231 86 117 76 45 153 104 30 7 144 113 37 237 210 83 243 46 66 248 76 14 174 159 82 97 60 46 115 98 96 150 44 57 187 81 212 193 23 213 103 143 138 58 144 221 168 3 68 48 217 125 112 9 243 117 15 
13 99 200 171 71 230 107 222 144 229 122 97 104 70 2 229 214 48 29 8 178 189 172 67 166 133 0 118 63 80 152 74 107 191 39 222 99 9 159 227 84 9 150 203 120 131 133 224 82 86 238 164 59 238 123 172 18 156 190 137 178 146 17 219 159 246 170 190 181 2 217 54 
239 68 48 176 170 22 85 160 220 147 94 186 61 68 37 198 199 209 124 130 148 89 162 85 183 212 39 77 9 216 141 50 94 61 214 89 156 163 5 0 35 59 47 72 38 186 126 87 173 185 123 31 67 178 167 70 168 136 227 28 69 39 66 27 246 201 34 241 46 167 231 148 
121 182 138 42 72 74 155 202 195 181 112 123 48 57 248 69 49 49 204 141 105 100 68 133 99 141 36 16 139 218 158 109 37 225 32 0 30 117 11 86 141 51 90 15 212 72 71 48 215 49 83 96 8 206 28 14 152 113 127 175 66 233 19 97 81 80 212 193 200 72 34 244 
121 209 190 122 137 179 212 51 51 56 211 216 60 162 226 81 202 29 111 220 158 239 230 236 115 75 218 238 243 51 217 155 242 96 210 40 31 120 232 13 120 109 12 10 227 14 71 83 49 43 0 172 177 27 111 35 202 172 208 163 14 31 72 199 71 151 213 41 10 243 191 212 
44 15 211 217 205 12 162 74 1 153 213 230 104 156 183 74 212 219 71 97 205 165 64 22 0 90 182 25 147 244 113 147 32 240 62 108 233 25 68 18 174 121 123 2 116 45 50 152 109 99 82 241 241 218 241 81 57 231 200 50 227 99 152 109 237 46 17 65 121 159 183 79 
8 71 13 105 1 182 121 220 37 137 12 179 165 225 149 209 239 149 223 8 221 115 112 140 111 153 221 160 197 217 155 68 89 245 154 59 130 89 18 187 24 32 153 155 222 240 131 193 85 232 176 90 165 226 179 73 237 155 211 118 191 246 137 235 168 122 129 106 71 104 138 162 
89 202 31 193 23 201 131 108 178 243 161 34 24 131 230 154 54 162 186 167 21 106 32 167 63 150 71 79 114 194 118 76 161 161 152 229 200 57 84 243 191 101 43 164 133 98 202 214 164 105 182 81 124 145 110 38 147 181 5 72 23 175 85 32 27 215 43 108 100 122 106 113 
154 90 145 4 182 241 217 175 221 23 114 134 37 16 237 223 227 156 38 141 159 223 151 64 179 108 224 115 118 216 221 162 87 156 112 43 188 117 45 211 234 81 238 154 65 30 103 101 191 68 156 204 218 15 149 107 22 105 181 43 245 38 185 143 115 106 27 171 173 127 165 44 
224 116 115 232 44 191 12 39 114 8 8 165 171 110 85 140 239 162 70 46 192 10 210 111 96 50 54 32 38 69 1 229 94 55 113 31 97 247 240 123 129 170 6 227 93 98 177 230 109 223 244 59 116 209 71 139 115 46 119 133 23 224 36 14 210 200 3 230 173 116 198 95 
77 118 178 158 193 83 48 145 152 134 191 136 110 101 23 124 188 46 154 17 250 170 34 115 98 21 245 160 198 134 125 148 116 35 235 246 40 245 99 174 247 67 129 239 189 155 208 110 62 93 127 30 161 60 36 180 58 160 25 150 167 188 165 179 122 113 53 77 103 10 89 70 
8 203 191 159 14 195 55 110 221 189 192 47 214 2 237 222 227 5 31 140 70 58 52 219 107 113 193 146 160 81 149 4 205 206 216 85 247 195 110 170 79 6 131 217 55 70 149 32 89 91 28 232 182 31 21 115 168 101 25 143 159 245 114 115 138 160 236 228 55 77 179 33 
116 68 166 179 185 160 108 16 216 43 224 233 91 231 134 33 53 200 79 103 98 207 235 31 77 189 85 140 168 209 153 219 180 193 117 176 192 239 182 103 8 125 201 44 223 179 222 83 201 145 189 126 145 7 223 72 21 207 3 177 207 3 64 9 115 108 127 31 118 48 131 18 
140 94 180 144 63 27 186 107 230 24 184 175 228 93 69 149 232 21 33 125 225 226 14 70 220 200 181 117 215 248 161 37 39 111 148 139 155 73 105 244 248 161 174 15 207 21 202 117 228 123 207 153 34 10 126 215 245 112 79 62 48 26 83 97 128 103 160 19 150 195 208 171 
119 240 20 47 37 240 102 217 41 48 236 67 173 68 59 117 160 115 163 102 161 143 35 135 63 160 139 47 43 130 223 175 118 62 234 6 99 43 58 31 215 151 153 74 222 134 34 168 107 137 23 82 113 64 179 206 87 222 93 217 89 240 64 85 83 230 206 139 110 149 156 215 
88 173 39 120 38 44 148 250 168 56 192 147 73 243 14 227 17 193 69 248 110 52 37 228 223 153 111 189 216 42 121 181 205 89 228 161 146 108 17 41 168 69 187 170 31 117 170 82 249 133 189 213 50 231 140 245 110 32 66 118 150 31 205 68 171 14 158 30 221 108 97 158 
118 69 87 66 227 250 10 98 2 102 198 239 113 181 5 64 81 133 215 233 152 192 146 141 149 55 79 189 168 60 102 14 168 142 101 220 119 42 47 145 172 3 39 230 247 88 76 187 249 206 41 113 146 189 21 242 170 87 73 2 139 125 154 119 160 246 6 234 247 218 146 222 
69 63 188 224 111 23 101 165 205 188 149 149 81 12 206 235 203 139 209 168 145 205 155 56 86 196 79 58 52 187 120 131 62 223 66 114 72 98 238 8 62 165 212 174 114 217 222 163 234 228 215 237 136 91 117 71 48 95 10 207 194 26 117 69 36 14 103 182 131 213 52 67 
235 149 159 155 86 104 168 213 193 66 136 189 232 173 188 17 163 26 164 134 241 124 124 14 69 192 221 82 248 58 241 215 144 128 55 90 231 124 81 11 203 45 175 174 182 144 50 19 53 101 199 32 39 140 42 27 30 103 135 108 237 182 99 60 213 22 123 186 132 215 158 144 
216 182 224 92 86 248 77 141 146 97 241 214 193 108 154 200 6 35 177 77 165 142 65 26 98 211 170 190 22 237 192 151 147 126 163 201 205 208 41 35 15 35 78 118 188 65 236 19 229 35 41 206 193 38 200 52 37 231 185 151 237 144 15 79 89 218 218 205 246 240 137 143 
178 175 224 236 172 242 21 116 190 198 47 250 177 166 84 109 97 250 122 110 39 176 108 154 12 174 154 171 182 236 0 63 158 105 100 59 157 192 54 199 134 191 78 86 26 15 117 32 201 50 71 108 185 174 193 141 232 230 168 123 250 166 4 214 163 76 109 116 130 180 125 244 
