39
38 135 9 123 158 216 209 227 224 134 240 36 66 112 83 246 170 113 85 36 134 112 60 250 36 11 105 163 81 32 238 214 138 150 138 240 27 62 13 
31 197 247 203 24 114 230 69 34 32 228 130 169 96 204 95 79 226 236 20 182 232 54 70 24 35 187 19 14 173 31 183 131 214 1 141 245 62 9 
191 158 34 128 72 24 42 240 223 48 121 206 194 22 184 56 11 40 186 35 32 4 121 8 129 162 210 225 61 147 188 57 6 173 217 33 188 216 220 
198 117 17 144 19 130 38 36 126 196 12 26 14 14 229 30 236 150 241 116 22 53 191 50 225 236 83 146 89 165 27 153 127 124 48 244 89 246 184 
182 90 89 220 180 196 23 140 235 212 134 18 172 3 167 24 240 81 232 85 195 9 25 230 109 209 201 46 130 29 104 224 149 88 68 39 148 92 178 
229 44 142 148 248 184 170 13 15 90 14 69 32 178 26 221 244 219 55 161 89 82 41 178 46 194 208 57 234 89 136 39 64 127 12 20 99 174 134 
197 49 243 26 181 15 146 229 146 175 80 237 50 248 151 97 135 56 186 57 233 73 113 97 105 228 44 232 179 80 15 76 158 121 32 159 222 187 8 
222 65 222 200 28 29 206 156 140 228 59 49 27 162 112 208 142 121 247 148 18 56 19 90 116 164 105 97 250 239 220 165 116 37 198 192 155 39 58 
202 224 183 204 59 117 231 125 149 165 85 173 162 208 94 98 30 206 193 105 147 244 131 37 102 64 104 205 27 128 26 102 63 114 15 220 121 90 184 
202 31 235 144 213 82 54 148 9 81 230 61 189 119 240 123 105 139 220 59 205 130 159 72 109 6 177 176 49 224 159 44 55 146 215 212 233 210 57 
51 132 134 189 76 194 224 37 223 16 109 106 246 174 19 1 105 172 215 6 139 42 0 189 122 6 119 200 201 156 9 16 174 5 245 18 173 166 146 
170 225 68 222 247 115 123 143 207 124 204 215 18 87 125 140 177 140 63 218 135 17 225 220 10 95 141 161 15 0 128 248 224 226 182 78 52 87 53 
126 182 15 200 119 70 214 189 128 2 31 194 80 214 191 38 163 13 31 108 208 139 208 28 241 173 88 20 177 225 70 142 25 178 74 102 225 23 117 
195 216 29 233 114 140 105 126 78 210 51 147 62 172 127 186 205 121 72 201 222 149 84 13 28 92 242 213 5 70 206 129 136 57 167 205 34 244 234 
178 29 95 168 82 38 55 236 164 33 120 6 191 209 166 166 248 179 114 59 5 120 123 162 130 207 189 236 159 169 22 158 229 155 67 62 214 34 235 
218 197 247 149 21 153 126 67 91 86 88 120 146 37 161 22 42 213 84 229 74 127 78 72 69 139 147 140 24 119 224 123 53 45 2 231 215 82 229 
190 242 194 97 113 127 156 59 23 201 179 10 209 131 143 14 15 75 216 25 204 69 240 86 56 170 154 62 45 191 117 218 205 164 8 168 151 165 58 
179 166 141 22 86 109 101 7 37 100 97 41 18 65 19 70 46 14 21 64 131 76 147 195 103 153 1 95 48 216 76 105 221 239 79 36 16 162 21 
241 143 62 0 204 77 53 7 173 6 171 41 119 169 180 70 87 229 183 7 42 80 43 213 213 39 75 229 78 194 8 16 136 199 130 170 98 41 177 
86 197 88 125 226 176 225 176 58 232 178 236 28 188 23 32 15 185 23 210 55 91 126 151 149 95 130 241 64 153 51 249 233 210 31 157 164 67 199 
216 173 245 222 174 111 232 102 25 170 56 46 57 139 225 94 54 202 74 194 188 65 102 159 165 242 96 8 22 197 58 189 76 71 19 8 233 88 87 
245 134 80 43 79 44 47 226 219 156 77 65 222 203 162 127 129 180 134 191 103 57 222 102 31 140 95 1 102 199 1 173 182 100 167 160 105 214 227 
50 2 182 184 242 228 197 167 76 208 32 155 110 53 102 52 195 73 165 60 47 109 155 161 97 108 12 27 207 138 78 135 219 93 66 214 184 71 223 
176 91 75 9 198 203 208 58 130 16 70 100 66 52 130 61 91 117 31 57 48 161 105 55 81 159 128 193 146 182 98 107 110 130 218 12 191 137 191 
117 155 147 144 5 182 102 203 28 143 150 6 225 194 193 49 178 28 187 25 149 178 84 115 39 193 185 123 148 4 9 176 187 159 132 51 3 100 19 
183 167 62 227 139 152 127 119 23 56 197 120 169 41 171 244 25 181 37 228 7 160 52 58 62 182 0 120 179 58 25 14 103 169 133 116 115 35 6 
66 116 57 193 121 71 134 243 69 37 167 211 64 231 55 112 166 78 133 5 171 7 241 81 182 27 146 152 79 133 233 136 160 125 131 23 162 155 147 
249 87 169 207 89 144 55 189 45 88 108 172 65 153 169 85 172 7 8 40 137 4 100 190 141 225 98 234 138 115 197 97 52 27 219 110 73 218 34 
145 83 159 78 177 15 188 139 145 19 108 176 102 233 95 99 167 55 106 65 45 20 61 199 200 232 89 225 167 171 16 50 64 72 118 8 44 184 100 
108 207 169 218 211 47 152 245 99 88 15 242 46 51 187 204 181 80 88 242 19 228 102 240 73 187 191 224 98 64 160 226 64 9 58 238 72 40 232 
6 96 91 7 87 185 0 74 50 224 189 126 172 120 173 133 66 114 155 83 210 46 245 151 220 234 15 223 16 44 62 47 145 129 170 50 249 22 91 
144 154 218 95 156 35 157 38 101 29 186 231 237 13 199 208 34 107 172 161 201 133 191 73 66 25 107 125 195 47 44 44 154 41 219 43 249 62 227 
125 19 140 64 67 18 139 208 135 110 68 173 232 80 8 15 149 237 210 56 202 108 24 69 159 185 236 177 140 249 177 244 21 115 67 19 65 249 180 
129 108 170 140 31 88 54 94 143 11 39 232 24 73 57 154 25 149 28 77 69 206 182 172 24 61 231 143 201 234 22 38 64 51 219 31 195 35 68 
223 197 27 138 155 81 129 41 74 110 146 29 212 79 12 57 0 191 179 57 246 100 52 224 3 43 103 128 35 22 11 30 218 21 192 10 215 45 94 
158 84 191 34 123 220 208 143 91 48 7 204 142 123 43 144 231 249 195 180 87 145 99 127 34 104 183 195 98 4 137 140 68 148 74 22 57 204 37 
35 165 157 127 58 173 2 126 16 194 14 237 94 79 25 132 45 163 13 63 87 133 43 9 10 22 120 61 103 176 155 6 118 164 62 197 107 151 143 
54 250 94 21 9 134 35 178 201 166 121 221 215 63 2 139 13 115 145 83 126 245 197 89 229 92 86 154 67 41 1 121 192 85 227 132 186 151 164 
3 49 23 195 97 127 139 127 173 63 11 111 208 152 30 175 89 141 123 202 99 123 177 99 116 61 165 177 214 195 137 133 48 63 243 128 4 248 113 
