49
203 61 5 242 216 152 249 197 215 48 64 32 14 211 39 139 144 134 94 242 18 87 17 219 132 225 103 154 203 244 108 14 247 42 243 185 154 209 70 183 131 100 6 218 129 19 35 24 245 
220 10 177 189 162 165 28 221 123 63 171 50 72 59 57 219 93 124 127 202 129 164 10 191 205 231 69 88 139 201 233 64 187 57 75 144 132 151 71 246 58 197 202 98 156 190 144 102 164 
62 212 114 152 101 83 97 238 74 164 2 44 104 172 153 135 231 10 144 10 112 70 51 54 236 135 76 186 207 175 172 77 196 35 168 137 218 32 23 63 187 185 152 187 54 57 140 148 24 
53 250 33 73 210 68 189 102 169 230 119 42 144 26 12 125 217 239 188 40 68 241 166 231 209 192 55 242 57 183 55 21 12 165 52 202 96 57 242 68 128 187 200 85 188 11 21 20 11 
141 188 143 146 56 249 43 158 24 242 12 20 199 202 76 58 58 17 225 105 209 32 58 171 36 217 219 238 2 85 232 6 80 29 165 236 157 9 132 28 96 171 213 67 184 245 208 58 186 
57 218 123 207 108 181 106 71 170 74 47 64 131 222 91 18 182 2 38 32 120 192 159 133 151 7 103 118 224 190 16 88 158 92 139 36 54 38 85 134 173 3 223 215 156 69 227 83 215 
246 139 45 2 234 134 12 177 66 91 126 133 54 216 171 221 3 214 228 46 125 193 158 92 67 120 70 46 150 176 86 209 246 144 166 180 75 46 103 76 171 111 79 55 194 170 173 91 0 
211 28 245 118 170 205 42 67 242 50 59 170 239 188 72 165 188 48 32 209 28 229 235 124 161 37 60 177 230 178 144 13 190 99 187 219 67 135 202 182 99 163 207 117 199 175 242 28 162 
204 215 231 15 87 92 16 230 88 44 221 65 105 9 157 198 154 188 122 141 217 239 236 125 229 123 155 226 204 65 55 198 138 218 16 9 142 7 132 45 206 181 190 69 172 135 39 115 71 
8 165 0 104 36 244 216 78 27 232 18 34 225 176 75 214 62 224 80 89 227 176 9 61 210 44 18 80 33 230 239 206 83 23 63 243 195 68 162 51 185 117 193 56 20 226 216 218 87 
201 107 23 156 89 199 42 107 6 35 40 203 138 157 131 74 17 24 48 47 28 207 18 9 39 248 11 124 162 34 186 111 156 30 77 125 195 149 131 129 242 151 4 13 140 63 231 55 238 
232 181 10 114 73 213 168 75 181 31 5 130 9 31 165 196 146 102 147 218 147 229 236 26 164 167 36 137 228 214 98 164 107 43 169 89 50 179 133 19 175 126 137 96 104 213 132 80 33 
5 189 30 52 3 50 148 181 81 228 82 144 33 107 230 57 14 154 200 101 71 212 242 137 162 248 249 147 14 190 62 20 221 22 154 132 46 84 230 189 129 229 132 26 243 68 217 244 225 
198 94 173 188 212 143 194 173 41 45 93 44 6 3 151 77 150 123 34 128 47 198 36 174 73 64 61 44 127 172 190 207 42 144 191 181 23 218 76 17 81 167 66 17 187 100 209 94 169 
138 126 222 197 97 188 237 29 11 161 55 223 37 170 136 113 240 137 76 41 97 182 220 149 16 207 173 168 97 114 233 111 98 98 145 243 173 60 63 28 99 8 210 76 192 101 70 71 188 
110 214 245 45 127 178 20 97 231 159 151 48 42 104 42 144 82 191 13 77 243 242 78 51 206 181 249 132 76 235 55 101 140 217 93 164 66 239 63 250 240 12 46 228 115 214 231 78 24 
89 235 237 221 25 89 247 239 119 194 234 223 123 177 157 184 129 171 86 56 9 41 99 242 111 240 119 19 202 193 104 219 248 7 26 226 172 219 147 135 216 248 22 27 84 35 204 98 128 
39 208 193 44 149 141 172 159 89 233 94 148 221 242 128 213 158 208 168 39 34 223 152 237 63 61 18 138 28 46 240 106 160 20 237 193 73 110 12 68 51 38 78 156 205 106 125 55 132 
202 171 137 32 129 126 128 100 100 7 66 59 233 90 183 50 136 104 239 179 205 103 2 210 160 202 150 224 211 93 82 39 179 170 66 177 172 244 69 132 126 2 80 172 30 206 108 167 5 
88 42 216 221 83 110 9 246 89 138 41 123 104 86 115 69 154 177 42 135 56 15 39 131 4 168 76 214 5 238 56 133 183 233 68 203 64 147 9 4 120 64 20 98 202 174 110 62 212 
204 127 49 212 168 243 87 63 237 248 95 202 128 82 100 238 59 79 215 185 57 123 234 203 49 212 162 27 186 150 46 241 218 74 177 221 161 231 116 212 61 168 93 60 143 33 158 40 48 
232 5 153 202 126 129 131 248 233 73 107 131 40 84 172 53 216 191 200 26 242 219 166 243 222 246 9 241 0 140 197 151 72 183 39 200 6 153 104 91 3 206 159 118 124 222 76 178 111 
236 140 169 78 39 41 148 62 89 89 109 247 150 72 242 30 170 82 246 169 146 179 62 75 3 205 127 147 208 134 218 187 246 204 171 244 109 74 186 238 22 226 203 98 199 162 50 217 54 
197 104 211 222 73 173 51 188 116 232 65 228 167 117 166 125 221 7 83 21 185 234 91 97 48 103 235 188 133 86 173 7 199 175 36 115 91 144 66 154 206 186 58 205 142 193 33 52 217 
192 158 187 144 49 194 48 16 193 213 128 241 157 18 70 24 137 147 37 38 231 39 206 174 113 87 248 98 220 136 167 240 166 88 78 60 47 144 213 188 160 84 154 245 44 49 39 154 101 
98 52 90 15 196 160 221 65 48 101 110 105 166 224 207 85 190 160 59 105 94 31 229 82 18 210 70 139 76 52 24 222 227 18 28 0 213 199 84 36 222 105 20 223 109 199 11 57 80 
154 233 27 59 110 250 217 26 238 211 17 85 206 236 20 191 150 148 55 227 158 109 242 89 41 243 66 225 131 173 110 80 84 3 42 174 73 109 31 59 99 189 144 24 30 236 132 170 214 
50 212 211 160 98 41 115 245 197 84 248 199 38 10 174 71 55 173 175 217 146 57 223 169 12 97 194 7 48 208 154 208 247 108 57 219 95 232 115 158 192 84 232 215 198 42 122 239 171 
235 244 123 197 168 8 181 189 151 41 121 90 145 21 215 1 238 114 19 174 40 91 164 158 68 101 111 183 27 215 239 124 52 114 220 245 10 215 207 203 51 186 14 4 195 11 164 118 179 
83 192 154 112 174 86 232 10 8 12 48 8 126 94 108 236 63 98 223 105 19 50 193 230 10 52 13 162 248 78 228 247 136 160 135 3 36 37 249 31 105 77 121 156 206 137 50 77 140 
248 176 199 41 84 125 154 53 131 125 250 163 127 28 170 218 10 236 135 103 22 225 210 244 60 18 192 153 202 62 217 166 245 132 120 189 76 101 214 247 244 124 237 235 178 21 28 187 202 
236 54 76 111 42 225 182 119 60 236 13 181 99 125 159 71 4 138 166 131 195 188 88 113 42 115 28 64 172 224 81 44 52 226 82 33 134 192 168 68 183 32 220 133 24 14 177 246 241 
45 116 150 95 180 248 112 227 250 136 55 42 229 223 141 18 75 178 131 214 126 195 149 145 152 95 144 57 189 160 57 190 108 170 6 175 233 248 80 241 174 60 110 94 213 222 124 199 2 
73 220 107 20 93 12 18 154 2 41 44 227 230 191 106 127 15 103 144 78 223 57 131 63 30 31 96 194 164 234 168 213 175 183 143 229 12 83 233 180 64 138 130 59 5 38 23 180 118 
188 130 110 216 51 145 201 0 35 242 224 162 76 21 48 16 96 217 9 71 124 63 194 5 63 80 209 226 119 185 65 34 48 6 2 126 139 249 94 47 248 67 32 174 111 219 143 124 117 
56 196 89 64 236 7 25 55 142 173 81 91 151 186 240 46 185 227 17 190 154 105 134 142 181 153 207 189 144 175 33 249 25 35 242 46 40 149 179 160 128 12 84 28 177 126 226 83 244 
20 58 83 89 9 157 236 152 56 170 133 88 223 50 170 70 162 94 54 130 248 10 5 50 5 144 135 122 61 204 41 0 114 169 137 146 118 26 22 160 72 98 52 32 85 11 184 71 18 
99 194 175 94 247 175 139 8 54 227 157 128 233 117 11 209 185 12 232 93 126 16 209 190 112 226 73 115 179 191 245 109 215 195 14 48 7 141 105 212 46 170 201 35 129 174 133 249 0 
148 57 11 100 170 188 13 246 31 192 169 120 1 130 7 202 51 164 221 177 120 10 168 242 10 241 124 211 213 135 97 54 235 187 109 18 183 181 170 212 116 48 209 32 57 224 10 152 9 
133 136 133 1 242 128 72 47 240 12 154 107 231 221 173 185 70 12 221 171 154 197 72 150 206 15 234 160 16 82 110 240 231 104 25 170 101 247 57 91 81 112 32 23 235 149 136 139 228 
12 141 200 122 206 25 22 235 33 192 101 18 49 40 133 194 247 219 51 223 21 93 165 244 83 7 67 166 66 34 149 44 136 183 28 202 236 77 197 58 171 233 182 115 128 224 162 17 47 
146 237 153 98 232 178 40 98 250 67 23 215 199 210 77 55 93 182 179 10 148 22 186 226 1 42 120 200 122 155 214 8 178 154 83 150 183 158 20 52 195 183 225 96 80 236 103 134 154 
164 181 224 19 229 200 187 47 155 100 93 222 168 67 233 241 44 40 163 97 1 139 156 54 146 117 99 45 131 178 62 222 59 37 96 94 87 106 8 119 116 110 157 194 16 150 138 169 67 
219 104 15 149 211 178 130 75 85 248 76 155 140 190 183 45 67 250 65 200 241 56 145 63 131 1 208 139 177 69 60 206 26 54 118 180 27 106 250 220 94 89 43 50 5 21 188 249 8 
127 151 130 172 3 40 59 52 124 172 34 81 233 133 136 112 79 234 154 76 187 235 216 169 25 112 30 195 179 178 136 4 155 27 211 149 22 128 32 204 76 217 11 58 212 226 117 32 225 
120 75 25 196 101 37 134 233 117 147 144 45 240 12 195 215 93 37 180 91 53 167 232 135 50 196 162 70 143 159 56 233 166 222 49 97 117 86 105 203 35 73 128 133 56 102 172 57 34 
208 219 48 151 82 230 110 152 52 185 132 109 176 53 189 12 206 29 97 101 233 217 187 57 46 187 50 72 248 236 242 211 88 35 63 176 143 69 232 183 127 42 226 75 24 206 27 43 107 
217 195 73 7 110 235 55 205 181 205 179 116 62 145 208 179 207 245 228 148 54 247 2 186 56 118 124 89 109 162 218 54 211 78 136 125 249 227 75 26 17 232 157 84 157 86 31 11 198 
161 153 79 196 157 21 26 207 121 4 147 229 32 29 81 150 120 15 5 4 179 87 73 138 10 101 105 191 54 124 57 170 102 4 131 0 102 195 129 106 205 227 130 162 82 140 156 94 167 
