84
163 141 129 85 9 237 80 196 228 32 72 223 38 153 196 228 147 212 83 193 15 60 174 29 222 8 88 247 181 132 90 68 118 71 142 104 72 203 73 33 220 242 101 139 80 225 144 155 31 191 40 200 245 102 116 27 243 34 36 140 150 61 74 124 144 197 182 61 239 60 177 123 100 178 234 151 115 132 242 224 7 142 114 195 
51 60 75 149 179 59 123 96 165 144 116 62 18 216 237 49 123 222 140 67 62 52 111 231 158 233 207 155 250 233 64 25 120 92 17 171 153 34 153 2 4 233 250 173 183 64 169 141 23 234 4 222 189 64 128 129 244 171 217 12 205 48 180 69 129 246 67 231 220 102 4 228 189 165 36 100 199 29 125 3 211 181 93 25 
107 20 219 245 227 234 185 41 130 234 70 141 11 96 31 26 28 232 75 34 83 133 119 114 71 28 153 185 96 103 122 153 49 103 153 202 66 39 214 225 86 2 66 67 229 207 136 75 134 21 249 228 62 135 127 17 7 116 158 236 152 169 233 21 102 141 115 14 142 179 193 163 150 30 221 141 151 160 217 104 30 62 184 205 
61 122 67 48 23 106 44 112 50 133 19 221 139 102 171 196 46 130 134 138 26 100 223 188 54 69 140 74 78 91 8 162 47 34 55 135 180 43 161 13 23 153 88 144 217 32 221 180 142 232 135 83 154 73 21 179 177 102 207 153 184 109 227 74 186 77 0 54 237 192 135 219 247 83 135 144 157 33 233 86 44 19 20 152 
208 165 137 132 162 127 113 245 177 141 54 174 46 126 42 155 43 247 180 176 35 53 49 227 85 55 178 128 192 124 118 98 83 228 76 82 121 121 167 140 53 115 230 151 248 2 5 121 239 90 62 111 109 4 128 83 163 42 86 184 109 247 70 158 9 243 229 159 106 98 56 195 246 144 198 13 89 210 98 33 80 74 10 117 
153 249 16 201 207 33 236 93 42 49 244 243 112 12 107 20 149 185 29 102 154 71 117 87 171 49 188 204 26 10 225 98 129 155 192 197 176 138 8 37 179 176 150 185 26 37 166 112 15 153 68 232 224 246 174 127 124 211 212 2 208 161 51 200 250 118 80 108 15 129 208 45 111 218 244 47 16 241 176 200 126 173 233 195 
208 43 5 145 205 224 63 215 111 172 225 129 183 200 3 39 242 153 148 197 211 226 183 113 159 224 38 64 69 241 130 108 73 82 61 68 127 171 19 107 53 82 108 81 48 178 63 100 104 189 111 102 75 88 195 107 44 202 147 233 10 217 231 163 111 126 196 162 99 72 10 204 195 215 245 214 186 99 41 209 65 180 213 11 
202 159 179 195 6 59 181 63 138 22 32 191 136 170 230 104 33 71 10 165 168 178 158 30 139 61 197 143 13 225 80 182 179 209 90 25 181 163 174 91 15 177 153 30 44 67 91 248 24 165 113 110 238 118 152 84 223 128 51 242 245 87 130 15 52 208 177 49 8 11 122 107 204 83 206 106 127 53 14 140 101 178 51 248 
152 131 12 202 32 36 145 247 133 216 182 31 142 71 208 20 21 52 135 190 154 123 139 105 7 28 82 155 160 137 113 185 62 220 222 153 212 210 13 53 37 46 239 87 94 204 175 105 203 130 39 207 136 124 210 48 128 174 217 13 234 153 191 10 207 223 160 129 107 109 211 10 16 16 233 102 157 89 80 17 128 82 34 143 
16 221 241 112 73 155 108 6 143 17 185 106 166 186 186 182 84 65 201 195 115 65 62 36 78 65 97 33 184 223 90 149 194 126 129 189 49 167 241 24 169 137 184 42 104 174 19 223 81 230 116 163 56 134 48 105 16 187 178 87 125 183 177 147 17 147 38 166 99 94 206 166 215 32 208 139 225 179 143 226 24 32 87 19 
229 89 124 139 39 185 147 134 19 3 204 190 171 59 57 230 40 2 248 208 157 115 103 180 140 230 175 97 1 27 154 163 54 151 53 44 143 165 205 168 246 146 134 23 179 115 168 227 243 183 15 107 107 76 201 215 7 67 167 188 230 99 210 93 217 219 207 33 196 2 30 143 127 160 144 181 126 238 87 130 202 192 90 29 
147 203 77 188 247 158 162 66 51 218 149 222 210 141 246 207 91 238 170 231 132 211 186 27 63 116 28 11 19 109 150 162 204 195 88 238 201 54 109 138 114 81 142 111 189 221 58 21 81 184 29 119 36 104 89 133 144 221 190 15 118 229 117 190 96 240 156 27 112 101 15 185 51 53 167 137 199 32 1 36 66 36 207 6 
117 218 43 92 149 85 221 229 75 177 22 248 127 87 48 140 9 88 178 237 20 60 151 131 66 228 62 223 242 43 203 40 222 170 87 149 120 83 146 112 149 99 33 79 19 145 164 161 88 178 45 88 242 66 114 233 96 64 60 2 97 162 98 152 171 57 100 183 58 238 147 152 225 52 136 222 156 124 175 228 54 112 151 106 
137 60 160 139 128 237 198 101 96 184 168 33 115 0 72 1 230 11 62 46 95 189 233 85 188 97 189 82 63 190 226 57 39 247 63 125 239 221 74 198 142 213 165 127 95 131 161 239 152 125 227 179 223 127 53 235 148 202 9 82 95 228 223 137 27 236 68 17 164 102 76 13 153 145 96 163 221 24 151 25 190 113 147 66 
154 101 38 176 99 195 132 200 27 104 9 74 211 248 233 191 165 30 233 52 19 181 223 207 212 21 108 119 139 26 209 122 60 203 53 66 72 176 0 17 28 121 105 61 96 184 168 240 191 108 179 246 133 16 44 200 249 76 168 132 72 165 213 155 18 124 37 138 228 148 78 88 112 135 228 103 202 68 129 13 157 134 124 152 
180 13 180 114 3 26 96 240 171 74 155 100 102 165 127 113 43 110 72 88 60 232 90 177 11 198 169 161 80 91 14 51 43 123 177 137 134 43 75 193 52 237 96 128 137 56 197 250 205 150 101 190 78 91 244 114 146 120 244 27 35 148 81 174 121 124 190 118 84 195 198 8 81 100 55 19 39 210 52 196 138 99 32 209 
95 96 188 198 115 188 216 57 202 186 0 60 36 110 162 135 52 58 78 203 82 248 240 213 2 160 2 80 126 249 4 127 212 37 135 96 211 50 83 200 209 220 245 113 52 92 111 230 74 2 56 61 111 65 128 131 94 215 205 60 222 60 16 59 107 35 177 127 230 187 71 115 17 50 45 26 243 9 31 184 98 183 115 147 
211 178 209 163 50 30 74 219 9 43 145 1 69 41 90 126 166 243 106 15 240 177 246 26 181 235 117 80 42 226 214 235 119 184 125 249 97 152 62 100 94 185 157 4 204 128 147 49 60 184 132 167 108 31 136 195 156 17 2 96 191 100 138 207 104 87 65 192 32 36 244 30 202 5 4 132 227 199 230 126 91 115 87 198 
148 143 17 140 38 156 83 104 206 62 70 173 103 122 78 84 188 102 45 40 29 190 112 201 212 111 4 165 18 54 201 130 12 117 78 8 15 74 62 105 40 3 177 249 18 233 208 96 145 8 107 56 82 188 139 214 108 163 148 151 72 82 202 85 227 46 83 151 237 75 70 129 1 106 149 234 86 100 147 76 58 133 142 90 
4 195 210 32 238 198 93 236 169 24 64 127 231 65 248 104 83 206 136 37 55 239 156 223 6 245 172 48 113 215 201 108 145 132 41 92 28 46 234 168 242 88 66 116 45 141 67 175 184 32 68 117 199 197 136 38 164 203 240 138 95 185 248 171 200 130 188 154 90 169 58 119 9 89 169 145 168 10 59 199 118 76 231 70 
77 155 230 66 169 89 220 203 34 137 217 104 133 48 56 88 94 96 125 221 144 182 19 96 137 204 51 163 165 83 1 163 192 134 230 68 138 45 173 150 88 158 38 110 167 219 85 141 48 95 129 217 107 96 139 62 210 68 204 122 202 199 65 228 70 60 54 244 242 233 129 56 102 107 0 154 66 39 21 38 226 218 150 160 
85 150 28 109 157 63 192 233 76 27 157 102 116 247 208 17 26 105 238 133 24 236 47 188 194 37 221 57 203 23 144 129 208 213 186 127 20 154 141 99 187 79 107 7 13 27 222 207 168 32 116 155 1 56 167 140 171 76 81 213 177 189 19 42 238 7 32 185 93 219 229 92 57 98 51 27 140 164 112 118 62 243 197 57 
0 114 27 231 233 128 74 145 81 9 78 94 155 105 182 114 133 191 159 3 203 35 56 214 128 219 216 185 229 168 71 66 161 144 182 194 127 193 71 212 94 190 10 122 247 186 104 120 13 84 212 10 167 241 103 216 17 49 224 186 213 25 199 73 228 227 89 55 34 84 24 154 58 182 151 57 17 41 201 117 95 48 187 158 
239 147 9 127 83 86 56 6 224 29 198 14 218 14 84 179 175 40 169 202 21 6 84 55 197 22 180 114 143 182 230 136 204 183 152 68 11 166 152 196 27 69 232 119 26 112 186 16 131 180 171 43 197 166 59 190 221 85 38 150 71 165 110 170 82 199 184 44 108 69 1 18 62 216 89 67 123 208 161 152 215 99 31 126 
1 210 203 55 124 128 155 233 204 200 160 65 248 165 85 28 8 206 131 21 142 226 82 184 106 153 24 167 174 76 107 237 50 213 240 134 101 114 197 202 209 161 169 187 202 237 35 111 125 244 56 133 164 75 25 85 244 158 188 201 104 121 102 187 192 154 143 148 155 39 91 86 74 153 69 190 33 80 59 33 228 18 170 20 
80 103 69 78 240 103 192 0 66 5 202 150 11 8 82 217 12 124 193 117 54 167 46 89 51 119 201 102 86 182 74 153 244 103 56 222 121 64 46 100 86 96 243 226 150 149 142 100 197 120 80 74 120 151 214 33 244 178 50 149 2 187 14 31 38 38 249 190 153 177 138 37 220 184 131 71 175 132 6 11 159 120 159 242 
174 63 17 9 118 245 184 133 19 248 141 44 67 223 73 19 37 178 250 130 247 148 181 1 127 73 100 131 123 100 126 144 235 119 67 218 209 110 56 163 104 43 220 249 20 82 248 52 10 78 131 187 92 143 37 108 248 123 27 44 199 242 250 128 11 176 243 0 166 176 197 160 213 1 157 6 198 102 20 159 187 113 233 184 
179 247 72 181 140 181 115 70 237 185 172 184 207 170 107 185 0 239 173 246 2 36 26 76 144 138 163 224 138 3 101 55 87 28 145 185 22 169 116 18 79 101 49 125 109 137 64 33 111 245 3 176 186 67 212 49 30 26 1 210 29 68 64 93 17 208 244 107 108 201 91 135 209 169 190 76 110 46 218 6 96 129 156 250 
1 224 110 147 131 113 176 127 50 246 10 247 167 147 119 103 249 119 250 222 229 105 105 99 83 80 48 77 250 96 197 42 231 99 172 231 100 201 76 123 174 211 29 9 123 177 211 81 181 14 225 36 43 105 95 94 203 199 71 88 97 59 30 117 84 223 177 210 242 140 135 173 145 62 134 126 65 218 82 21 220 200 190 18 
149 175 83 178 2 72 60 35 5 241 175 51 91 6 107 181 86 83 200 236 124 69 220 96 116 14 237 106 84 244 44 250 133 194 92 146 120 168 212 104 124 74 237 157 7 4 60 61 201 40 198 97 74 78 235 28 125 76 155 24 11 117 41 50 190 14 200 105 210 177 82 142 69 110 239 75 100 225 127 190 1 97 119 198 
43 26 10 242 19 159 107 206 197 208 64 233 57 24 103 73 156 41 50 182 39 203 243 54 213 170 0 176 219 78 84 100 104 12 194 119 45 250 243 132 45 158 1 29 163 47 165 199 149 214 68 56 218 3 17 44 248 155 121 108 4 107 137 176 127 219 22 147 110 23 125 155 16 210 46 247 213 66 38 191 87 149 242 247 
155 33 244 105 21 91 13 213 21 181 191 218 51 42 88 58 135 117 202 248 162 36 92 150 77 30 173 63 91 199 61 91 124 184 86 214 52 37 119 4 122 2 154 131 109 20 173 43 68 23 29 42 95 69 214 123 140 114 173 153 51 200 92 89 127 41 9 249 121 164 42 188 124 54 87 73 103 121 231 91 79 105 57 247 
111 157 74 21 36 214 161 174 125 2 27 86 201 110 146 46 78 33 85 20 211 197 85 91 132 6 101 43 136 88 49 1 128 231 175 188 201 103 60 94 196 123 66 106 218 149 96 46 225 127 46 233 224 33 238 28 125 201 3 182 3 138 135 12 157 114 146 179 52 54 169 155 9 157 180 160 149 157 191 126 122 66 109 186 
46 132 153 148 168 101 177 189 113 237 168 61 235 162 136 149 202 78 40 64 125 47 215 133 125 22 152 160 42 117 8 111 157 184 31 82 31 66 6 173 87 161 215 231 173 134 95 81 124 99 179 56 80 53 39 229 194 15 53 208 23 59 114 116 102 29 239 80 83 95 140 168 176 148 112 40 106 50 131 242 215 55 169 137 
232 66 183 58 53 129 180 136 216 36 186 103 170 231 3 215 170 182 14 50 146 16 145 137 168 105 172 158 0 243 128 146 227 140 242 87 77 206 132 17 91 206 104 247 151 52 33 131 77 179 122 29 145 105 205 69 183 186 114 39 143 120 158 97 196 81 91 148 161 40 72 75 204 68 52 203 105 65 141 142 156 130 97 45 
110 27 34 116 2 147 4 234 180 202 113 87 17 96 35 118 165 19 13 63 94 101 30 14 50 250 193 95 76 92 246 82 120 120 4 29 234 238 192 92 158 241 75 236 21 186 36 84 195 145 169 209 83 126 183 248 20 194 185 220 222 174 155 232 158 175 84 233 76 92 39 205 67 35 233 35 22 90 140 58 75 108 126 8 
249 22 5 161 239 247 123 111 183 244 210 229 148 93 147 127 164 39 51 240 175 41 154 127 124 78 118 77 62 80 218 242 37 242 168 216 228 224 45 139 190 227 41 137 134 95 84 119 5 81 112 115 122 210 120 229 64 57 129 79 110 112 225 232 0 17 242 45 46 236 10 189 66 225 228 190 246 153 78 50 233 111 216 119 
47 158 12 168 140 235 106 155 97 242 79 165 61 71 218 104 110 145 47 0 29 186 230 203 48 43 17 191 41 82 240 216 137 69 237 104 146 88 183 224 38 134 66 169 163 100 55 191 59 234 107 91 216 226 34 124 231 18 32 78 108 142 172 228 239 64 27 190 110 63 71 176 22 130 27 62 0 102 117 72 34 234 237 119 
176 202 46 220 69 205 64 240 11 73 115 28 19 24 29 141 220 49 229 232 170 87 40 0 35 20 10 95 86 43 35 114 80 98 14 16 72 244 91 191 10 112 78 70 250 153 122 15 96 157 12 19 71 31 54 189 18 211 41 116 201 127 45 221 179 248 98 23 229 236 0 149 205 222 214 187 113 87 117 31 188 237 250 75 
203 30 221 191 165 89 35 247 205 139 187 249 163 190 164 125 245 213 162 65 93 125 146 23 67 100 115 142 144 66 154 236 44 182 30 74 10 33 15 43 23 188 95 26 230 15 96 244 210 88 36 180 152 93 135 5 140 183 18 23 2 111 234 208 54 247 176 68 170 67 202 177 240 98 190 204 238 57 141 230 71 104 25 59 
0 98 121 166 86 49 109 234 172 126 127 178 208 178 173 177 75 236 197 240 208 151 127 71 159 142 222 42 53 41 155 164 181 242 189 229 177 142 71 206 52 127 160 232 202 103 195 17 92 175 229 108 231 68 112 77 15 221 202 242 207 65 45 165 16 188 183 244 110 229 28 49 18 75 80 35 129 173 160 244 6 35 200 152 
117 89 167 239 45 132 163 199 169 244 108 217 76 73 133 250 141 152 69 139 205 237 25 161 223 41 164 114 129 127 228 196 218 24 134 129 7 151 181 194 226 196 48 26 75 147 87 205 234 131 111 23 214 109 16 110 180 30 138 247 85 185 154 221 174 229 185 0 113 103 40 26 187 5 88 221 155 202 55 143 19 98 203 182 
204 29 44 238 6 71 135 177 106 6 179 193 161 16 24 193 50 73 83 52 131 82 103 105 103 21 122 76 215 167 41 107 37 150 212 112 4 124 213 30 52 61 245 172 13 92 175 166 234 213 183 144 217 177 217 155 118 146 87 91 50 148 170 71 201 68 109 63 92 75 3 70 163 75 21 27 215 80 194 103 130 105 147 37 
83 215 87 91 104 224 170 126 167 218 103 73 134 111 48 160 8 102 209 47 243 73 47 79 29 165 177 132 153 164 99 249 146 90 168 9 232 246 122 196 226 183 224 17 27 152 122 243 16 9 226 57 250 80 24 183 106 58 65 89 186 52 22 21 122 50 11 59 212 34 42 130 168 8 162 122 116 119 105 122 208 248 153 220 
143 97 123 155 67 78 113 100 164 163 131 247 216 194 72 170 57 43 245 214 70 243 235 70 12 17 176 248 88 121 116 167 179 53 128 72 135 157 205 77 39 80 191 157 27 232 47 12 143 164 237 246 29 68 27 241 14 3 124 188 26 135 224 119 182 169 240 220 210 202 247 72 66 146 147 240 216 95 113 5 212 111 95 29 
162 5 174 157 239 151 138 158 180 51 155 51 117 144 13 65 165 110 62 237 164 146 203 220 183 12 17 36 26 178 8 23 93 221 167 1 84 6 94 178 193 219 167 164 168 34 224 122 109 117 79 202 132 25 26 129 104 99 78 109 10 69 150 151 175 229 116 166 12 70 229 23 181 3 124 246 143 170 75 95 8 174 152 36 
89 61 228 97 66 123 141 99 10 141 113 78 249 218 193 133 92 158 214 78 15 148 28 42 136 107 156 240 142 156 136 15 96 166 14 19 90 143 73 106 163 3 4 82 17 36 130 195 137 189 125 145 124 59 19 87 47 223 2 82 7 175 245 179 30 58 43 13 85 112 249 67 12 27 188 26 5 81 2 247 200 217 37 249 
82 92 6 117 34 195 67 216 95 181 242 102 146 38 167 32 148 76 214 95 174 90 57 200 199 61 96 218 58 66 244 218 90 73 121 250 212 75 54 76 72 166 160 178 73 132 103 116 104 171 39 65 83 142 102 66 59 13 146 240 43 64 138 32 115 139 133 209 82 42 27 204 69 98 164 27 142 183 125 150 47 117 243 84 
210 2 19 212 65 221 149 225 33 219 35 40 191 17 234 204 36 240 158 192 77 216 43 195 209 238 1 22 162 151 68 242 192 59 230 142 138 1 239 85 17 9 137 248 162 143 57 189 173 68 224 150 164 245 152 153 22 17 100 234 99 52 124 175 132 32 45 54 168 67 129 97 19 180 147 194 182 112 190 149 131 151 181 101 
173 52 194 168 9 183 220 72 95 111 187 220 182 23 225 139 2 167 152 161 13 228 99 125 39 203 223 27 209 161 79 148 185 214 75 41 52 230 43 131 130 235 24 103 15 221 111 249 183 86 222 5 178 187 154 25 0 123 68 151 208 18 130 32 6 73 35 221 156 86 136 100 79 180 32 15 221 47 120 157 242 59 17 9 
213 50 211 224 12 100 87 173 134 61 136 45 16 93 249 171 132 170 239 246 236 123 21 51 121 236 222 77 72 109 225 78 71 99 79 181 249 22 85 7 98 145 201 111 138 174 28 162 81 120 91 232 76 124 129 238 68 232 203 114 121 220 54 22 179 217 211 232 118 158 4 199 137 246 41 40 79 0 246 74 111 130 242 198 
240 203 193 127 84 103 220 164 35 154 248 1 53 210 45 111 162 133 199 72 165 59 225 30 85 21 20 22 89 93 68 142 237 193 50 232 0 48 59 243 45 48 23 222 203 144 188 27 55 73 241 236 11 245 91 158 244 157 0 203 112 47 2 80 54 234 103 128 52 213 22 222 95 208 12 141 215 50 100 16 248 22 168 232 
33 27 135 54 32 172 131 245 35 173 191 77 23 26 204 154 39 187 160 87 110 82 174 5 19 2 117 39 52 28 111 142 221 184 70 213 233 209 30 241 14 38 58 151 163 249 13 173 153 156 78 7 183 186 249 67 82 237 44 121 185 151 130 142 61 145 80 34 50 205 100 115 164 49 219 174 1 139 197 75 226 81 223 144 
77 62 140 213 137 222 29 209 151 101 5 21 133 60 159 183 172 70 89 162 37 153 227 76 66 40 120 46 178 145 141 151 40 12 151 92 148 197 225 176 217 151 198 208 159 250 24 5 113 176 136 64 143 28 27 72 51 52 245 145 150 43 38 164 205 139 93 107 58 247 234 155 77 55 95 164 229 149 120 119 24 231 81 181 
208 45 183 121 3 134 211 143 144 233 181 168 71 7 157 194 115 38 116 230 125 157 31 85 118 124 76 22 105 31 186 24 132 96 53 25 157 78 134 249 239 48 5 8 132 76 15 182 132 69 3 189 160 218 148 122 124 94 249 229 7 145 43 182 127 128 218 83 216 175 128 239 119 141 206 171 52 86 139 171 160 183 200 182 
174 233 180 0 27 248 131 214 130 130 127 35 44 21 74 240 152 180 246 183 107 80 45 83 107 219 204 70 176 4 215 187 131 137 229 117 118 112 57 20 22 59 96 15 48 52 222 244 134 52 85 76 203 133 66 229 204 182 69 181 174 74 99 99 7 91 249 15 236 49 55 164 22 201 113 27 188 97 186 57 162 62 200 221 
97 137 56 207 109 160 220 89 120 32 191 161 158 170 19 21 89 122 193 205 237 49 146 232 214 49 188 241 131 209 153 73 29 18 15 234 131 227 78 155 58 35 155 239 231 19 238 19 142 172 55 77 174 153 40 175 45 57 26 5 90 165 153 94 173 163 16 173 108 225 206 71 133 12 148 235 174 157 35 11 31 178 211 86 
154 191 183 243 104 61 24 245 159 160 227 189 86 242 152 155 54 30 24 7 235 157 151 42 83 183 166 16 87 194 183 2 189 244 183 84 94 166 134 245 195 234 93 86 127 9 250 144 72 123 83 76 123 98 109 212 249 88 38 162 101 192 96 196 50 68 219 140 94 41 236 187 63 201 75 250 184 114 222 80 122 173 168 93 
211 237 0 246 149 69 10 157 219 114 160 163 13 213 77 42 17 106 143 16 176 151 217 243 28 194 33 104 220 116 239 138 5 114 46 158 1 105 172 122 232 177 90 145 207 162 117 102 98 161 189 63 52 144 230 180 139 196 39 95 2 74 157 148 131 39 162 90 16 105 31 48 160 219 157 125 222 231 86 153 180 164 114 193 
249 94 214 199 148 227 142 73 90 2 201 225 19 90 177 168 99 102 211 22 111 95 199 206 120 72 185 214 214 209 89 30 10 132 123 145 47 115 173 113 79 188 231 26 222 175 97 40 66 94 151 82 189 230 199 228 201 155 96 40 165 94 193 51 99 96 234 172 107 232 64 159 196 22 6 196 150 202 29 209 150 31 111 206 
217 192 238 147 165 198 169 229 151 92 247 156 135 189 41 99 214 48 88 68 54 50 216 60 47 14 95 232 5 95 102 242 124 79 64 106 42 10 17 124 58 177 223 25 61 8 47 223 247 110 179 114 163 99 178 241 123 192 120 90 118 242 69 18 52 92 206 56 73 86 126 162 136 55 157 69 22 195 141 195 127 162 46 187 
57 232 24 188 5 11 231 99 8 102 68 206 57 53 46 2 237 20 102 131 247 143 223 192 66 131 139 40 21 194 24 69 222 249 183 161 220 200 208 40 202 48 37 54 25 118 71 185 204 78 211 123 138 215 201 203 244 23 222 163 41 218 7 175 18 174 118 60 104 62 31 246 29 109 126 10 94 200 18 134 219 7 48 45 
6 222 126 203 70 148 30 174 123 74 179 120 201 95 223 162 158 46 5 56 140 152 145 153 15 215 193 53 86 55 8 244 89 121 88 205 37 7 27 147 148 62 36 142 179 202 16 7 133 85 221 20 155 95 151 203 208 112 18 14 72 11 44 80 26 177 232 139 41 99 107 138 83 54 72 147 75 23 175 176 238 105 81 117 
246 86 81 21 13 94 75 88 129 239 141 144 43 194 244 68 178 98 243 18 194 222 36 197 239 90 238 68 30 172 106 111 98 114 139 109 134 140 49 156 18 144 11 85 148 215 171 44 113 238 189 185 192 236 212 204 37 79 107 209 193 92 40 39 146 143 72 193 86 126 74 154 182 20 189 32 76 58 239 153 68 181 205 92 
52 204 187 44 85 64 20 104 39 180 141 99 50 190 66 134 126 197 234 235 217 189 116 157 65 83 25 250 27 125 235 44 131 106 49 229 98 217 92 133 196 56 179 220 78 23 206 13 27 56 8 226 105 12 190 94 224 46 120 65 208 72 239 140 5 32 20 15 219 213 116 88 89 229 105 76 174 117 96 115 241 64 235 126 
71 28 161 45 143 32 123 114 235 66 135 120 142 153 25 92 238 24 33 6 205 82 71 206 209 36 151 179 129 184 80 200 125 75 114 71 237 173 198 101 68 31 68 206 163 116 153 46 64 77 94 175 109 32 250 193 138 72 10 145 82 65 33 52 148 11 201 211 83 216 82 220 164 144 98 194 47 181 121 231 77 249 211 86 
74 166 56 155 5 12 130 12 185 115 165 117 66 152 152 93 111 181 107 29 81 70 156 111 141 56 134 206 132 95 126 227 119 187 219 25 214 213 214 187 39 220 43 180 134 157 5 185 35 126 11 178 25 221 107 33 136 6 194 166 243 36 243 157 79 193 180 140 28 125 56 183 163 152 95 177 104 221 173 144 94 26 133 49 
109 109 35 48 7 125 132 118 118 15 123 21 11 85 25 203 174 203 26 193 60 199 2 74 181 121 89 206 202 102 237 179 132 184 191 226 130 213 118 210 119 207 126 228 224 123 102 124 129 11 92 80 148 194 62 112 240 30 32 90 222 125 89 157 234 200 114 4 56 153 105 215 246 239 189 172 210 128 94 109 79 236 7 28 
17 57 0 107 137 227 145 248 97 26 79 31 146 18 32 81 220 217 204 111 145 249 103 22 148 198 249 143 107 29 115 197 67 217 43 247 221 117 123 77 160 120 207 148 219 95 107 102 58 144 185 56 25 228 184 38 108 54 123 154 204 83 207 109 98 63 170 28 73 17 212 148 228 102 85 47 221 216 196 249 154 189 230 12 
137 72 59 139 83 235 47 195 242 219 201 162 65 118 136 85 7 168 89 181 248 234 85 53 49 63 54 4 85 10 31 244 8 9 250 32 127 105 117 132 106 238 227 3 7 41 96 79 7 217 148 177 206 68 70 215 133 200 122 6 98 180 214 9 25 192 98 0 205 156 21 86 84 227 235 45 145 49 61 11 28 205 115 28 
156 27 200 96 91 210 233 79 130 40 137 250 55 100 145 51 12 192 64 35 17 43 31 191 244 111 118 187 219 246 250 107 30 124 146 192 164 207 28 26 230 117 72 52 133 188 167 230 3 142 42 237 162 221 55 24 124 158 115 109 33 3 32 140 233 182 227 22 60 111 184 235 139 39 56 201 112 26 125 115 245 76 62 130 
215 132 51 163 69 203 72 234 191 30 250 173 163 231 222 81 63 85 198 208 218 150 90 28 65 125 208 206 250 143 99 98 191 179 78 82 133 125 204 212 53 9 14 180 164 25 93 62 210 127 123 145 226 154 222 212 199 172 210 228 48 15 8 146 167 122 90 30 54 139 65 43 228 239 164 118 156 182 161 52 66 191 29 15 
222 215 71 195 80 67 28 188 63 28 223 115 150 74 182 171 52 81 184 21 169 131 217 132 86 119 96 213 223 107 40 145 214 163 160 164 200 69 178 38 221 222 117 99 4 67 24 173 108 120 66 76 49 12 36 93 198 185 30 168 74 28 14 81 108 236 32 62 49 86 45 9 31 158 154 117 154 189 58 201 65 13 141 187 
156 123 143 188 6 155 58 107 203 25 225 109 207 150 152 91 127 100 227 97 175 36 157 91 226 18 242 231 51 50 104 31 128 230 97 2 142 24 101 229 20 30 21 216 163 188 13 65 137 227 186 231 143 56 112 162 192 96 117 129 22 117 239 15 174 238 238 133 236 249 98 150 90 87 163 37 120 206 114 99 19 21 235 47 
138 70 75 64 75 49 139 34 165 94 200 183 31 152 203 68 81 138 123 194 26 172 139 92 79 250 168 205 77 153 187 17 54 219 45 195 10 79 169 160 96 155 122 52 34 81 126 8 220 114 231 208 15 243 6 174 55 239 163 231 147 2 118 149 202 119 185 171 13 101 126 33 116 59 222 62 229 214 171 157 118 125 160 28 
149 205 87 112 40 155 215 71 218 64 73 60 11 127 29 71 163 157 55 37 7 175 193 49 0 184 153 100 204 81 192 221 50 124 51 212 47 76 130 230 190 130 230 199 156 147 222 107 153 191 118 176 157 206 27 167 76 83 72 85 218 193 70 66 79 123 140 178 10 171 95 99 109 171 89 107 151 88 17 112 165 61 161 127 
31 69 63 51 237 60 142 7 78 139 95 144 116 89 239 192 171 54 147 189 145 68 90 158 123 244 221 46 98 1 37 214 242 17 117 86 32 114 208 180 30 123 42 243 245 205 73 241 93 245 186 194 246 0 212 32 7 8 236 2 231 242 33 104 8 96 147 165 155 122 90 105 15 90 43 180 159 167 33 162 153 18 66 5 
153 5 54 143 8 66 41 186 188 235 85 217 29 65 132 159 157 61 222 116 59 124 79 22 151 113 66 196 176 201 141 14 44 162 239 150 234 217 63 57 46 119 223 10 139 92 140 31 199 86 174 85 222 55 124 160 148 220 172 18 174 149 227 187 134 28 114 96 166 59 158 155 107 41 66 47 211 158 217 225 125 22 44 65 
145 171 210 148 65 205 1 5 80 115 26 41 52 85 197 221 197 248 223 104 146 130 108 74 144 106 179 13 50 187 98 243 172 94 112 132 153 39 120 246 72 206 174 107 146 200 129 198 174 14 111 68 217 59 194 8 158 207 176 117 240 225 136 191 213 239 185 160 39 187 7 32 178 235 227 218 20 145 29 132 33 235 181 115 
237 47 130 80 247 164 16 8 171 37 134 139 80 124 31 136 20 143 37 114 146 184 212 43 0 45 192 28 63 53 111 27 100 227 120 107 92 72 19 132 139 78 47 186 245 146 97 221 198 245 209 14 221 249 100 142 92 180 35 102 184 91 76 132 178 115 78 206 44 95 109 171 150 114 89 134 133 16 70 134 32 220 155 121 
183 247 4 87 32 100 175 53 123 180 243 45 46 245 248 0 181 222 240 58 8 230 69 197 117 193 203 137 100 156 173 239 208 95 164 187 158 228 185 23 204 53 166 198 250 125 153 231 210 202 170 169 170 78 64 229 192 1 227 133 239 28 173 54 65 73 45 162 199 160 115 242 138 10 240 147 101 4 103 2 166 88 190 188 
130 71 145 250 80 31 6 202 135 232 122 62 85 45 241 80 80 183 10 1 129 53 129 164 108 140 9 37 73 197 93 177 7 129 245 128 48 151 180 115 17 61 129 222 20 57 26 204 119 195 125 40 125 87 218 47 139 178 149 161 152 23 107 12 232 160 17 34 143 215 105 177 189 187 176 100 13 21 28 169 152 5 218 122 
150 249 173 76 75 191 224 240 47 217 115 231 18 22 152 174 32 11 167 6 64 44 178 24 49 121 170 119 88 73 54 198 26 13 106 152 76 37 207 137 241 104 143 105 200 175 55 122 33 103 183 164 186 38 226 173 203 182 17 117 182 206 24 5 30 180 16 41 160 230 120 130 246 116 46 122 179 75 91 166 35 18 247 162 
114 153 124 246 24 45 99 153 14 155 18 54 78 75 149 57 24 173 61 111 241 143 231 10 206 197 93 178 160 15 248 240 84 156 218 36 146 156 77 113 94 188 121 117 17 28 38 12 38 10 129 84 84 163 99 6 64 207 82 142 19 57 157 19 38 44 61 132 136 19 68 80 0 48 233 94 81 122 132 225 78 201 152 33 
