57
70 131 217 228 62 207 170 6 73 87 134 27 209 207 93 51 229 43 243 25 119 27 161 71 32 144 161 14 92 237 196 21 139 150 72 199 32 139 199 187 218 77 202 129 248 78 91 105 93 13 211 54 192 100 225 83 240 
191 58 8 4 162 235 185 233 125 4 166 61 108 189 144 138 78 214 56 57 232 96 207 162 111 239 12 232 30 135 31 187 187 54 146 132 1 43 43 220 68 152 236 18 112 140 85 7 99 79 237 35 13 10 237 201 51 
100 250 114 197 108 191 194 134 112 138 56 190 62 5 155 58 56 102 72 157 172 85 219 230 137 89 240 225 0 231 150 73 42 244 57 178 12 105 221 145 201 230 95 45 223 65 48 175 82 250 98 2 148 207 210 231 73 
238 0 248 147 51 122 69 110 112 97 242 151 25 13 139 19 110 66 101 163 90 65 25 150 120 183 133 52 67 114 8 135 232 198 87 247 143 1 115 45 46 169 213 44 173 214 148 137 19 215 195 30 82 247 96 10 209 
227 223 51 201 239 193 232 67 123 177 77 134 17 250 192 64 227 6 161 175 133 67 48 118 84 232 205 56 129 102 137 30 94 133 44 186 31 78 170 25 169 247 119 128 205 187 173 76 119 197 124 127 246 68 148 40 13 
48 40 231 144 0 13 72 152 184 50 195 124 212 59 153 189 155 37 225 136 240 115 14 111 230 44 204 166 75 23 10 4 57 210 241 165 241 249 234 108 227 135 70 128 52 224 72 13 110 49 206 126 73 235 115 53 213 
139 24 41 213 131 203 148 184 26 80 170 202 121 74 212 155 117 100 157 249 30 153 7 3 177 11 200 247 8 98 209 66 17 9 117 196 140 57 193 96 78 80 32 146 6 19 62 243 116 102 15 186 43 74 102 19 113 
12 143 134 213 168 16 43 195 217 150 193 118 124 58 218 242 112 142 227 70 249 145 179 175 80 189 97 192 134 73 204 27 154 216 189 86 186 146 109 146 211 138 193 212 31 0 220 144 196 0 43 59 86 70 103 160 122 
59 75 185 170 166 75 2 152 0 79 7 170 26 198 183 91 83 202 221 76 67 69 176 226 82 224 101 39 55 11 126 226 190 176 133 151 235 41 220 2 99 178 239 220 132 32 76 56 133 162 175 229 158 57 140 92 33 
221 219 183 134 70 79 41 65 138 138 238 184 240 143 95 244 227 82 48 58 185 180 141 74 175 58 2 113 176 223 44 88 94 113 149 40 113 189 199 1 53 222 54 185 7 183 31 70 32 131 38 18 159 93 118 128 20 
111 207 124 69 210 176 240 90 47 108 240 209 171 220 153 50 116 116 85 16 225 102 148 193 89 153 22 151 2 65 178 27 246 30 228 7 185 78 12 16 233 41 121 244 235 114 89 84 42 87 127 154 139 70 213 46 56 
250 12 225 73 174 81 132 131 8 193 83 183 206 173 197 19 226 121 75 223 231 1 40 101 47 226 95 208 141 238 135 248 0 136 119 82 90 118 131 179 197 140 77 250 219 28 46 181 30 174 20 39 138 61 158 192 131 
36 170 162 226 181 205 104 223 226 57 92 81 207 108 193 34 197 112 180 104 154 167 212 127 99 188 213 169 231 190 173 66 248 130 170 141 156 82 95 228 237 173 153 26 62 182 42 89 80 98 33 75 184 67 189 155 73 
3 128 43 81 14 57 146 153 24 214 106 67 126 87 153 154 235 64 178 209 152 69 78 190 79 215 188 121 0 121 153 118 51 2 43 84 131 88 109 141 130 165 217 33 35 144 85 23 100 139 240 122 177 85 239 195 60 
246 110 216 90 84 207 127 182 59 237 108 62 124 8 227 77 145 134 56 220 87 182 29 150 2 220 87 9 134 84 169 199 76 198 220 79 66 108 200 192 172 62 134 226 51 185 243 81 175 141 155 61 34 242 248 209 228 
71 75 48 34 46 218 158 138 39 127 196 175 126 144 153 172 46 68 44 58 210 33 138 91 165 52 90 154 208 0 179 75 114 7 70 3 232 5 83 224 202 194 204 31 52 61 3 163 117 101 227 142 154 222 66 87 195 
52 82 37 125 241 184 226 158 43 15 78 244 58 3 231 106 205 188 174 105 118 209 61 168 2 98 59 18 182 104 16 247 160 105 37 87 237 21 49 154 161 240 155 10 142 7 49 89 188 14 161 17 207 187 188 5 26 
23 41 93 41 39 231 33 107 239 227 134 75 43 87 99 199 128 69 123 113 112 169 110 72 220 117 174 157 96 86 115 226 43 65 128 20 51 73 143 181 137 94 33 22 8 122 219 0 51 130 183 1 60 88 45 47 97 
225 31 14 26 226 153 53 46 201 0 82 139 95 145 83 138 211 219 71 186 69 53 59 140 52 109 192 35 84 193 193 163 193 113 79 119 164 59 6 118 68 110 71 248 213 49 178 31 85 195 70 169 118 101 192 84 87 
11 37 224 156 112 238 241 245 124 47 178 209 187 230 246 28 143 81 175 183 236 111 173 51 106 95 2 168 141 116 185 123 18 111 61 243 66 62 171 25 61 208 47 217 139 147 60 96 0 219 171 139 102 58 217 48 60 
248 67 14 127 220 190 42 80 185 249 99 104 182 145 65 238 244 49 189 58 159 227 144 159 138 227 188 101 62 241 107 154 51 125 181 110 124 100 113 83 134 183 133 125 80 112 51 175 239 61 27 168 31 184 163 13 71 
37 95 139 6 71 41 67 191 57 53 121 41 192 227 89 156 185 121 138 141 24 10 170 190 101 40 73 171 219 226 26 213 116 98 14 76 177 49 193 46 106 202 36 130 192 232 138 234 128 243 136 245 141 110 118 3 41 
96 10 70 106 109 231 91 207 99 29 89 176 149 29 161 185 105 45 210 1 221 138 30 134 115 188 69 51 75 143 82 174 149 227 88 170 87 44 246 62 211 81 241 169 2 123 68 130 238 181 99 94 245 91 112 154 36 
72 245 194 80 101 143 82 21 83 69 190 219 73 247 19 125 146 175 39 99 169 242 215 28 19 24 62 111 193 142 68 132 70 125 38 231 34 209 170 172 202 190 142 20 12 216 8 133 151 31 131 114 15 102 47 190 191 
111 211 191 233 52 173 116 144 0 89 230 207 128 178 60 226 110 210 250 167 177 143 182 47 225 192 5 182 185 73 171 65 112 242 100 16 156 70 141 9 220 207 42 82 132 90 204 189 137 144 131 53 232 215 107 209 82 
48 217 83 250 29 17 179 19 244 40 28 130 11 66 139 141 158 8 109 61 113 202 15 189 36 45 36 31 43 114 150 100 173 49 62 88 115 160 49 145 63 197 231 72 208 163 179 4 148 77 107 238 207 139 176 204 31 
227 65 187 43 184 144 62 200 57 208 202 123 2 223 225 241 16 7 236 191 165 66 124 249 37 226 25 70 161 58 88 153 141 7 199 5 64 246 122 161 145 46 181 160 182 11 112 66 161 227 231 220 48 16 117 203 9 
60 16 220 96 236 133 74 34 100 22 62 165 173 187 161 14 131 196 65 31 97 30 33 95 122 18 106 74 181 161 131 67 181 115 197 145 155 145 189 193 30 108 192 19 53 122 70 1 102 191 136 24 116 223 214 203 75 
202 166 61 117 39 226 110 19 84 184 199 169 41 184 93 210 10 237 183 97 140 126 169 149 152 176 142 238 176 115 43 21 68 51 104 23 205 68 52 224 240 174 74 80 50 33 161 76 116 178 98 159 61 189 67 109 160 
120 20 191 169 143 207 147 183 35 34 94 53 215 74 197 146 41 112 64 81 3 14 24 221 108 153 140 19 155 181 152 217 124 15 128 40 241 208 114 9 186 70 204 61 151 71 27 207 248 81 201 29 172 151 152 246 29 
85 131 199 168 240 58 61 7 213 229 2 161 31 209 160 73 56 163 38 49 155 171 234 115 38 245 47 21 1 43 136 57 56 221 198 112 139 98 95 105 105 216 165 69 23 187 73 231 133 83 51 219 229 7 243 142 142 
147 203 74 88 119 131 36 172 214 217 157 15 80 126 72 118 160 235 178 136 55 125 145 22 153 3 238 158 199 66 92 205 163 23 166 94 55 128 141 27 22 91 117 25 23 165 230 176 151 127 104 146 112 46 143 140 28 
176 231 132 23 118 123 137 80 74 182 77 25 239 70 209 80 250 220 167 100 139 187 137 230 228 101 158 193 45 169 93 68 151 127 20 241 0 233 119 245 64 154 219 89 168 207 178 89 172 36 1 48 115 201 179 181 100 
174 2 181 198 48 163 176 107 188 21 86 134 132 215 142 211 91 231 60 41 141 184 30 168 19 71 7 27 203 17 18 59 141 108 237 175 50 155 150 31 127 199 222 175 207 148 46 18 78 112 4 179 39 44 9 245 151 
82 115 69 234 201 225 164 232 209 208 13 135 151 83 35 172 242 212 72 112 14 219 240 207 149 177 24 94 165 87 247 153 0 119 25 96 167 238 126 116 15 167 111 175 171 139 234 122 211 49 3 169 67 213 100 201 230 
111 223 236 47 141 84 128 120 121 233 33 104 16 193 35 41 145 134 174 21 40 2 136 2 123 154 238 175 92 120 219 224 171 169 36 143 48 144 217 97 186 91 210 90 59 92 24 19 58 179 159 191 86 92 61 22 227 
120 168 172 58 132 201 49 161 47 52 223 129 107 1 202 221 63 128 226 49 59 239 39 148 71 94 79 43 30 111 153 144 125 232 195 50 4 222 81 227 83 12 193 196 110 16 105 154 239 138 130 26 178 228 32 8 10 
218 114 183 176 131 192 236 234 133 172 198 25 3 0 238 32 78 94 142 61 186 54 6 233 188 250 10 111 207 149 202 23 12 19 224 43 217 72 170 139 103 157 82 179 24 142 100 234 88 201 142 93 90 171 52 168 247 
70 94 241 66 213 245 143 161 81 217 64 154 141 16 247 8 151 106 53 212 193 94 147 49 63 151 98 183 194 153 201 152 99 32 164 213 111 174 163 161 177 210 9 206 77 214 54 142 119 147 179 27 195 35 96 191 206 
51 63 178 53 14 36 249 103 52 170 22 56 188 154 115 215 214 67 12 100 97 105 57 24 203 25 235 123 52 170 195 135 61 28 178 142 22 103 167 200 74 99 208 21 168 88 236 92 231 14 174 118 215 94 208 25 147 
48 25 205 154 68 66 67 132 169 17 154 53 96 76 228 40 212 102 29 133 155 159 189 186 231 247 103 107 118 5 22 111 190 50 210 85 186 211 58 26 81 52 127 136 120 67 26 243 250 244 16 54 155 87 217 218 184 
241 135 68 160 140 188 139 71 250 185 147 71 249 229 229 165 24 6 68 61 0 3 182 183 45 234 221 70 50 145 222 195 62 55 195 67 229 237 96 12 93 221 79 80 60 2 226 5 176 68 161 216 58 63 189 92 175 
201 107 62 91 102 0 68 141 20 6 60 225 42 90 148 156 193 182 91 66 173 0 92 189 72 35 34 148 192 17 226 62 200 246 136 108 19 104 72 233 246 153 29 139 244 88 209 110 63 71 142 50 93 14 157 102 146 
87 189 147 119 39 101 207 22 58 146 224 130 38 80 90 51 62 42 134 96 248 72 192 7 18 68 172 237 53 38 166 195 106 173 1 225 200 250 107 118 123 179 237 218 196 219 195 171 12 227 0 97 186 187 59 249 136 
95 177 239 235 150 77 150 90 172 102 30 191 80 139 133 73 213 45 106 144 231 160 83 162 93 26 201 71 248 12 200 121 118 161 124 126 61 33 51 104 115 143 143 189 67 58 155 134 46 181 61 172 236 201 154 6 28 
174 95 221 176 112 240 81 65 181 229 7 126 241 61 131 1 120 39 146 80 96 79 240 84 208 83 151 218 87 49 58 85 157 45 151 109 78 236 61 42 250 176 157 188 113 186 234 94 247 210 146 249 52 28 174 40 166 
210 234 95 58 108 159 37 77 219 81 77 127 214 65 112 56 12 129 20 69 124 120 62 138 132 151 40 179 74 149 225 83 68 66 61 119 58 132 182 76 243 103 168 43 66 84 73 151 78 97 121 159 43 19 248 246 101 
125 15 236 176 189 140 110 67 57 176 90 114 42 200 234 216 217 19 96 39 166 127 187 220 164 15 169 65 64 51 154 171 159 29 217 3 242 167 85 161 33 16 96 103 102 44 222 82 113 236 44 31 28 194 134 171 32 
150 69 161 53 245 199 5 189 147 105 206 171 102 243 59 168 193 185 199 241 194 174 115 151 146 106 165 77 109 109 40 35 13 216 164 216 1 161 215 64 203 181 57 46 90 67 93 179 193 154 144 159 99 219 222 34 160 
36 173 125 110 202 226 157 250 7 126 92 3 217 228 160 206 68 62 141 236 175 49 40 47 63 140 148 26 25 117 209 56 248 248 203 111 61 54 8 182 142 205 146 85 81 70 249 53 111 196 93 222 109 223 162 207 33 
247 218 63 102 38 55 150 206 69 136 96 87 15 250 142 88 232 32 232 115 185 191 3 190 147 12 38 218 120 162 238 72 108 69 57 44 31 156 50 35 193 60 47 71 250 237 207 218 172 108 185 222 215 46 92 82 206 
195 231 17 114 120 30 108 161 63 53 160 242 52 169 5 36 72 13 117 143 32 0 205 30 232 41 83 247 104 98 104 77 13 21 122 100 138 220 102 69 226 246 136 3 74 125 156 246 152 209 8 68 74 118 155 175 185 
193 28 164 98 170 51 219 233 0 233 49 109 32 219 59 205 198 184 69 207 89 232 170 87 30 56 130 108 174 228 233 197 243 64 120 168 65 128 64 200 153 132 236 11 197 224 82 163 45 195 233 4 214 67 186 18 31 
114 211 130 232 185 60 44 140 26 239 87 38 91 235 67 211 225 2 88 129 79 163 141 65 5 171 217 201 96 46 136 17 60 246 163 0 174 59 146 250 106 36 121 173 73 185 85 248 223 179 47 22 76 74 163 32 20 
2 173 87 159 88 109 238 83 224 194 163 180 44 93 213 2 229 154 0 114 77 105 126 231 3 112 227 17 67 33 219 203 123 250 191 206 210 12 38 242 17 151 217 109 168 8 86 78 184 201 168 76 224 148 250 112 47 
215 3 37 61 70 103 198 214 50 168 49 222 160 172 183 33 181 169 60 219 79 218 182 83 86 154 116 107 141 145 165 5 208 116 68 148 85 172 57 54 171 71 96 128 8 234 217 211 82 4 0 117 91 106 102 236 92 
93 205 234 208 111 147 35 93 221 126 114 196 24 219 227 94 87 211 230 12 145 27 167 43 163 186 213 53 0 81 75 221 80 28 1 50 181 246 240 94 173 150 87 208 198 110 75 42 57 93 74 20 242 44 237 60 108 
