97
207 126 172 219 12 160 23 161 102 131 56 132 233 216 97 53 236 3 189 85 52 244 53 27 118 167 128 39 174 223 200 143 152 240 193 22 109 162 118 73 81 52 21 96 90 215 203 216 72 125 94 1 159 237 77 22 167 229 202 170 36 12 113 181 177 145 246 101 128 150 222 35 162 95 154 7 211 117 178 69 141 109 80 86 25 7 218 159 163 7 154 15 242 26 184 197 239 
236 26 58 177 186 115 147 31 150 199 244 241 98 64 154 32 54 159 74 92 117 101 218 135 246 54 133 100 21 201 31 192 172 234 70 208 184 173 78 139 181 214 240 131 80 196 98 222 3 76 77 166 207 244 194 66 210 56 67 37 191 235 116 51 6 140 55 141 98 97 206 228 156 178 39 247 24 49 76 58 66 103 247 19 4 191 198 10 234 105 179 26 114 228 82 232 66 
118 181 218 128 236 182 220 215 5 234 37 38 246 86 110 61 168 35 247 244 148 204 18 248 46 157 182 68 108 219 164 67 16 223 165 192 51 45 199 213 9 17 66 84 186 13 76 46 242 78 31 119 184 247 55 97 104 214 75 103 93 53 225 36 26 67 115 66 180 149 27 207 249 16 203 12 55 9 81 41 109 16 71 148 242 116 82 106 157 195 23 55 62 3 122 23 158 
62 147 210 212 129 56 132 86 78 214 219 141 140 151 148 93 57 3 27 42 41 240 39 36 233 108 136 235 231 34 89 159 58 225 98 60 168 23 169 130 222 208 8 14 182 85 158 122 242 244 187 62 233 134 177 103 83 3 25 7 21 57 144 90 97 202 217 232 59 87 25 128 94 176 202 39 78 192 32 192 190 108 22 5 244 40 235 37 189 38 212 205 166 16 244 17 213 
178 50 108 14 88 232 148 193 149 218 82 229 220 85 18 131 122 49 179 90 69 64 245 181 19 219 134 155 122 153 29 218 49 60 186 109 154 11 85 226 1 207 97 72 36 66 177 56 162 171 24 0 52 146 54 249 144 133 143 66 94 69 47 235 147 237 64 144 32 222 205 196 91 184 242 12 63 128 113 155 242 221 58 131 56 150 163 129 154 44 197 183 98 10 99 224 129 
100 104 87 89 51 48 125 218 180 166 231 39 220 41 139 31 206 249 116 42 157 149 216 212 124 42 8 199 178 17 31 147 15 46 182 129 212 176 187 98 3 195 192 43 0 79 112 235 36 4 239 81 210 196 165 80 190 231 239 94 50 16 89 47 73 19 66 60 8 2 38 156 99 76 85 148 170 247 54 228 106 226 225 200 33 54 119 243 132 14 180 201 14 192 150 173 122 
185 113 206 205 66 220 53 233 195 140 213 82 234 186 227 83 46 134 14 111 130 31 105 98 96 187 87 243 14 149 191 11 125 212 118 165 34 146 152 116 229 185 110 25 179 24 124 236 143 174 59 121 137 57 238 5 71 127 84 76 2 103 173 71 151 220 141 236 189 111 234 141 118 139 135 12 95 56 93 161 250 70 199 96 64 123 15 209 44 31 231 104 195 159 209 124 82 
169 147 245 211 108 191 100 70 240 9 188 222 200 134 217 69 234 209 80 37 98 245 21 126 1 248 67 125 16 157 154 14 57 31 207 243 132 112 119 221 85 35 233 230 81 69 113 99 208 23 19 87 120 3 249 223 146 1 226 162 139 84 198 181 59 34 4 54 236 234 43 34 186 49 143 131 216 171 45 102 149 12 209 124 228 121 182 174 151 93 181 142 187 101 204 162 98 
203 27 169 70 54 157 103 51 130 171 217 114 151 180 187 235 176 215 132 1 239 237 7 53 167 193 84 234 142 177 250 0 17 144 229 59 71 245 64 31 51 76 229 85 234 59 163 1 169 19 170 0 87 59 82 213 34 101 139 185 68 73 119 140 205 145 161 70 187 153 214 83 179 64 134 29 39 130 167 192 79 250 226 177 23 19 245 49 176 0 52 153 10 149 191 51 63 
43 57 40 248 46 236 229 103 221 114 15 201 82 150 236 22 14 131 129 93 5 189 46 8 97 121 4 139 137 84 94 242 241 90 190 241 137 224 125 188 50 188 97 224 195 166 174 188 143 245 224 234 106 128 71 192 111 55 67 24 243 207 3 60 224 90 7 116 186 150 157 117 65 110 73 131 140 19 209 52 95 73 19 239 60 74 16 102 0 109 232 67 94 99 41 190 140 
171 210 150 126 51 179 37 6 21 71 59 143 75 26 250 3 2 224 112 113 148 128 195 197 110 162 48 125 86 126 54 97 181 177 149 36 139 67 129 146 196 165 102 192 23 192 130 3 127 211 204 53 129 166 54 98 68 52 70 203 3 231 129 241 192 20 24 116 113 47 229 173 63 240 92 4 172 233 132 173 50 60 34 226 54 74 181 157 207 98 118 204 195 121 146 20 241 
209 20 130 110 21 23 20 103 64 201 231 148 186 119 54 94 225 59 180 22 107 245 94 241 226 209 167 249 236 86 17 59 179 110 75 189 119 104 40 120 139 32 79 100 247 99 164 17 28 19 145 63 198 18 243 91 53 209 86 148 83 232 71 187 207 93 0 164 227 93 10 86 135 132 204 42 93 162 71 25 216 158 85 234 122 123 151 108 116 189 205 89 43 131 203 8 239 
36 223 40 6 28 167 142 28 55 150 234 199 242 127 35 161 29 69 161 125 244 239 51 18 192 72 10 235 78 12 97 110 200 51 61 199 10 50 121 217 73 168 82 201 246 99 125 20 36 113 2 110 102 1 80 223 33 75 239 201 75 180 195 115 36 37 226 250 90 65 26 92 231 193 238 215 40 175 70 232 83 78 139 217 200 128 177 152 203 1 24 83 91 12 130 187 141 
66 202 27 199 84 88 114 217 134 158 247 246 50 180 166 5 216 82 16 53 15 94 99 160 75 218 141 70 150 113 233 29 145 14 107 67 78 6 123 133 81 185 145 249 94 201 100 94 80 100 124 184 72 114 185 214 142 27 232 25 181 209 244 109 107 103 122 118 29 9 137 217 179 1 170 3 232 233 201 40 166 98 188 58 107 202 139 200 87 46 177 41 130 188 0 143 155 
81 227 5 151 22 7 53 168 194 200 30 188 220 38 71 116 246 26 134 71 94 233 152 159 11 87 113 236 58 242 182 201 119 2 127 189 58 8 145 237 155 56 150 36 0 194 59 136 12 63 245 66 74 0 83 14 65 215 51 49 166 175 102 18 183 9 196 194 179 61 222 18 246 186 155 171 7 190 1 63 67 176 41 139 222 67 133 149 11 139 32 181 100 120 117 161 145 
102 246 151 78 43 210 247 162 246 156 120 218 154 28 192 229 35 162 28 208 124 122 155 14 121 157 64 114 245 45 147 224 118 177 23 97 0 6 165 193 50 236 125 18 140 215 133 94 6 86 152 242 31 200 0 65 26 218 95 200 26 179 3 179 244 45 66 117 105 100 192 243 13 122 213 183 237 222 76 35 214 28 153 239 29 250 64 75 11 32 227 64 136 88 185 74 199 
207 184 189 231 78 224 129 247 164 132 200 120 87 94 133 6 117 202 90 220 32 99 59 97 162 86 7 48 246 102 83 204 244 165 219 18 105 144 75 56 199 152 84 191 54 81 174 225 32 37 84 114 83 40 243 153 8 76 28 233 222 228 233 13 187 127 158 142 67 156 95 230 173 92 71 236 213 174 29 196 33 123 235 190 85 49 121 155 65 246 165 179 42 46 214 24 120 
42 65 49 229 103 115 157 222 11 66 221 45 203 1 233 89 113 158 7 0 55 114 212 242 128 187 125 192 111 143 67 55 3 241 42 52 140 233 199 126 77 111 191 64 44 64 121 140 175 129 126 127 90 247 80 0 31 160 13 97 115 83 226 130 150 159 170 137 0 54 187 117 50 196 199 15 11 86 237 99 119 124 178 44 23 16 80 3 174 222 75 22 176 145 182 48 217 
248 53 95 75 0 144 93 106 33 61 159 79 227 59 99 183 238 146 118 77 17 147 106 169 135 223 124 224 205 10 132 142 82 93 82 32 233 101 237 116 122 1 217 48 142 73 176 202 20 169 123 194 58 159 34 165 101 124 44 123 8 54 71 92 30 138 160 92 221 228 181 64 11 115 189 69 146 118 129 105 217 106 66 95 30 10 131 120 39 136 117 118 166 54 96 135 186 
95 205 127 194 46 6 224 132 55 237 172 232 10 203 188 184 40 163 95 78 143 151 145 215 10 181 199 75 42 20 45 89 63 62 17 142 205 198 28 183 20 65 48 28 147 131 163 175 150 81 74 147 216 215 31 184 173 167 158 235 53 54 202 49 69 122 185 213 199 52 18 38 44 129 31 112 57 61 97 222 210 133 114 3 227 150 86 92 101 153 13 36 155 238 164 49 181 
129 10 223 75 80 199 128 54 124 60 0 164 165 98 151 226 17 142 133 8 85 88 192 188 95 173 229 33 10 10 61 2 71 212 108 142 9 55 12 109 105 69 190 134 82 204 78 221 137 246 172 72 160 52 13 5 214 71 142 53 24 134 173 14 87 174 20 153 117 98 12 46 34 138 198 215 141 18 13 10 66 193 44 103 213 98 186 187 169 157 31 247 212 63 11 243 32 
87 216 85 144 54 154 133 124 12 146 167 47 212 21 148 64 108 38 28 186 119 193 102 83 84 19 144 154 205 35 1 179 75 177 145 167 243 115 77 46 138 232 174 226 144 249 243 203 21 159 141 51 176 189 18 99 43 79 207 172 228 128 60 209 117 249 124 126 171 124 116 195 64 173 129 72 221 67 52 108 44 62 37 35 224 185 5 218 161 92 22 229 195 206 121 202 201 
3 79 133 119 245 2 175 182 104 26 180 47 81 214 182 131 170 244 244 180 210 94 189 120 105 146 75 114 19 194 71 245 33 67 5 197 145 106 66 104 58 133 37 236 10 173 247 115 237 181 86 58 238 222 232 212 84 96 154 249 160 242 203 187 122 38 178 10 162 190 155 121 160 37 172 151 67 69 244 95 80 243 161 1 36 179 27 1 166 56 230 228 165 33 174 107 109 
121 9 180 242 33 32 56 15 171 69 39 133 98 142 207 143 106 148 207 207 113 75 219 168 13 65 101 78 237 188 170 130 190 141 25 171 55 46 103 121 67 250 26 26 22 1 47 197 233 44 32 29 159 189 150 120 189 187 189 173 222 227 95 178 120 117 178 128 214 185 77 77 20 153 70 170 98 99 226 27 40 118 24 129 65 185 167 0 175 79 220 201 208 22 14 140 16 
241 163 8 30 91 137 168 195 188 102 126 73 178 92 175 33 96 210 161 174 68 38 41 25 20 80 177 189 231 74 17 26 99 58 221 26 14 167 203 211 119 235 177 36 87 123 68 241 119 42 49 157 203 161 192 191 170 30 163 115 69 174 160 162 142 20 37 40 225 233 47 93 83 122 178 172 23 223 109 35 240 248 179 167 122 84 127 145 92 63 195 37 17 248 179 111 220 
154 102 100 26 199 94 239 230 17 56 20 214 236 109 221 218 158 176 63 53 232 107 77 128 234 136 75 130 172 15 225 70 68 109 24 179 174 147 152 3 150 184 131 165 20 202 33 247 167 1 101 151 152 247 158 121 66 1 28 60 84 233 200 197 47 245 123 162 222 136 93 205 92 3 95 31 197 158 3 69 10 78 31 95 121 224 234 197 227 99 0 85 174 226 132 171 146 
51 11 153 38 206 228 84 107 203 44 167 153 237 190 48 92 114 5 230 82 236 157 91 211 84 231 217 105 116 229 26 134 19 4 28 166 78 229 25 117 222 102 64 180 203 132 28 65 200 99 127 142 125 13 38 237 177 233 184 125 25 21 85 125 49 206 128 224 166 102 236 174 99 42 104 55 65 229 1 214 210 3 18 31 55 57 220 115 185 29 179 99 27 97 19 119 168 
125 178 44 220 245 29 114 173 16 196 218 233 164 25 121 76 30 109 129 184 66 166 137 223 161 25 199 180 128 5 199 109 107 188 19 127 11 36 147 11 28 153 142 120 174 141 178 245 132 29 161 141 11 88 174 142 41 90 183 193 216 64 183 121 80 8 162 162 14 38 57 78 61 77 77 132 207 49 28 26 186 169 199 101 73 156 52 184 137 48 236 139 182 130 20 32 7 
220 171 104 228 77 32 243 127 230 142 173 26 196 134 167 131 23 98 182 210 135 228 205 65 169 54 142 177 1 82 162 168 166 180 22 74 67 66 231 74 165 50 205 107 167 100 226 242 42 201 47 187 78 7 106 160 176 70 133 28 21 162 22 234 248 152 54 106 141 81 163 247 231 69 96 122 103 81 141 79 76 96 153 104 65 20 60 219 26 177 239 211 232 67 228 246 111 
38 37 64 43 21 196 232 149 138 144 57 218 29 80 229 93 81 9 159 208 1 28 28 106 161 186 91 156 222 8 11 140 166 134 216 192 104 242 81 5 144 15 8 225 244 44 74 129 186 226 157 155 227 175 211 116 9 25 158 153 183 250 98 159 234 133 165 27 24 128 242 130 166 54 19 214 142 71 245 60 122 79 73 199 102 165 13 239 153 48 247 96 200 44 89 83 154 
172 193 106 70 22 117 110 126 200 85 58 145 107 12 234 45 32 64 56 17 176 128 206 33 58 85 97 143 246 117 23 54 151 14 120 234 72 202 197 159 75 17 237 186 201 105 155 62 181 118 207 188 72 56 41 13 239 171 124 207 217 96 110 196 55 44 33 126 215 226 229 151 172 201 61 137 121 178 201 72 111 59 138 176 228 173 107 204 120 38 7 56 152 186 144 73 173 
234 248 61 6 71 83 30 142 125 46 191 75 33 122 76 89 127 6 226 90 183 4 207 184 69 63 147 155 210 88 18 242 230 244 42 46 81 160 247 90 227 148 65 59 17 4 202 52 53 71 48 108 233 30 162 249 18 164 3 172 130 195 6 186 173 19 141 184 180 199 165 97 220 23 65 222 237 198 149 19 40 70 64 230 133 126 58 147 72 2 79 31 225 243 241 107 51 
169 36 114 178 167 21 121 88 9 192 95 216 218 228 156 94 109 113 218 57 234 93 35 238 127 106 132 97 99 22 107 162 133 215 2 171 150 145 118 59 174 174 39 152 170 81 173 40 173 40 218 84 15 232 165 40 191 5 18 143 90 29 129 46 175 49 21 110 177 80 36 39 60 141 126 20 79 161 243 194 30 187 118 23 140 101 135 224 69 109 1 160 103 78 39 12 172 
41 186 229 60 121 177 66 209 138 5 201 201 141 241 179 36 97 28 28 122 178 140 225 159 96 138 121 8 22 80 112 142 55 61 146 219 247 224 219 161 70 198 225 148 172 2 3 204 57 36 44 118 135 10 192 134 243 214 51 71 86 94 97 154 9 169 66 72 102 249 57 70 64 17 13 71 176 28 105 133 86 179 11 17 6 45 54 67 162 249 233 112 72 11 232 196 141 
168 18 64 78 131 201 69 6 56 84 44 171 215 50 183 241 92 85 130 190 172 13 185 147 91 201 211 102 201 76 186 16 216 58 139 221 234 19 8 64 53 43 174 213 193 20 147 227 178 65 248 248 34 190 150 195 169 29 54 73 201 64 92 201 230 231 227 95 66 4 104 73 198 165 207 183 126 225 155 223 172 167 152 238 212 105 161 196 84 231 106 136 113 122 80 10 24 
144 159 237 234 38 243 26 236 101 125 136 55 3 24 196 82 190 62 144 158 13 157 114 61 89 174 31 78 42 150 41 176 218 151 214 117 42 0 30 51 14 69 247 248 151 55 24 24 224 229 58 87 156 108 138 191 36 59 112 33 140 65 214 81 190 241 203 116 227 181 64 245 63 136 41 12 180 239 241 203 69 98 39 64 19 213 7 188 118 177 128 180 210 215 49 89 190 
243 97 114 186 146 140 148 132 79 97 22 181 74 217 102 56 26 56 225 44 175 118 166 55 203 183 176 234 235 239 135 176 151 192 29 207 122 196 98 117 212 83 249 199 43 179 22 156 106 65 121 106 203 11 40 88 119 168 234 222 77 229 58 236 62 90 16 214 76 47 79 49 7 244 184 165 189 224 181 175 68 134 100 142 86 111 98 115 153 71 134 57 31 11 81 155 80 
161 20 41 106 73 171 111 148 117 79 79 56 75 224 235 86 184 198 110 218 124 44 11 81 52 230 124 48 123 127 71 74 60 147 154 232 141 84 194 138 86 102 24 119 123 119 75 17 179 239 219 10 85 153 60 27 196 163 51 248 228 13 176 230 207 13 239 148 249 170 103 98 135 65 63 167 38 2 205 228 23 71 5 77 185 221 204 172 70 65 97 138 227 159 109 120 238 
26 30 247 220 54 130 73 192 88 191 196 196 127 244 211 122 184 245 62 106 56 175 9 154 117 95 223 214 59 164 71 170 140 239 11 7 81 45 101 112 153 89 172 43 43 115 119 107 163 121 216 175 227 126 164 214 62 149 205 214 246 186 179 81 181 24 161 62 176 99 236 73 26 144 92 248 77 154 127 181 244 163 99 15 186 212 183 165 204 138 20 231 69 10 144 70 229 
125 120 205 101 160 45 139 247 97 223 193 56 100 159 215 77 71 44 34 79 246 71 237 169 161 19 39 30 51 102 34 160 118 3 247 98 221 26 38 117 103 31 77 227 174 216 152 129 23 101 123 41 60 72 86 172 181 106 126 179 122 154 155 54 244 116 7 216 102 105 121 192 194 225 66 171 87 214 177 48 129 131 155 58 5 160 26 247 128 129 97 13 172 179 91 190 198 
120 45 109 221 30 105 238 30 102 71 130 115 170 191 89 105 239 31 214 0 188 79 115 102 221 200 244 6 0 209 176 220 36 171 81 166 83 131 136 160 67 130 145 30 182 203 242 111 197 121 192 42 20 128 78 157 69 182 65 150 235 182 221 29 203 80 57 166 216 132 205 137 215 106 160 190 150 101 105 23 114 92 183 39 47 175 185 187 238 135 55 68 104 32 75 45 54 
207 118 18 137 151 183 131 141 131 60 57 217 59 236 242 106 165 194 77 131 151 63 200 29 154 222 108 5 242 43 182 180 179 179 129 62 223 44 248 96 135 64 55 17 85 37 96 62 143 137 108 25 30 33 99 79 0 112 89 207 106 230 225 231 241 54 234 222 2 185 89 5 147 169 121 126 48 36 22 67 63 75 31 238 215 111 94 11 71 183 4 102 68 174 16 18 57 
101 167 104 149 249 211 192 199 182 57 32 75 244 152 194 15 76 136 112 50 215 82 32 99 160 145 121 237 190 214 110 170 79 200 195 127 85 188 96 46 101 115 243 107 245 197 143 38 88 208 55 219 47 115 235 186 113 243 152 98 93 176 66 14 166 128 125 5 193 194 133 37 216 163 29 36 221 171 135 28 17 1 83 199 22 108 250 74 14 13 122 18 197 217 50 47 92 
40 106 235 235 121 31 6 97 31 207 217 127 113 53 151 100 157 18 134 21 2 213 140 209 222 126 65 134 36 133 116 118 68 248 174 186 226 4 79 21 176 65 246 192 173 0 51 198 176 128 135 45 24 73 216 81 78 248 126 57 57 218 15 173 108 154 142 26 111 234 242 234 117 77 160 224 246 125 185 155 135 68 47 120 111 237 170 209 75 11 229 126 156 161 207 152 235 
168 221 98 48 229 164 220 162 132 23 88 125 47 79 35 200 124 32 98 52 169 230 28 244 18 7 93 222 87 180 77 202 175 128 174 21 111 155 97 230 76 64 3 37 12 205 218 117 46 173 56 136 103 209 105 170 99 234 239 188 36 76 195 95 184 48 90 217 37 127 207 17 12 171 228 231 42 236 70 145 162 84 179 104 217 1 204 142 98 37 100 178 41 0 182 70 111 
190 47 19 97 190 49 239 116 213 3 145 13 43 89 147 11 149 40 188 19 86 135 65 134 131 68 212 223 237 92 25 204 111 68 212 58 249 210 195 175 179 51 7 45 191 27 188 235 242 228 9 9 128 26 219 118 206 200 201 38 47 105 138 27 95 211 88 206 141 133 91 109 212 43 105 13 12 241 179 169 180 250 231 181 48 167 217 95 84 17 51 93 33 56 130 33 110 
193 68 8 177 17 53 35 134 21 231 154 68 199 250 154 243 22 43 192 145 186 215 244 180 223 28 191 233 226 104 156 183 58 35 201 63 144 239 193 134 181 94 59 215 57 200 218 120 5 92 84 132 91 46 44 129 51 36 18 232 11 217 192 224 121 36 192 76 225 165 26 176 116 10 232 123 238 55 46 135 145 221 13 180 93 40 121 224 140 162 29 58 200 91 163 10 104 
220 64 232 199 228 12 201 108 173 150 119 4 103 49 220 33 58 198 177 88 28 208 219 112 192 74 54 99 133 186 54 238 127 226 192 131 56 187 221 16 84 201 210 109 96 184 150 158 121 195 148 245 100 21 21 173 81 152 213 52 187 199 146 134 177 31 217 72 56 181 60 186 145 116 239 128 207 92 160 228 250 177 248 83 121 149 14 97 91 185 30 14 106 90 236 52 25 
59 204 116 150 26 117 171 238 123 94 94 174 51 118 248 15 137 51 223 32 31 47 233 84 66 136 119 1 68 57 214 151 197 123 88 98 169 181 80 75 59 113 56 28 52 215 165 69 23 214 184 137 64 22 6 162 138 8 129 250 47 241 52 137 33 119 95 95 243 40 221 142 247 21 136 155 146 34 194 188 88 204 250 45 158 64 229 77 174 164 34 73 29 37 107 9 143 
51 79 165 88 80 119 40 238 141 146 84 86 30 53 8 140 212 8 237 185 229 60 21 138 54 45 223 245 193 76 146 153 118 108 198 140 166 241 131 15 219 137 138 116 202 138 240 236 153 48 131 157 246 57 246 9 44 246 32 177 68 53 32 73 63 121 46 52 90 198 29 228 62 97 206 46 71 58 60 212 143 56 74 89 11 230 186 56 18 124 221 37 33 100 8 166 241 
243 11 142 86 24 197 105 217 135 230 106 29 44 179 144 130 77 229 101 73 141 197 127 139 143 17 109 158 22 27 190 75 103 13 165 199 134 189 90 63 244 29 32 88 196 95 124 68 55 101 227 119 218 0 83 103 227 124 211 159 157 146 86 168 221 62 7 198 127 4 103 241 149 93 142 150 56 91 84 144 188 144 96 10 19 121 226 179 151 123 237 27 5 147 117 182 49 
70 31 68 50 135 141 47 217 161 102 186 40 22 233 197 86 249 45 146 206 240 245 101 25 246 36 210 238 5 121 215 123 68 41 10 221 60 244 203 78 36 234 129 79 1 126 72 249 124 12 99 26 182 131 210 212 216 241 35 44 94 241 51 71 245 27 121 247 21 56 165 116 113 249 55 140 187 51 74 181 3 181 57 174 191 184 127 198 146 63 86 215 134 180 159 178 56 
83 241 249 207 218 245 202 26 242 238 155 235 67 197 38 168 104 237 86 178 148 244 102 35 161 53 81 129 110 2 220 157 7 193 12 28 210 148 72 116 111 144 233 138 179 48 96 190 72 167 47 231 164 45 103 160 94 113 36 10 155 133 28 250 32 144 150 174 108 81 5 103 224 144 0 233 179 2 151 154 204 171 230 243 42 82 234 21 67 213 235 152 178 1 97 237 33 
225 79 237 217 5 10 181 142 88 181 118 32 209 99 249 102 222 140 244 32 186 17 235 166 31 101 144 55 121 43 156 187 155 137 51 168 208 199 163 229 54 186 199 245 65 77 119 198 178 102 230 192 192 166 141 48 166 34 162 14 66 186 123 22 99 112 15 98 128 139 223 60 13 235 153 8 7 217 36 203 61 173 248 156 180 233 232 211 38 27 137 164 180 113 155 113 201 
13 217 50 81 139 11 211 27 164 79 40 108 2 54 189 153 184 214 1 245 16 71 8 198 0 157 37 62 211 45 101 234 121 13 11 3 62 101 55 67 147 152 57 110 107 241 60 77 116 187 205 30 210 49 107 49 122 131 45 127 132 151 146 99 216 50 6 220 113 152 49 219 204 120 226 234 57 233 175 28 185 135 61 127 81 38 127 8 73 149 35 29 158 91 96 76 82 
217 53 28 38 84 39 111 176 122 110 195 42 142 100 77 114 177 24 76 97 43 7 135 7 229 97 206 87 125 103 36 164 34 225 91 104 126 82 131 184 145 179 228 90 171 158 202 44 248 8 2 189 147 222 6 100 41 4 173 161 243 41 25 19 25 153 184 31 52 110 198 70 11 58 98 212 73 63 231 237 82 207 204 51 109 179 119 158 159 199 108 49 219 250 48 86 47 
39 101 207 67 199 194 103 79 157 59 144 222 84 246 142 224 25 250 215 59 217 45 130 41 250 34 111 189 92 229 28 214 193 241 242 170 217 67 53 139 98 86 45 172 208 216 227 118 229 57 80 138 236 13 93 186 89 239 38 234 33 73 119 61 193 196 126 202 244 142 128 121 250 117 243 184 43 192 131 131 165 77 110 108 30 217 225 182 88 138 75 129 250 50 232 218 108 
127 172 106 89 109 11 190 213 214 247 80 211 125 9 31 121 183 161 15 172 229 199 145 1 146 178 229 213 147 125 239 237 2 35 212 162 152 116 50 236 50 27 217 15 28 236 96 90 179 215 137 99 18 49 40 112 20 242 61 151 146 152 169 187 64 112 95 156 1 172 8 62 143 158 205 242 204 202 14 37 45 34 205 92 163 49 9 75 78 100 167 248 187 135 202 115 194 
15 157 219 201 230 190 37 156 219 172 126 223 58 74 158 43 212 178 122 67 203 44 18 207 120 163 78 152 77 57 113 19 0 217 4 160 21 134 222 136 176 74 141 87 11 11 41 198 35 198 193 250 143 72 42 6 83 20 220 183 113 114 97 94 110 18 247 36 184 236 116 21 175 120 11 110 9 159 11 20 59 108 151 68 240 113 113 152 163 184 117 217 208 24 221 18 70 
227 244 176 107 228 201 117 40 43 85 183 52 194 140 88 170 67 157 152 134 196 143 166 80 190 11 40 233 73 60 175 12 89 172 201 185 83 1 40 72 227 216 143 126 27 248 73 37 38 12 229 213 164 174 237 113 156 122 1 102 111 46 239 238 220 28 45 78 189 204 242 126 228 79 30 16 139 216 210 109 102 138 113 137 94 43 236 5 83 28 189 130 142 173 33 72 178 
64 30 49 164 150 3 113 76 241 34 229 191 178 208 186 139 186 171 234 93 145 231 27 237 208 41 188 104 28 44 50 109 231 154 72 144 98 49 225 219 45 148 169 157 26 189 175 206 206 28 81 38 9 56 33 44 214 25 96 129 149 161 63 3 162 61 120 109 16 241 42 212 225 13 186 210 112 246 19 181 149 116 62 177 109 5 79 170 241 29 153 2 13 149 214 182 31 
234 73 120 44 86 125 152 34 113 204 50 82 47 75 176 146 177 180 16 156 2 231 42 174 241 179 0 111 107 113 248 148 81 38 238 28 114 93 177 186 39 46 43 131 225 56 20 201 203 0 50 201 76 229 199 249 242 101 35 5 170 231 154 103 42 122 207 55 64 242 179 100 142 50 105 215 38 64 109 201 235 87 18 149 248 159 121 220 107 236 155 66 130 35 75 209 186 
50 60 129 111 46 45 41 195 247 165 77 11 248 62 80 38 47 164 107 219 96 189 243 192 107 53 245 72 247 0 73 180 89 188 194 175 180 133 193 48 40 22 209 17 38 163 132 178 213 65 223 215 59 27 159 201 226 53 27 131 100 147 0 121 4 73 146 67 35 95 22 183 125 80 159 192 218 127 231 216 103 53 26 178 167 179 53 142 239 94 161 119 11 115 39 125 26 
62 145 64 43 56 133 223 213 166 175 242 70 198 33 3 64 165 79 236 3 190 118 182 8 38 91 95 242 30 113 114 78 228 223 37 24 141 116 247 183 121 147 12 157 183 171 129 187 246 179 13 235 94 98 205 98 4 241 236 167 170 135 214 116 206 9 7 232 211 139 111 98 142 232 183 139 124 211 47 248 52 157 140 145 208 119 121 240 21 217 163 220 28 64 61 131 117 
92 35 121 225 229 203 34 234 192 184 107 160 68 110 197 87 225 50 78 169 161 172 81 20 110 238 28 59 24 130 223 172 0 204 78 138 9 124 231 207 150 102 178 24 36 76 237 181 9 211 36 211 67 76 20 139 46 31 51 12 224 122 173 212 246 101 162 236 143 178 111 215 63 180 155 11 99 101 156 166 168 163 108 188 90 246 64 76 195 97 95 206 212 95 180 90 221 
169 46 155 41 158 246 249 249 92 3 36 79 42 103 108 155 34 172 59 38 120 112 193 48 91 15 236 81 45 218 167 120 15 145 95 72 166 26 154 49 119 124 19 221 118 71 78 154 118 85 234 91 237 105 27 49 64 149 195 187 241 149 3 24 213 175 171 52 124 208 108 8 45 7 189 37 176 10 177 224 185 157 206 58 234 140 229 39 226 24 194 60 39 1 184 74 90 
49 221 53 1 124 185 158 13 91 85 64 93 250 105 166 201 154 232 33 70 202 143 208 217 104 84 78 153 72 196 35 84 109 28 231 105 108 209 97 34 176 209 129 96 59 62 36 80 64 197 76 5 72 157 143 240 49 232 242 172 83 147 199 9 15 190 127 49 148 220 154 83 178 120 162 61 199 10 232 94 23 65 249 244 27 184 209 30 42 220 113 178 212 45 113 214 240 
1 97 132 38 123 175 162 137 167 103 193 237 90 223 130 100 35 57 76 29 203 204 127 141 207 242 121 52 206 41 112 132 100 42 113 179 215 138 41 158 225 237 215 42 170 154 229 219 97 41 189 211 15 32 214 204 154 144 129 74 187 68 120 240 225 87 122 202 103 235 41 74 166 6 147 81 209 177 209 177 19 220 136 164 212 196 154 159 12 248 114 134 155 229 243 80 97 
111 215 110 181 161 174 20 27 27 69 96 226 129 26 194 143 228 64 149 160 43 38 31 34 205 110 2 171 20 44 163 75 10 81 21 6 205 209 113 187 229 237 176 83 231 41 33 51 191 129 209 223 234 111 62 126 69 200 9 149 168 14 122 209 64 145 93 214 47 83 191 122 181 195 22 44 35 153 65 163 26 180 124 66 199 237 223 58 89 19 166 106 108 186 111 154 57 
194 20 42 62 121 162 7 19 145 59 95 121 119 128 135 185 5 2 206 212 1 123 67 250 91 46 36 69 249 237 49 228 9 147 223 185 177 29 242 98 21 45 36 249 22 62 10 45 168 64 21 103 220 217 222 118 77 231 242 182 27 89 231 157 147 166 34 249 110 203 171 38 186 1 82 143 10 43 143 115 210 197 34 49 188 112 198 60 138 80 239 207 235 55 11 236 244 
197 143 218 186 29 220 173 166 212 7 103 100 21 236 46 196 49 18 44 189 241 202 123 135 66 138 63 202 118 216 178 211 129 42 213 187 185 86 192 175 155 12 238 179 129 190 167 51 195 20 37 86 1 230 78 126 17 189 29 201 132 173 127 186 55 62 26 4 116 171 131 187 101 6 214 227 229 85 41 72 239 61 221 248 115 125 200 122 18 31 157 135 56 161 0 148 199 
146 150 10 52 92 174 93 99 207 121 181 7 163 103 34 47 230 129 105 227 39 184 128 89 215 10 246 165 15 121 135 194 67 79 127 145 247 102 33 92 75 84 78 111 28 125 24 241 161 74 170 192 205 56 56 136 235 48 97 218 227 94 31 70 131 219 155 24 29 123 33 190 193 57 36 239 109 157 189 215 181 122 247 80 33 4 224 186 115 23 22 155 181 112 14 80 169 
199 207 230 83 106 25 160 91 179 181 199 235 112 36 105 80 147 33 187 31 250 50 13 49 200 214 237 169 189 71 79 29 101 227 37 245 3 205 44 238 89 125 246 212 148 112 118 138 246 1 202 249 29 106 249 64 80 234 153 141 74 217 61 161 107 27 99 45 74 136 168 153 80 182 123 2 189 181 10 156 84 113 216 240 59 61 99 186 114 122 0 218 101 244 160 55 88 
210 129 236 9 168 147 186 49 69 14 4 131 242 231 218 225 80 91 214 16 146 96 3 194 145 186 235 122 231 12 183 96 90 120 215 204 222 115 187 117 96 170 180 94 129 105 89 128 190 21 212 79 142 184 162 7 182 31 187 222 41 80 231 127 0 134 239 163 37 71 77 178 29 146 201 12 138 201 128 43 185 246 245 153 163 213 73 168 167 162 94 88 136 114 195 128 190 
21 129 112 113 26 20 209 239 214 131 203 53 57 226 84 165 240 196 200 83 58 55 40 7 100 234 173 192 83 98 98 230 40 129 15 56 57 39 201 213 218 56 73 44 160 123 60 142 211 99 168 249 118 56 223 191 215 154 234 153 99 116 213 36 128 87 110 229 100 108 139 4 168 213 27 99 124 72 1 76 193 125 155 241 77 228 20 58 91 127 208 94 30 194 226 61 78 
111 156 194 100 185 141 1 57 131 83 47 246 130 9 58 239 130 245 250 178 17 0 61 108 115 99 8 70 170 76 193 49 175 135 29 27 160 146 230 54 110 46 42 2 244 87 141 239 145 210 231 214 29 59 108 146 10 175 109 248 31 84 168 136 228 16 29 71 160 193 210 245 130 191 56 219 227 23 117 13 120 166 198 140 221 142 97 44 162 190 58 72 224 76 78 133 149 
36 73 242 248 33 233 229 229 25 241 154 92 248 57 97 91 94 224 8 53 38 82 223 152 66 182 120 120 84 45 14 116 142 133 33 69 16 166 76 124 211 146 230 200 186 95 124 23 201 49 93 241 106 39 227 107 8 17 56 54 11 112 52 140 82 220 144 72 174 69 53 75 96 47 155 181 95 128 170 226 29 27 125 230 23 192 180 130 89 151 223 22 243 46 140 85 96 
109 146 23 194 44 123 242 107 40 41 72 49 226 175 120 111 156 216 187 114 27 141 101 61 196 29 25 212 77 148 218 34 145 177 170 226 82 131 202 247 84 76 183 47 109 197 175 156 248 57 114 206 123 88 22 70 69 88 103 142 154 79 79 218 242 181 133 196 84 214 216 187 90 187 95 54 234 102 92 79 128 41 144 114 118 132 61 23 161 138 17 26 150 96 250 220 141 
20 245 142 72 167 27 211 115 130 29 79 151 174 182 107 116 44 202 250 63 105 238 118 175 205 228 121 30 118 118 212 189 217 130 197 201 46 10 105 16 101 170 144 43 211 199 57 106 211 114 56 54 190 178 128 196 90 145 113 204 142 180 145 71 106 247 188 190 112 194 23 149 208 218 88 231 50 207 229 110 227 61 230 136 242 193 162 189 173 152 231 121 3 231 17 44 50 
218 193 171 65 203 57 94 113 19 182 68 187 123 4 38 199 109 182 195 37 101 4 30 60 159 109 8 106 164 158 42 92 226 102 100 195 196 16 31 227 136 234 198 10 101 233 169 1 20 228 223 110 101 132 224 2 241 183 115 83 72 52 218 158 73 221 68 193 85 231 94 189 134 50 225 4 30 193 20 180 83 198 21 235 155 71 211 250 230 237 61 150 145 129 53 26 215 
213 43 155 66 20 126 139 145 198 123 73 178 1 247 14 119 39 187 190 88 247 34 71 93 172 203 142 17 3 42 178 77 106 68 108 238 75 16 3 194 195 118 169 33 216 212 232 127 169 8 239 127 215 214 81 209 37 114 33 162 213 235 176 180 134 37 10 242 1 55 203 189 241 9 20 218 173 224 250 8 193 10 94 226 95 205 22 208 15 215 144 190 136 108 169 191 7 
29 230 108 227 117 60 189 226 100 202 65 112 228 148 159 9 236 96 218 181 77 174 249 241 111 36 131 143 0 175 112 44 171 145 93 41 146 60 124 193 128 126 181 57 139 26 144 237 231 1 169 12 9 57 176 50 250 99 115 151 107 222 127 62 247 125 238 113 51 62 121 107 213 76 154 138 174 233 215 175 18 90 98 135 37 170 52 103 117 170 234 16 32 204 131 226 169 
191 65 189 202 156 26 126 171 140 60 46 57 9 41 46 180 20 209 99 206 21 72 135 125 72 33 143 90 115 161 7 205 99 238 147 15 98 112 26 51 55 22 147 31 77 175 145 146 32 130 249 27 25 23 182 223 202 7 215 131 52 18 98 3 118 240 1 223 194 213 42 39 242 142 237 159 51 208 250 89 151 36 55 168 233 167 162 190 200 40 75 184 131 24 110 156 79 
116 19 106 103 96 169 242 185 216 232 248 191 211 182 199 76 3 102 204 226 205 160 147 57 167 66 11 16 186 104 117 19 119 244 171 99 146 25 118 4 109 151 172 179 98 16 225 113 118 224 62 125 165 216 177 94 133 11 164 124 97 49 50 44 130 194 153 44 63 207 100 231 95 169 21 202 47 84 130 90 123 154 202 73 73 36 224 56 67 100 177 69 200 131 77 9 151 
54 27 57 217 124 132 56 152 12 28 50 198 43 90 202 161 131 187 97 168 36 110 4 208 116 214 97 106 77 144 149 22 219 234 158 59 5 217 144 70 246 153 52 118 240 149 191 120 104 54 241 73 51 117 232 241 51 44 86 26 123 135 22 108 106 146 20 249 250 158 61 211 178 59 207 120 140 2 142 243 95 175 32 54 70 229 82 154 225 218 167 215 112 202 192 159 224 
192 72 67 52 48 158 166 65 98 105 57 198 103 173 1 144 114 230 61 115 214 22 15 154 86 227 208 79 202 107 131 243 121 66 212 70 236 140 202 140 172 47 3 186 208 6 183 243 194 64 177 64 220 179 33 5 39 140 76 10 227 0 164 109 244 204 185 179 235 236 53 22 11 0 118 208 142 32 3 144 228 22 190 165 153 162 234 201 124 13 158 204 221 81 213 114 219 
249 184 10 141 197 185 220 54 158 177 83 154 33 250 225 191 208 181 96 234 192 155 94 235 181 58 30 60 34 144 76 144 71 55 153 152 226 116 223 22 196 240 98 188 239 133 95 181 30 31 232 242 181 139 224 155 211 30 67 241 228 39 77 52 87 152 17 34 121 50 90 227 148 125 121 23 187 55 27 99 111 75 137 142 20 218 249 204 128 235 205 80 73 230 32 65 2 
42 29 180 130 31 56 177 61 200 65 132 71 35 229 217 79 85 43 206 166 244 114 39 59 18 83 188 68 33 175 131 68 226 161 230 75 207 128 76 34 75 123 96 223 53 175 235 101 77 69 154 214 199 69 178 134 30 221 105 230 12 164 35 249 187 40 64 59 113 221 52 17 219 72 151 151 241 223 139 11 93 173 32 23 163 14 232 46 9 41 191 165 3 204 33 201 243 
105 35 242 189 65 24 138 126 122 69 15 14 66 148 246 209 240 99 23 157 76 216 66 49 90 191 164 57 229 3 210 206 74 19 121 240 184 152 19 227 177 59 36 51 244 222 186 244 56 52 189 144 9 140 220 52 57 74 240 139 66 138 138 248 63 247 118 166 14 158 232 101 70 60 114 221 237 87 2 121 229 88 168 72 174 52 56 233 204 69 18 50 32 151 145 172 197 
180 178 184 146 51 10 102 182 114 216 111 46 135 43 33 84 122 96 241 56 38 178 120 64 23 64 80 146 150 185 199 6 110 132 101 226 172 23 118 3 6 65 35 20 236 213 245 152 112 12 35 141 62 166 169 27 194 214 69 52 233 218 38 242 230 154 194 182 212 155 60 222 34 143 67 131 67 246 68 144 15 68 168 200 4 38 181 216 135 4 91 130 171 249 69 61 32 
243 240 123 219 15 168 52 233 43 9 89 103 34 120 197 169 244 213 181 49 128 49 198 142 219 211 152 209 10 19 221 122 36 102 85 250 30 202 216 173 185 108 190 227 56 98 7 152 185 31 104 176 146 114 135 105 8 3 176 115 27 57 232 26 59 188 214 94 178 1 55 210 51 17 92 9 179 76 209 235 247 175 217 67 134 32 187 34 84 195 174 119 186 83 215 52 189 
3 246 55 7 82 148 203 62 222 42 183 27 217 99 113 249 204 171 185 196 4 17 122 81 86 206 50 46 221 173 176 198 146 170 56 5 83 87 108 156 17 123 159 211 247 227 247 83 231 230 92 171 51 230 12 184 216 10 65 17 153 15 123 76 49 231 209 17 137 204 65 230 46 171 73 242 244 4 237 162 4 5 200 186 218 199 169 125 47 208 201 102 158 172 151 144 186 
157 169 54 70 103 49 213 247 149 156 232 101 193 176 106 6 211 169 88 82 18 119 14 2 141 124 90 178 238 140 138 195 237 186 161 75 200 36 214 116 15 195 173 137 143 24 59 175 196 164 180 64 179 181 135 202 7 78 22 201 235 226 141 148 15 205 56 59 42 130 102 100 43 20 118 8 232 71 68 207 227 220 229 184 148 175 27 218 62 238 78 219 190 78 234 243 31 
167 228 39 113 22 239 154 164 223 14 175 93 31 79 247 51 232 34 169 217 30 78 21 15 95 99 126 132 121 58 67 140 73 85 221 216 45 204 64 21 111 181 156 171 117 2 176 190 5 207 157 247 74 163 62 202 37 63 229 63 227 26 101 9 125 226 244 133 99 131 119 45 185 12 106 200 219 219 73 2 36 186 129 172 189 104 86 195 73 36 188 68 41 30 159 209 41 
178 220 185 103 33 179 157 11 107 37 98 202 32 160 99 42 67 19 250 50 223 217 98 157 35 48 249 192 191 100 84 90 72 35 43 36 105 77 193 6 237 21 235 178 78 245 87 31 233 127 243 101 218 181 52 126 1 155 76 135 46 233 172 49 104 173 63 79 82 170 205 76 7 195 149 94 189 179 150 25 157 125 173 31 16 174 132 145 124 148 125 145 138 220 67 95 188 
216 155 1 85 45 63 227 30 101 221 9 173 211 3 149 153 231 168 108 119 96 162 219 57 250 23 82 110 219 1 80 229 165 176 95 115 199 218 228 107 118 74 21 0 41 206 191 241 121 193 16 244 119 160 70 183 118 46 203 122 191 116 116 18 180 169 156 134 119 202 210 249 206 61 151 211 106 87 198 126 192 215 7 178 83 125 215 183 144 26 142 42 158 12 66 238 81 
49 69 214 133 92 142 201 73 166 242 241 142 124 214 104 157 131 122 86 57 13 196 112 167 56 187 190 51 106 30 66 68 83 234 119 92 188 9 68 158 144 246 124 66 206 3 79 95 145 131 2 77 232 166 169 242 28 152 31 4 67 141 118 193 241 194 109 165 177 249 92 186 101 69 194 160 45 31 158 213 222 123 14 29 179 205 8 136 36 169 98 248 34 66 112 102 6 
