38
240 63 110 236 83 120 141 248 73 218 210 82 86 12 128 69 151 208 55 167 197 216 42 181 243 214 132 37 49 244 39 116 186 146 34 49 51 47 
101 120 224 186 236 247 230 73 182 9 172 184 56 36 230 196 144 3 189 178 76 64 70 13 16 216 0 38 174 224 112 83 173 213 6 119 147 94 
108 84 103 168 218 122 5 92 140 239 227 70 85 204 64 14 113 80 167 87 216 61 109 0 143 114 98 226 58 157 33 221 131 209 3 195 193 145 
29 213 224 121 21 145 212 12 143 239 101 32 75 207 193 8 200 119 116 248 142 160 185 218 27 129 127 30 224 103 224 35 117 236 233 51 138 85 
157 124 210 112 166 15 130 53 60 132 4 210 65 226 129 168 131 34 17 112 28 14 34 3 224 190 246 230 74 174 205 182 151 94 219 179 106 182 
11 203 204 101 67 74 166 53 128 128 150 231 71 238 234 86 178 245 54 54 120 71 240 46 53 153 139 91 24 146 2 184 110 111 227 90 135 46 
210 84 161 132 6 157 0 211 191 5 42 151 206 39 222 148 72 42 18 35 93 18 6 182 124 246 111 50 220 175 207 191 140 245 121 55 67 7 
183 44 44 97 133 79 232 3 23 9 15 191 115 163 160 235 89 88 161 240 161 122 196 27 26 226 118 40 38 105 85 209 0 158 115 125 203 203 
170 181 116 198 204 176 199 116 84 32 195 24 244 245 163 218 28 14 71 235 173 132 97 183 58 14 205 31 149 225 179 77 10 2 235 43 180 110 
27 12 100 28 123 189 160 182 147 218 6 72 29 74 116 103 128 170 89 170 190 15 123 113 199 58 190 95 57 152 181 37 208 145 204 147 244 40 
142 34 119 180 208 57 24 169 245 135 232 229 158 20 106 111 146 118 156 239 223 126 69 151 41 32 23 229 120 215 74 62 44 183 132 188 162 63 
147 152 177 168 4 247 118 29 30 91 28 59 69 145 195 136 29 210 37 67 165 206 75 9 232 213 51 57 205 27 173 133 229 120 19 130 213 230 
233 170 250 2 34 199 244 23 70 238 214 141 122 0 202 135 169 75 59 212 204 189 238 156 83 144 161 220 141 121 191 163 172 153 238 217 229 41 
44 122 66 33 101 106 135 109 139 213 111 215 68 235 112 204 184 5 117 221 130 4 166 69 223 138 12 122 240 93 247 206 247 82 131 95 184 243 
117 41 104 211 167 228 207 202 223 213 107 109 173 202 30 157 43 21 167 154 128 11 8 218 160 230 135 115 92 53 35 238 90 237 179 246 6 71 
184 128 14 163 110 133 166 122 3 250 16 1 119 14 192 128 172 87 163 160 177 185 189 63 180 154 140 188 235 107 168 78 162 42 94 66 45 74 
79 19 248 0 17 160 28 19 49 18 166 174 126 101 233 151 49 221 194 70 72 113 33 169 247 210 92 52 65 67 88 42 94 50 195 4 153 121 
77 132 31 236 198 79 135 189 4 6 227 27 179 117 35 182 166 109 26 19 153 21 168 6 85 169 181 210 207 41 93 5 196 214 56 177 216 230 
238 60 184 45 67 52 205 190 71 153 72 117 16 89 96 78 10 56 117 51 209 210 218 124 50 58 199 36 57 221 78 181 139 147 144 55 120 8 
119 16 68 156 183 247 210 7 95 163 165 148 209 121 108 6 101 155 246 81 221 88 238 241 164 105 186 0 121 173 14 167 216 208 214 17 149 243 
196 68 111 5 243 229 53 222 61 71 155 0 20 128 169 211 69 185 235 124 71 219 108 189 211 241 28 199 209 18 65 48 144 176 156 80 224 213 
140 234 138 225 42 181 138 208 18 178 81 198 200 217 166 205 59 211 215 161 209 154 142 29 135 236 59 127 232 247 107 242 212 95 80 152 189 106 
34 115 152 223 40 42 9 176 202 64 146 196 145 171 148 131 239 91 30 46 223 96 244 85 94 111 33 248 2 104 227 149 100 69 135 198 47 126 
114 104 10 5 126 107 214 65 89 229 13 10 232 18 194 93 87 135 201 24 102 1 110 187 247 70 137 21 68 117 177 122 71 47 13 204 32 230 
50 231 240 187 24 233 111 201 90 102 80 182 37 96 116 217 55 117 118 160 109 63 194 177 202 145 66 17 101 141 211 108 221 84 213 80 181 96 
171 153 17 217 165 151 207 213 210 215 207 96 85 86 55 26 79 202 35 29 51 103 173 247 39 179 40 61 26 38 184 181 94 139 156 11 209 96 
109 153 90 29 249 21 47 189 58 93 81 119 47 24 232 111 11 116 93 61 21 81 237 155 18 10 235 140 81 205 175 23 96 101 233 74 238 202 
141 8 11 74 142 40 62 200 248 38 3 35 139 33 145 146 91 73 12 57 197 5 77 65 194 162 68 128 9 31 79 59 244 185 48 7 202 94 
114 8 231 65 181 29 70 179 36 151 130 191 244 73 118 4 83 17 91 211 60 46 151 153 120 45 233 21 241 160 163 133 29 2 65 7 192 27 
111 207 162 40 142 179 7 90 199 160 236 222 58 184 164 18 9 171 18 71 42 198 165 17 113 19 140 202 157 148 0 96 17 213 95 83 248 43 
155 121 217 5 49 250 194 6 127 249 121 13 111 1 222 182 241 130 239 129 161 139 231 112 135 194 10 196 222 214 122 79 22 15 16 42 93 117 
148 151 38 129 127 53 172 125 70 214 147 105 216 182 92 168 19 196 99 3 5 7 1 39 49 49 70 79 42 86 80 215 208 201 0 247 246 49 
173 154 231 77 22 9 157 145 195 51 39 185 158 4 48 71 205 65 148 39 213 114 69 135 43 79 51 133 224 67 151 197 59 111 218 195 177 147 
2 8 164 157 213 229 60 235 67 229 247 115 171 173 140 145 158 4 227 238 0 159 125 44 125 121 150 67 126 195 121 126 210 12 207 168 135 137 
3 77 54 21 121 83 141 69 222 89 87 141 97 123 138 50 47 106 3 175 184 123 38 155 229 126 206 195 159 224 101 32 84 173 80 7 227 106 
198 86 35 166 153 5 114 136 126 212 129 141 194 214 27 160 204 109 106 197 159 116 61 36 35 148 116 116 203 100 216 199 230 97 183 25 193 223 
103 194 130 196 151 46 89 186 16 202 164 220 108 70 152 57 67 106 196 223 37 138 35 50 113 23 44 155 183 173 162 131 220 55 104 150 153 153 
77 210 215 1 22 217 247 236 57 184 56 14 18 58 78 129 17 130 187 181 29 238 32 232 147 81 105 76 17 130 51 137 168 167 242 124 129 249 
