22
0 191 96 141 121 88 156 176 89 71 244 115 143 227 24 172 177 182 1 210 24 31 
41 145 204 77 0 85 89 33 38 178 238 61 125 241 245 43 157 26 58 4 250 95 
147 6 236 131 160 33 80 34 160 51 204 93 204 44 158 16 164 7 85 245 166 220 
129 195 40 78 194 116 220 168 103 217 181 25 81 153 131 209 98 220 25 37 206 60 
65 51 221 87 168 225 72 172 187 247 196 33 70 213 168 133 105 237 199 153 249 181 
60 86 173 17 250 45 214 50 117 118 73 49 138 217 33 199 155 160 197 217 199 85 
233 158 232 246 50 138 45 250 78 228 55 215 29 2 48 169 157 134 247 14 157 25 
99 236 200 102 199 9 24 130 16 244 64 146 74 25 205 229 170 104 43 15 198 164 
26 178 55 250 219 237 126 127 248 176 25 196 179 52 191 179 236 81 157 34 211 6 
175 206 94 55 134 45 84 214 173 122 42 14 234 128 128 250 113 118 82 5 113 163 
190 248 231 141 42 19 157 19 88 149 158 130 87 115 211 68 5 108 191 1 167 224 
173 187 198 117 150 97 22 208 156 17 116 14 91 142 16 152 244 83 165 205 64 109 
97 157 75 183 209 174 153 186 207 40 93 221 31 107 195 13 116 53 134 113 161 179 
224 128 31 223 36 166 61 105 211 142 199 57 69 167 227 6 15 102 146 47 18 189 
226 250 31 75 61 165 188 63 230 177 146 111 165 194 72 27 71 143 37 144 63 92 
218 92 79 199 215 188 193 143 159 59 82 132 242 1 148 171 142 166 238 24 54 24 
88 7 191 68 210 93 108 38 84 208 151 36 66 249 171 77 224 31 146 66 97 175 
89 8 149 223 157 99 154 231 226 26 60 64 107 14 241 30 11 151 62 169 99 79 
91 90 228 116 208 182 62 50 246 34 90 45 198 249 161 29 240 137 155 165 93 181 
161 68 179 171 207 59 118 179 180 205 200 216 139 30 66 237 191 60 44 231 236 26 
18 27 231 166 78 175 3 7 119 187 96 9 172 99 97 107 76 1 79 26 213 221 
157 106 227 112 51 32 179 23 33 45 206 224 164 225 241 15 55 41 220 148 146 116 
