76
46 19 24 52 145 17 59 31 41 9 184 209 68 136 61 237 125 92 173 33 135 244 229 16 239 50 71 220 102 12 84 132 242 248 250 229 65 194 242 41 38 150 59 33 54 112 207 174 141 235 154 217 213 220 113 148 102 17 162 32 100 247 91 114 220 177 217 172 190 115 168 239 231 198 117 200 
93 75 98 71 206 67 203 75 110 200 160 22 79 157 47 146 146 236 33 232 225 159 185 49 224 231 14 246 138 106 124 54 84 144 163 95 26 197 144 198 138 19 19 13 249 30 167 222 31 99 227 71 3 235 73 16 211 68 35 103 21 115 68 4 176 78 90 18 226 176 78 211 242 200 119 30 
206 164 190 172 123 149 170 154 1 142 12 232 145 136 237 9 236 71 179 173 228 97 246 183 245 81 95 183 73 221 135 204 136 2 250 87 8 128 151 211 147 32 49 34 143 189 193 185 225 16 84 247 4 243 72 45 66 82 221 102 135 108 203 84 168 3 159 50 236 23 124 123 197 246 122 3 
180 102 235 90 248 68 186 57 142 98 26 203 93 236 183 234 153 79 65 71 86 62 231 89 116 194 127 9 64 196 142 64 13 85 156 214 167 104 231 16 207 8 43 58 18 128 82 11 65 167 40 72 147 212 140 59 190 20 191 170 172 95 0 135 130 249 76 224 75 13 169 50 124 2 111 231 
216 129 78 189 70 132 220 154 57 121 64 43 148 183 247 246 216 90 207 72 247 34 61 224 20 235 96 58 188 93 53 26 150 110 18 188 157 51 69 35 235 187 15 74 29 19 80 1 36 31 248 150 95 107 74 143 46 81 215 250 106 124 203 42 85 90 62 28 124 4 190 98 239 4 96 156 
174 79 225 169 98 169 116 22 97 59 198 16 190 180 164 61 69 167 189 217 3 35 71 56 180 247 22 160 73 175 145 59 22 43 82 115 98 7 42 49 28 229 224 14 163 69 110 184 231 221 184 136 85 123 202 25 133 177 128 29 152 121 226 102 145 212 161 234 177 115 205 84 111 134 139 15 
153 191 5 188 7 216 126 216 101 132 35 108 84 59 111 77 190 102 32 235 238 106 248 64 58 206 71 6 146 182 2 58 11 173 107 246 193 187 133 219 203 34 3 14 189 59 22 231 231 176 114 176 7 220 193 165 51 141 11 20 143 209 20 111 193 102 191 173 61 169 5 51 34 8 148 128 
36 200 85 202 101 111 217 200 55 27 98 121 45 94 126 18 245 101 163 169 60 103 53 191 223 157 91 211 96 191 43 179 140 6 7 99 185 88 203 7 221 49 228 141 1 108 129 194 213 239 175 18 165 93 223 84 166 96 220 225 97 49 63 17 53 0 57 143 242 231 58 43 62 215 224 184 
212 110 122 89 52 48 74 134 4 145 28 74 56 103 108 136 113 32 105 134 83 15 158 48 60 137 166 144 137 58 104 111 136 104 164 214 137 216 224 34 69 215 191 69 156 135 246 159 75 25 154 57 232 60 52 132 38 87 112 189 93 88 104 33 100 129 195 213 38 234 149 29 183 48 215 51 
192 26 206 113 79 77 217 33 39 101 229 149 82 78 103 189 221 200 154 24 203 39 193 151 103 137 118 55 53 56 155 128 208 227 44 178 117 194 196 0 222 0 239 142 89 19 55 100 87 151 30 121 195 83 139 46 204 62 222 69 197 181 109 132 145 48 139 14 149 160 91 184 191 21 107 69 
131 215 147 217 16 229 164 144 51 218 96 154 177 81 248 31 74 200 89 209 42 114 216 74 18 235 141 129 92 59 40 6 58 52 8 13 165 15 89 0 93 188 210 26 130 106 95 158 2 198 144 11 19 182 143 200 34 92 182 136 188 26 185 12 231 70 50 215 20 243 56 229 139 242 35 40 
201 86 21 16 21 81 220 81 198 220 15 174 53 36 247 201 245 124 2 49 121 0 169 226 113 52 234 104 171 137 190 146 173 193 241 222 22 68 188 43 157 205 231 241 120 109 205 73 127 131 76 17 239 136 147 91 41 216 117 3 216 38 138 79 214 18 38 87 188 57 120 125 52 170 248 10 
81 116 74 51 115 196 29 161 155 87 242 180 148 176 51 136 208 52 128 202 239 44 157 29 94 217 177 226 68 75 99 196 9 188 239 74 133 17 34 81 25 148 103 50 90 93 130 103 203 158 132 165 6 172 89 225 38 38 229 103 171 50 42 171 181 69 168 42 119 218 23 78 121 166 138 249 
67 131 7 180 116 165 188 190 144 41 63 192 147 239 23 57 79 171 211 234 80 246 204 226 16 54 231 104 145 213 35 93 164 23 11 113 17 128 189 163 70 40 78 218 19 240 160 195 119 90 218 26 129 52 125 49 31 38 205 137 166 3 43 153 48 52 210 153 160 67 149 250 56 20 33 234 
210 97 190 165 23 243 147 133 189 28 194 72 196 120 25 52 161 115 159 10 36 182 57 47 237 17 170 224 140 1 239 86 14 199 157 77 79 177 28 44 54 157 57 46 234 103 61 247 214 119 184 241 80 123 94 137 124 243 96 103 85 193 177 32 244 180 211 150 16 237 51 118 206 205 214 67 
199 217 109 223 35 141 13 142 86 166 130 215 154 243 103 12 239 190 162 77 130 11 194 113 24 109 236 62 166 86 213 13 220 239 80 92 63 111 225 112 119 169 241 60 154 246 9 241 225 20 151 5 213 237 30 231 31 172 160 122 120 204 158 31 142 248 154 180 123 87 36 227 151 60 152 60 
151 161 164 171 191 186 163 10 136 182 167 220 248 55 14 158 156 171 55 134 91 160 242 203 195 114 112 24 5 225 116 142 114 33 130 27 36 228 71 209 100 141 183 167 81 30 218 206 210 92 178 107 45 54 69 175 158 11 193 237 60 211 80 213 242 238 37 150 144 232 161 113 43 92 244 46 
192 67 27 127 178 87 212 89 13 107 171 187 25 55 95 44 95 11 243 111 117 116 89 250 13 231 138 223 97 106 12 215 243 59 187 65 185 66 83 57 198 223 248 152 172 187 156 99 240 70 119 86 40 159 239 63 155 75 120 121 54 33 154 46 248 15 11 60 63 137 75 238 133 53 24 14 
22 149 4 233 137 182 81 127 110 4 112 178 51 151 74 108 105 11 183 47 63 164 58 248 123 136 186 180 133 8 206 59 82 137 161 46 38 95 243 138 49 156 134 29 139 33 40 216 51 218 177 198 223 222 68 246 84 231 44 103 156 182 176 124 217 59 105 61 70 15 87 128 15 16 216 149 
127 203 48 242 73 248 76 2 168 190 221 127 52 159 93 168 20 150 92 206 9 62 89 22 163 48 207 53 206 173 140 88 88 137 182 87 12 125 112 101 89 94 248 188 215 242 203 234 2 62 6 21 194 89 97 15 192 175 155 139 169 206 178 184 85 218 7 71 230 79 183 144 64 134 33 181 
30 132 66 240 81 16 95 97 34 148 31 88 164 37 209 25 246 79 226 204 76 18 147 87 184 213 114 153 42 33 33 56 49 224 202 229 157 200 241 137 160 91 138 241 213 155 6 7 166 232 0 158 201 94 44 138 31 131 60 185 101 4 123 22 97 60 200 34 208 146 185 92 196 148 24 70 
140 150 65 191 237 171 106 165 70 0 181 216 53 179 56 167 14 112 205 80 232 236 188 221 29 157 231 160 94 28 71 89 246 93 146 166 31 171 217 173 72 123 171 36 79 210 97 11 23 20 80 212 169 40 2 152 241 153 184 161 136 130 250 213 186 234 239 129 205 103 250 39 219 224 128 192 
247 155 199 250 185 248 125 226 91 122 169 32 61 26 42 250 161 101 243 63 25 160 145 44 218 194 131 48 188 238 207 82 94 62 196 243 17 59 217 210 38 102 33 196 80 54 53 118 23 206 112 245 71 24 133 110 0 215 163 5 176 210 184 63 215 212 145 152 8 173 28 139 110 3 54 208 
81 21 75 110 234 120 37 80 2 86 30 194 56 51 202 171 179 55 214 194 77 142 195 57 170 163 121 220 221 153 205 28 131 70 110 121 16 219 12 16 70 154 85 23 155 90 197 202 113 66 41 46 70 25 19 15 16 101 64 95 189 165 138 2 246 203 240 136 79 151 180 109 244 61 40 237 
238 222 21 67 49 2 216 0 136 183 41 142 172 84 36 65 103 202 23 185 10 97 117 17 56 58 244 232 208 187 212 44 137 113 127 158 190 22 44 76 123 241 239 189 133 151 201 88 113 144 5 4 230 41 13 82 87 176 89 61 170 26 195 125 185 78 34 230 199 106 105 31 15 199 51 114 
197 214 14 172 91 124 27 52 37 51 24 123 152 101 111 69 191 208 63 40 236 177 187 9 220 58 221 234 216 3 159 249 153 47 148 224 93 134 4 115 91 174 194 173 71 174 24 189 223 171 101 104 193 50 98 29 195 222 118 183 39 89 10 177 31 197 86 38 202 43 226 234 241 80 185 165 
183 233 97 28 71 184 99 135 38 172 225 171 105 6 160 80 210 89 69 136 165 21 197 82 130 118 127 235 51 22 39 163 227 162 198 7 153 33 165 102 246 229 214 199 232 31 131 26 130 193 148 91 129 230 73 204 237 247 12 214 56 67 233 124 138 240 215 146 155 84 98 24 119 19 110 234 
163 154 18 198 75 19 211 22 90 247 93 129 124 5 174 196 94 13 213 44 173 224 43 114 151 122 44 127 246 56 60 121 17 198 3 206 2 225 229 47 112 224 208 53 174 226 13 94 239 134 174 30 80 203 107 192 215 68 143 244 108 42 191 212 67 192 219 30 214 193 72 88 205 158 77 88 
79 9 55 141 112 110 70 63 240 64 240 101 197 64 188 201 152 67 102 232 16 25 66 66 6 75 144 17 168 210 59 135 237 96 175 197 178 248 166 193 9 36 224 50 184 220 125 157 242 158 240 194 13 104 64 176 154 114 29 195 130 203 250 103 132 70 193 91 67 114 183 225 72 97 61 87 
17 111 247 5 63 214 69 79 231 14 120 210 221 164 146 216 91 57 224 171 91 156 191 226 44 68 236 123 58 22 211 94 193 224 204 208 108 138 126 12 37 190 175 51 107 168 41 145 59 182 229 210 40 85 8 126 45 71 204 246 103 26 183 160 172 20 81 67 50 51 0 146 46 98 173 218 
144 188 224 225 236 218 188 84 42 221 127 91 96 132 111 85 180 91 121 90 250 85 213 188 101 189 248 135 125 189 84 80 81 172 83 199 16 225 199 31 155 183 222 132 183 134 140 82 16 37 202 229 31 183 131 129 21 100 35 92 8 21 78 146 21 75 65 48 120 115 20 166 145 249 137 158 
130 75 128 193 31 126 249 246 38 229 141 86 210 117 38 129 192 5 45 169 98 228 237 44 24 147 68 12 142 104 81 55 15 154 178 179 221 69 146 146 188 93 52 213 246 55 5 87 50 182 114 145 54 144 34 12 154 57 172 189 107 51 208 247 197 21 186 178 64 91 233 192 144 170 137 129 
200 35 17 27 30 4 244 89 138 73 60 170 75 122 10 138 134 221 230 208 201 117 29 124 177 87 110 152 233 100 193 105 134 162 169 157 209 171 25 142 188 22 205 2 90 231 203 222 72 158 82 154 149 221 24 209 207 167 189 120 64 84 59 230 238 155 33 212 248 197 137 75 240 86 181 95 
12 13 33 180 69 204 36 249 63 103 229 141 189 23 81 122 44 125 104 111 199 200 85 224 177 234 238 230 40 187 50 205 92 147 188 237 224 6 20 5 57 57 86 144 148 33 224 37 146 238 67 148 104 37 195 26 167 246 225 114 180 73 19 157 53 193 245 140 169 215 113 123 9 35 32 76 
54 179 122 54 183 241 36 98 107 184 75 209 166 172 162 57 19 211 169 83 2 158 250 124 101 68 250 237 113 210 197 200 4 76 97 51 231 72 104 79 80 179 28 51 144 149 38 227 161 125 61 107 64 212 245 92 25 87 248 64 41 45 30 97 115 55 19 127 37 35 138 32 158 183 151 16 
102 76 59 136 159 173 88 65 203 31 248 159 12 9 43 114 158 91 151 215 219 225 53 232 201 224 68 103 203 190 7 1 214 153 42 87 120 143 81 57 215 226 14 4 224 231 90 125 6 191 18 223 49 244 122 101 19 162 118 215 132 106 93 196 173 201 23 145 145 247 226 26 245 212 34 87 
153 198 73 66 233 140 216 94 236 73 234 80 250 142 130 244 91 151 130 42 35 82 168 210 177 167 208 246 199 102 151 142 184 234 207 1 82 55 58 24 107 81 28 177 231 112 160 52 185 232 161 6 65 186 198 23 52 154 35 219 28 214 142 243 150 140 104 76 124 120 162 136 15 25 176 166 
0 125 96 101 22 109 112 160 138 156 172 188 115 177 95 240 124 166 40 112 178 37 17 61 219 44 202 33 72 136 40 210 70 99 131 250 246 102 42 136 187 23 16 164 42 192 166 145 229 192 182 124 69 225 74 125 128 66 111 191 160 0 127 37 56 71 150 61 30 147 226 133 203 239 176 183 
174 61 27 45 76 222 102 243 57 93 176 89 20 237 9 187 184 82 114 176 145 107 168 216 188 219 57 202 209 152 217 140 213 112 171 151 7 157 31 50 44 85 174 111 171 193 51 147 197 119 248 74 86 96 169 103 226 198 94 89 109 233 63 66 22 148 240 247 192 173 85 179 140 25 88 125 
6 64 164 173 169 66 141 104 238 212 196 216 182 173 123 222 141 90 97 227 13 114 158 106 138 233 243 149 73 44 137 130 248 216 135 161 14 193 60 88 177 221 218 178 163 213 174 59 205 227 31 127 8 173 62 96 69 30 196 187 177 41 18 209 57 154 54 229 85 25 186 53 70 92 121 190 
242 243 174 143 219 78 150 65 3 52 87 213 177 186 213 32 47 63 52 60 228 78 211 170 125 4 195 47 227 6 43 225 129 10 217 179 160 149 221 54 161 174 87 232 128 38 11 130 86 39 194 216 169 232 210 24 86 60 149 132 6 168 205 31 157 83 36 3 115 113 66 113 237 207 131 56 
243 18 38 9 248 18 246 154 65 231 217 51 195 107 158 82 250 210 22 200 12 33 119 8 103 13 58 166 0 206 187 191 220 177 81 166 77 131 114 88 221 207 170 61 83 66 184 108 129 161 25 131 2 108 131 114 59 5 14 47 11 81 222 120 31 93 205 31 105 84 70 129 152 34 119 90 
241 41 221 4 120 234 41 216 159 205 145 224 175 70 129 88 54 97 234 141 30 185 160 45 196 119 133 104 132 130 178 185 49 136 223 249 155 27 33 114 195 76 153 141 197 29 8 155 141 49 201 24 68 105 220 154 121 11 91 24 89 163 17 217 1 236 156 218 209 84 239 26 175 141 139 192 
77 44 66 31 156 124 121 157 211 249 94 175 42 102 123 51 165 201 74 234 101 0 75 76 28 198 225 207 121 150 100 197 37 177 185 117 63 101 184 231 206 212 65 49 55 80 204 112 241 74 135 55 218 184 231 163 227 135 14 36 145 211 177 166 15 162 140 219 202 208 242 10 193 120 196 229 
92 46 156 83 9 67 166 188 126 78 199 51 158 113 57 94 209 107 137 148 9 16 117 225 25 80 241 208 206 94 132 76 242 232 225 1 135 136 143 44 225 184 4 78 49 45 139 90 133 212 21 34 42 187 78 6 130 160 210 235 140 180 181 246 164 115 242 194 151 216 179 157 67 180 106 131 
164 183 201 139 83 138 197 85 136 229 151 81 241 80 223 231 118 97 28 243 102 154 204 152 178 72 197 98 149 15 107 95 150 163 18 9 93 214 141 216 222 101 55 148 228 54 231 86 10 111 155 221 73 185 93 68 18 232 137 119 99 199 165 83 146 32 58 169 96 140 28 82 11 242 149 28 
21 152 113 96 232 162 101 203 170 151 211 249 124 92 186 182 238 200 53 138 59 167 105 112 247 222 191 41 79 193 216 42 34 42 149 238 202 187 197 55 167 91 125 20 204 135 6 114 32 140 185 22 145 247 114 17 73 212 170 162 247 75 212 34 155 106 176 53 28 120 21 239 60 156 152 151 
53 66 218 224 13 239 144 227 82 152 120 122 228 3 190 24 241 51 173 186 193 70 182 16 30 246 55 8 38 212 196 32 33 211 140 245 85 174 100 50 176 97 126 10 21 125 20 155 229 38 92 6 25 38 233 45 55 37 146 180 206 220 219 88 44 136 187 186 197 156 113 231 75 128 249 95 
229 37 20 114 219 88 3 57 24 53 245 165 195 151 250 54 232 179 89 156 21 197 127 27 208 87 67 86 83 164 28 173 3 164 22 159 132 82 202 98 190 72 212 202 7 166 146 77 247 78 60 166 69 29 63 86 129 228 203 26 194 233 36 149 97 83 32 142 82 192 108 126 53 18 151 131 
121 130 105 149 62 75 190 128 90 96 56 77 62 15 4 222 150 137 13 86 21 224 182 85 195 225 7 143 236 103 207 229 186 15 77 67 50 149 227 239 58 50 64 247 234 9 207 206 247 158 76 9 32 170 224 206 168 233 174 112 111 81 182 245 118 7 135 161 223 156 62 211 224 24 6 9 
205 79 33 68 26 173 219 178 95 217 206 171 242 194 21 102 137 122 33 217 88 137 87 195 224 210 57 208 48 161 161 31 127 248 114 217 25 202 217 6 231 0 73 199 118 70 58 106 218 19 213 2 22 40 89 96 16 13 226 164 51 78 35 64 143 192 224 220 35 129 45 180 231 220 51 204 
22 85 204 237 214 246 239 207 72 0 144 219 216 23 125 43 155 162 56 61 103 55 249 232 179 175 43 66 38 166 248 60 28 8 138 51 166 229 22 27 62 222 158 63 98 85 61 198 73 96 84 125 33 222 182 8 130 182 12 6 226 47 101 54 241 70 168 113 100 219 46 138 171 242 147 93 
2 144 123 24 233 177 125 53 160 6 123 12 126 213 156 170 168 105 185 179 93 233 116 235 119 136 92 139 223 190 43 50 152 171 244 236 60 23 214 102 79 97 16 55 34 153 146 198 220 209 74 166 143 165 210 179 88 88 100 80 89 150 204 204 168 135 95 51 101 124 149 9 52 9 105 204 
55 109 109 174 225 152 151 171 238 0 200 31 94 188 91 27 19 109 31 235 181 247 245 90 50 8 203 7 38 121 178 121 116 55 180 90 29 71 213 109 239 45 52 106 178 55 120 116 12 181 133 80 121 116 199 96 146 195 36 163 159 25 192 198 57 142 228 131 39 174 238 187 189 139 221 227 
143 79 14 106 221 2 228 135 142 245 120 242 115 22 152 91 197 108 219 68 75 119 227 48 108 91 85 197 72 92 180 224 25 213 74 182 75 173 35 132 250 179 138 96 160 162 23 178 174 60 79 189 54 207 71 149 190 71 18 4 153 68 191 122 133 185 31 124 30 229 248 89 68 127 210 235 
125 67 42 234 166 180 126 184 37 120 140 52 129 218 52 217 197 91 77 146 201 190 218 208 51 124 41 244 159 103 213 131 58 197 193 183 146 200 110 37 118 41 175 94 38 144 22 194 219 162 167 44 44 28 180 250 216 172 118 41 98 57 56 174 74 157 100 78 93 142 177 109 181 118 234 21 
19 78 62 132 29 81 172 188 104 15 157 132 194 148 120 86 43 134 48 84 72 242 199 172 192 186 216 139 28 196 192 12 150 61 211 167 87 17 158 5 189 116 233 152 97 215 81 242 87 198 198 185 193 89 65 167 82 29 14 81 187 215 129 79 189 41 241 225 193 127 250 167 158 246 146 97 
126 111 15 4 19 38 99 192 26 51 37 85 211 182 35 84 8 240 155 71 250 183 43 67 36 221 141 166 2 226 44 63 72 21 95 20 48 244 150 170 26 0 135 185 174 228 219 190 157 143 245 137 99 175 133 16 105 5 47 173 117 250 40 120 68 202 250 48 180 210 237 95 130 141 175 65 
65 11 96 27 2 112 237 34 134 218 120 74 18 161 115 238 156 178 156 61 189 22 81 78 211 198 236 117 57 188 197 153 202 165 136 58 56 235 148 84 213 226 154 4 139 93 106 115 81 124 37 94 225 151 45 103 78 155 203 178 85 9 142 197 110 231 199 121 248 213 10 195 199 48 200 150 
129 197 131 129 182 237 28 206 100 193 18 224 9 154 185 60 132 54 33 18 126 196 154 233 238 163 28 93 60 41 117 72 133 113 212 190 3 28 156 209 232 74 208 57 94 125 147 33 7 59 108 40 184 220 212 155 73 157 3 204 150 72 5 2 73 22 101 83 112 93 236 29 226 184 15 73 
175 150 107 244 31 51 59 119 221 249 108 30 231 57 180 136 236 52 61 70 104 82 160 45 110 134 163 75 134 219 185 75 205 94 179 192 224 47 49 119 72 134 166 205 51 220 38 181 110 166 154 205 120 197 189 26 172 146 5 130 70 29 231 159 28 146 17 156 226 71 28 223 155 170 22 21 
2 64 209 197 228 41 187 26 37 199 45 134 62 222 167 85 238 139 244 175 112 219 37 225 25 231 170 248 117 68 86 39 66 229 228 122 63 177 106 16 206 108 221 72 212 222 17 190 135 47 233 62 93 158 114 54 61 221 170 187 208 248 203 1 250 180 22 215 2 197 128 177 177 126 96 242 
215 48 131 51 175 79 195 84 122 22 114 231 30 130 171 77 169 212 28 99 97 41 48 100 28 140 222 205 120 97 102 168 39 141 60 232 25 97 164 245 131 96 45 173 35 78 121 23 204 229 48 5 129 117 185 215 219 189 195 161 147 161 243 241 104 77 150 6 94 230 186 81 48 136 62 90 
193 98 35 59 146 38 33 190 207 166 4 164 148 228 241 123 118 14 167 138 98 240 91 175 40 234 10 177 46 189 59 5 70 7 102 126 137 152 120 196 76 16 242 180 126 200 184 246 8 110 14 109 209 228 241 206 99 8 3 9 169 248 198 16 56 144 90 81 118 119 61 223 118 250 188 42 
243 49 131 204 48 196 124 153 143 242 237 131 33 67 31 82 169 70 241 67 10 62 241 127 149 38 99 117 186 34 146 241 240 210 195 187 121 120 100 65 206 130 80 24 30 133 69 31 183 192 121 206 16 71 184 114 215 43 224 200 147 152 170 248 2 176 32 123 246 242 24 189 173 194 201 37 
142 193 52 127 40 81 115 46 107 194 164 101 243 129 90 183 224 235 241 216 39 249 96 12 60 180 224 59 151 226 147 243 76 195 221 76 180 184 92 147 25 81 231 27 0 54 30 178 91 179 161 213 106 196 72 0 91 27 99 169 109 192 139 114 238 23 86 64 45 228 205 200 157 91 108 98 
215 70 214 140 183 56 184 27 111 160 15 245 238 43 117 189 67 37 128 119 70 238 111 155 203 87 62 192 134 228 176 164 67 235 57 121 20 29 207 15 244 3 8 137 83 130 186 11 29 216 128 16 8 128 240 189 68 181 8 173 162 35 240 3 194 48 56 30 128 112 108 63 201 42 20 196 
182 233 126 244 131 66 16 135 215 56 31 196 15 53 44 12 248 88 202 52 107 91 38 227 5 18 86 73 14 55 1 31 144 243 51 82 43 156 232 28 226 250 51 106 43 0 249 51 201 93 63 127 10 80 193 125 226 179 170 135 135 195 53 16 58 11 128 232 167 47 87 234 108 1 230 200 
166 209 106 156 158 84 89 105 84 89 201 19 156 46 247 176 151 97 187 166 82 7 199 246 3 91 51 8 244 46 224 204 210 205 14 107 133 21 192 219 70 18 144 5 202 197 249 209 131 89 132 128 201 8 239 160 199 187 42 115 104 3 82 68 219 23 174 31 216 228 82 84 211 199 68 12 
189 172 170 93 99 103 164 128 210 98 54 127 124 242 56 54 85 68 19 75 137 129 175 35 166 103 129 246 137 76 15 88 58 134 191 33 158 177 35 209 139 129 116 123 150 220 131 57 167 37 3 188 158 39 137 41 93 4 21 162 106 73 85 14 203 146 36 109 218 132 57 44 152 132 249 123 
96 85 175 125 6 65 186 140 146 39 145 182 142 147 15 38 24 72 224 85 40 141 120 58 125 133 214 229 138 241 201 99 25 210 206 173 73 72 157 186 155 236 237 54 53 74 90 25 61 213 9 249 137 3 197 245 4 140 95 64 60 206 192 150 157 174 172 79 143 11 135 28 86 116 163 218 
195 183 158 157 228 147 250 156 0 224 124 80 228 239 182 23 36 52 132 108 177 185 194 194 80 228 90 119 153 90 153 79 163 25 228 96 243 90 13 170 195 116 18 45 20 116 238 183 156 211 44 215 109 6 21 156 180 38 154 206 114 112 69 229 171 5 120 132 75 106 98 177 30 235 26 65 
222 54 203 162 188 231 88 147 80 149 15 164 62 216 43 62 8 24 31 175 232 129 232 198 126 197 57 249 243 215 190 168 26 163 230 34 35 111 186 242 182 13 217 140 145 174 193 250 24 171 87 10 248 72 26 233 46 35 178 171 118 159 152 64 224 198 32 130 208 231 152 95 84 128 17 19 
110 220 85 79 102 34 185 224 68 248 129 64 16 19 83 26 195 143 38 26 136 4 190 184 117 186 139 84 74 144 194 179 123 76 6 161 130 108 88 190 113 111 69 40 84 42 70 96 118 11 212 202 31 104 124 103 164 90 176 231 155 95 183 214 164 78 174 180 84 34 181 198 51 77 204 210 
40 146 188 73 110 243 249 47 137 154 89 28 149 212 231 99 211 71 238 162 70 74 250 245 75 15 59 80 239 242 25 10 168 193 91 57 205 9 22 183 232 80 62 87 112 148 47 172 46 109 171 207 98 147 98 200 118 197 86 58 158 200 54 187 55 35 195 204 209 247 131 146 58 250 224 65 
88 70 85 103 239 135 37 144 65 233 40 150 173 178 79 91 168 206 136 240 139 200 211 203 2 176 20 38 130 11 108 163 182 132 21 227 162 105 170 173 9 168 176 108 72 50 87 11 105 174 18 15 221 134 211 212 131 40 182 207 130 188 8 29 231 155 163 74 67 46 161 87 151 157 1 197 
