36
55 111 200 199 210 11 95 146 168 33 215 250 212 204 171 216 207 75 156 116 151 118 37 68 160 227 189 2 68 29 185 231 126 124 127 92 
230 223 234 80 210 168 119 124 114 38 106 106 3 40 61 76 93 188 186 194 118 214 221 29 39 12 143 192 218 238 18 118 25 110 26 151 
129 102 212 121 247 161 209 140 193 20 185 41 218 108 180 124 25 192 40 183 75 208 210 95 240 118 228 234 36 33 127 175 203 171 12 246 
184 19 100 11 58 140 193 109 189 112 48 197 184 214 27 119 167 79 132 163 85 198 65 124 95 233 9 241 70 75 128 237 200 90 79 117 
31 114 101 12 202 205 226 103 198 57 188 154 114 49 84 182 142 216 190 249 102 8 173 84 168 63 238 35 111 72 221 226 131 58 2 177 
37 70 20 102 84 141 223 238 60 75 88 228 13 85 108 161 235 154 39 66 92 117 11 88 227 62 92 34 81 227 125 140 157 131 53 244 
120 41 134 73 85 140 28 95 196 47 235 238 85 7 143 122 235 137 142 122 1 222 40 74 250 160 195 180 8 20 137 250 197 82 38 96 
12 132 58 246 175 98 231 225 199 128 175 212 202 215 77 93 70 237 2 197 168 74 108 112 90 181 173 172 218 62 63 172 180 12 149 232 
194 202 28 111 104 157 207 87 154 215 76 53 46 119 54 75 26 102 3 224 136 246 223 240 198 81 228 28 178 236 110 239 123 95 150 212 
133 2 155 170 96 136 5 54 176 11 115 160 206 189 116 131 163 154 160 2 136 170 56 67 218 79 86 244 87 22 166 0 129 14 201 197 
196 137 149 156 62 65 175 69 191 205 3 185 219 56 194 246 169 34 34 179 167 25 129 188 175 95 29 143 247 122 248 125 249 86 66 13 
126 0 239 126 1 69 222 34 196 78 117 250 32 19 12 123 2 213 158 200 104 52 88 43 201 98 118 132 80 152 87 138 130 228 88 57 
137 68 109 175 144 27 146 195 208 242 4 72 158 206 100 24 226 16 32 148 223 149 52 164 87 18 163 89 140 37 22 92 9 210 65 186 
98 19 144 246 58 210 20 190 234 103 211 109 200 187 68 24 175 35 30 25 32 178 53 90 38 229 69 7 50 240 94 232 109 69 0 86 
211 167 20 4 180 134 97 30 133 207 125 184 91 60 54 234 55 54 250 8 52 221 68 87 222 39 215 87 146 33 108 195 29 35 187 44 
199 128 203 155 189 75 28 130 140 104 22 7 145 27 87 154 179 168 73 36 165 238 232 195 9 140 241 10 24 136 167 239 126 120 102 87 
150 48 67 8 140 87 22 111 134 47 114 129 201 123 101 131 98 249 68 239 50 25 163 135 120 127 82 235 198 239 132 137 66 25 42 182 
65 134 227 223 97 36 196 161 64 122 111 235 219 221 21 229 126 43 8 191 0 7 67 34 119 127 118 197 67 94 11 30 146 184 104 101 
130 39 167 184 201 169 172 57 246 80 247 28 135 129 45 208 128 164 136 102 34 207 87 0 91 196 79 164 191 15 80 164 181 219 85 176 
212 73 222 27 162 176 162 224 174 113 92 101 205 166 106 98 103 125 129 184 208 210 108 5 201 35 120 115 132 110 31 87 89 35 124 245 
101 32 33 120 226 164 74 164 1 65 248 37 198 239 71 65 63 221 194 87 17 87 27 80 214 48 208 245 246 241 75 241 64 109 191 30 
226 173 33 178 144 69 1 13 201 16 92 95 202 144 168 183 248 58 155 3 6 11 103 51 20 130 199 98 143 42 222 156 145 52 201 247 
81 247 66 46 144 60 87 114 94 136 243 47 103 94 123 213 232 104 212 101 226 114 162 17 1 61 112 87 5 90 153 38 48 239 194 237 
16 178 219 160 24 250 64 185 196 78 248 52 144 79 4 36 165 180 35 78 138 220 187 195 170 72 198 110 168 175 108 46 225 25 172 13 
148 229 201 172 78 124 60 152 149 159 119 195 233 190 44 33 88 73 93 32 2 21 73 48 155 127 11 10 23 79 97 134 118 208 219 157 
103 36 105 236 72 123 85 123 159 93 159 61 69 98 79 81 114 214 6 66 135 139 122 190 190 206 156 214 136 104 104 209 42 94 92 130 
86 65 221 227 123 103 164 217 249 66 80 72 22 146 43 239 214 142 120 160 197 55 220 165 101 74 143 166 243 237 28 126 161 10 93 64 
175 236 48 45 145 237 217 150 211 153 2 80 12 32 47 38 44 183 141 233 108 249 98 125 124 162 194 135 126 75 93 58 69 228 6 249 
124 198 49 44 90 58 58 118 91 30 153 110 8 154 21 64 24 116 56 228 70 212 169 50 142 61 231 19 77 191 137 76 115 60 121 155 
250 130 60 247 85 214 176 121 145 74 220 190 120 223 64 87 214 241 114 55 164 52 9 43 197 233 10 74 25 139 164 173 30 118 47 107 
63 194 74 18 74 210 66 134 168 80 97 46 21 210 83 61 186 182 220 122 142 25 170 160 121 21 41 28 212 88 209 42 36 245 107 171 
180 166 201 50 219 122 112 53 228 141 247 184 72 33 136 130 177 188 142 32 89 111 74 153 165 147 176 190 217 245 202 5 203 101 124 45 
234 113 199 206 245 183 98 184 161 102 249 0 227 59 129 125 164 118 244 47 110 121 164 220 11 224 164 97 127 46 90 140 61 242 107 200 
195 122 217 22 148 49 211 63 123 103 234 162 36 134 248 241 193 188 106 152 129 103 88 25 173 131 80 127 240 33 18 42 117 106 61 177 
13 3 63 187 46 62 9 15 40 144 116 222 180 56 246 176 41 49 164 113 250 156 146 82 157 132 229 12 20 22 16 134 227 153 175 98 
128 159 67 177 94 39 20 236 178 61 212 146 226 197 77 134 139 62 200 151 23 89 90 204 112 98 2 205 231 5 38 165 94 124 47 48 
