82
214 47 241 100 185 130 56 190 171 79 25 189 3 87 152 238 27 138 158 50 241 143 85 191 143 143 77 106 74 247 103 206 183 66 14 236 153 170 207 11 28 83 185 41 207 13 67 191 117 101 187 216 205 29 18 123 191 191 128 0 143 174 196 200 129 211 174 132 126 93 119 52 73 128 107 137 46 66 33 217 150 174 
85 1 167 108 26 89 238 111 21 47 238 14 6 21 30 213 173 159 13 123 161 32 165 153 163 234 230 203 196 142 72 192 122 47 4 167 81 146 162 30 2 102 220 116 96 39 120 177 121 142 233 8 117 36 65 137 199 239 189 157 143 66 10 9 222 90 169 228 79 165 189 8 202 150 58 39 147 104 60 15 240 83 
237 109 100 42 76 108 234 173 186 131 216 209 14 110 3 174 244 59 211 138 35 114 12 137 203 187 226 246 71 110 128 187 170 208 159 56 138 118 77 110 151 227 8 49 92 13 134 41 11 52 144 231 174 39 166 0 49 230 0 110 234 76 247 4 113 186 104 234 106 74 246 100 136 141 111 189 86 33 170 250 150 182 
66 184 65 247 76 71 88 248 88 22 35 92 166 30 132 164 103 248 91 6 117 118 8 161 175 43 243 131 37 185 213 27 93 133 139 193 233 96 111 157 17 152 40 101 106 49 57 23 112 100 132 165 216 29 28 73 49 137 108 225 216 12 200 20 81 123 55 168 147 2 66 39 199 108 26 74 46 217 65 131 164 194 
249 76 158 194 218 33 85 186 227 27 148 148 145 87 167 18 70 110 109 138 40 84 69 23 236 23 27 220 243 193 80 104 94 141 57 163 2 198 248 149 18 122 207 173 249 171 175 6 149 181 108 232 102 87 206 108 211 248 17 64 167 222 60 139 243 236 236 197 39 98 189 125 15 160 136 54 190 117 174 60 109 16 
112 22 13 123 145 59 91 155 64 137 75 181 50 174 33 9 247 103 108 201 181 95 60 154 112 133 46 43 96 136 182 67 86 96 173 236 53 34 140 38 125 113 132 163 73 59 34 53 41 198 162 169 31 238 14 234 66 233 190 55 207 213 215 46 185 0 24 45 189 35 226 121 236 14 158 232 131 109 29 70 14 212 
168 123 2 139 99 85 136 34 35 184 187 107 98 40 244 155 60 250 41 187 33 107 160 204 7 157 2 120 146 193 223 29 143 141 119 102 159 162 242 35 203 169 62 102 62 67 107 62 68 185 172 125 96 100 132 198 10 134 245 242 102 186 138 249 43 151 202 42 238 88 5 172 80 229 158 185 130 175 22 238 220 75 
78 97 21 38 231 67 10 162 205 220 134 115 216 163 116 141 199 138 186 230 91 170 20 57 55 48 148 77 127 231 147 143 246 79 63 75 115 19 205 81 125 96 136 103 47 197 30 61 118 169 124 245 243 67 250 248 149 184 147 75 140 211 233 126 58 74 102 84 218 23 248 179 132 2 100 181 176 25 125 40 21 225 
216 4 29 202 27 35 219 117 205 232 177 102 81 229 137 145 204 128 141 248 204 22 120 111 93 158 27 52 212 213 77 47 54 136 35 77 245 169 117 239 214 108 100 156 209 85 39 23 220 151 178 70 91 236 11 156 95 174 241 244 11 73 226 52 214 98 238 0 162 59 109 168 24 208 142 139 189 91 176 184 47 92 
4 22 47 240 212 57 145 104 116 20 58 236 30 47 122 190 12 61 138 210 61 120 187 242 118 128 237 238 153 48 227 59 3 123 186 113 15 174 149 249 236 88 163 44 198 51 9 55 143 217 247 27 93 218 176 155 206 84 146 45 37 115 25 16 237 240 74 120 121 61 114 184 118 101 7 194 7 58 16 14 112 132 
210 203 219 237 97 230 59 130 225 218 91 161 187 146 190 136 136 121 196 24 209 250 34 165 40 103 137 82 87 236 159 185 75 137 71 207 50 162 36 103 247 3 114 93 208 141 60 117 104 112 76 119 206 65 176 216 244 97 10 83 44 205 70 218 194 47 169 104 166 1 122 238 105 156 21 28 60 141 211 109 151 171 
166 15 145 158 107 111 71 176 35 85 60 69 37 72 37 213 153 81 176 233 164 6 126 249 49 158 161 112 41 216 56 24 178 146 153 87 105 44 55 177 183 128 5 93 147 12 220 20 32 178 39 18 210 246 161 215 38 231 26 37 11 247 53 88 223 248 230 96 82 142 155 222 190 176 155 144 240 77 100 178 127 4 
250 168 119 42 220 74 245 106 18 18 130 197 104 228 64 110 132 90 203 133 95 168 26 179 20 176 87 183 200 94 90 97 83 213 59 165 226 239 43 89 243 108 249 183 228 114 87 174 202 244 30 242 171 211 124 160 213 78 188 104 6 129 156 227 103 10 128 218 18 22 192 189 174 54 8 82 184 155 203 220 242 160 
244 7 63 107 35 141 139 108 47 139 75 231 77 34 88 116 153 184 95 216 246 225 221 237 210 67 24 4 225 169 23 168 199 91 210 148 170 65 227 35 154 240 184 93 79 142 177 200 79 206 191 231 240 63 238 224 212 32 69 177 74 234 120 185 152 222 161 198 249 164 166 77 71 89 110 118 125 180 86 30 28 56 
231 192 85 170 85 220 59 117 21 142 187 151 217 142 222 208 89 176 164 104 218 120 104 250 207 27 213 213 126 140 14 108 105 57 70 135 66 45 96 220 114 209 175 142 192 99 182 161 213 222 121 83 243 216 169 185 32 51 143 214 149 210 28 66 227 234 41 180 10 245 243 135 178 40 99 121 15 109 130 8 197 203 
42 245 66 227 23 65 195 108 102 102 211 4 92 62 26 133 106 129 26 181 88 245 17 213 156 83 205 115 163 123 18 35 119 60 244 51 67 13 43 129 133 114 195 111 200 131 38 189 115 80 110 1 92 197 13 212 153 82 192 96 63 204 27 71 173 181 77 135 167 39 206 105 174 206 42 70 218 207 71 76 100 172 
150 186 52 232 232 178 199 120 151 156 120 115 96 177 250 150 173 49 231 191 102 124 124 160 127 136 196 133 213 196 107 22 5 118 154 161 238 76 77 181 10 123 126 186 152 207 7 153 90 39 111 17 45 209 167 69 89 207 99 17 225 91 151 112 94 147 181 167 156 189 124 177 74 36 46 90 54 74 176 71 72 238 
122 112 6 82 194 221 65 14 195 66 14 204 2 68 182 180 221 207 18 35 48 95 35 110 182 209 35 19 52 40 1 173 212 216 134 127 226 145 36 186 152 168 116 165 242 44 67 110 177 208 163 244 131 243 35 59 34 11 141 110 13 153 3 80 103 63 91 87 111 136 176 51 167 234 213 1 149 53 2 159 37 127 
248 220 176 134 33 23 204 0 248 234 39 154 34 138 135 194 35 225 53 199 15 95 123 112 210 24 126 118 63 35 61 114 134 122 58 112 142 10 7 147 71 227 91 190 95 101 236 128 66 73 14 192 166 144 123 12 38 99 51 167 1 246 113 238 165 3 131 248 129 248 117 181 134 37 171 49 53 21 64 184 82 62 
118 241 97 10 181 51 156 87 250 117 217 249 97 26 207 159 71 138 229 46 43 103 25 135 243 230 117 208 131 46 184 21 19 31 65 54 222 32 120 246 177 40 119 82 150 167 49 210 247 44 29 24 150 231 15 149 164 60 222 24 160 212 67 16 45 42 187 5 37 76 124 54 121 243 36 62 179 63 144 132 223 121 
14 1 191 171 156 31 66 243 117 122 62 116 218 139 125 91 115 205 172 142 139 175 250 164 38 106 195 46 25 199 239 26 75 141 45 218 179 211 213 222 248 158 156 84 75 173 50 75 45 75 249 201 16 95 191 187 195 150 235 215 237 46 232 104 218 242 206 84 74 14 4 151 66 98 1 153 221 214 150 137 79 1 
2 109 233 118 247 179 38 232 130 120 0 221 17 178 97 149 58 195 190 159 206 59 33 35 35 72 125 16 91 240 111 36 218 170 155 91 71 205 162 155 203 196 0 45 47 205 178 2 89 15 169 67 6 192 124 142 48 193 34 30 174 30 193 205 68 179 204 29 125 38 197 23 73 161 31 4 45 24 19 133 243 61 
124 87 68 180 181 134 1 217 110 90 41 113 150 121 77 204 221 234 30 138 204 100 97 33 172 68 38 231 206 232 133 66 195 26 100 187 146 48 200 122 110 22 140 175 40 196 128 164 132 219 213 248 204 190 154 149 191 209 138 225 160 231 23 101 133 15 69 202 229 191 118 250 221 61 34 116 126 180 152 239 214 57 
1 194 52 83 87 90 228 133 118 25 162 166 54 123 4 178 34 179 134 28 126 134 106 187 228 9 234 18 134 175 59 221 186 112 223 55 137 138 197 82 111 135 48 243 59 229 43 139 138 24 250 66 41 28 239 96 35 177 198 214 139 19 58 237 24 173 210 133 245 162 127 158 134 82 164 97 207 186 159 134 89 70 
149 195 248 50 61 51 151 244 29 5 78 159 121 117 38 230 69 109 201 240 98 0 182 59 249 89 166 246 163 59 244 249 195 210 8 212 156 36 34 113 14 66 138 87 98 45 174 49 194 168 152 35 16 191 24 107 62 37 203 130 88 195 47 15 81 68 221 129 79 240 173 110 160 69 74 22 3 218 13 77 23 213 
85 155 102 131 198 51 227 170 119 174 242 188 139 59 192 61 112 117 238 190 91 235 191 23 159 175 102 204 27 5 170 13 43 111 55 14 194 82 151 128 144 199 205 2 168 195 99 187 6 56 4 179 216 9 117 234 149 182 56 16 142 168 11 185 148 33 202 196 86 32 156 149 215 239 153 188 178 89 192 197 231 87 
6 98 62 28 113 243 158 223 80 45 48 169 39 169 205 108 143 238 84 44 234 214 18 113 165 71 218 119 182 187 180 221 88 174 212 140 58 157 134 63 168 124 183 146 78 51 94 123 139 129 164 222 178 240 204 116 2 167 55 14 69 65 155 206 101 176 6 88 209 195 176 5 170 234 18 4 131 222 171 161 235 212 
48 70 120 214 123 221 229 26 246 107 2 52 142 13 232 84 12 236 88 220 91 147 191 55 146 18 225 22 238 72 81 220 55 120 155 186 123 27 223 132 167 167 203 217 152 76 233 135 108 10 3 141 164 210 190 7 196 59 67 246 190 79 126 119 239 209 77 131 69 113 209 57 84 21 124 53 108 159 33 149 65 107 
68 210 127 226 158 234 136 123 121 226 63 245 115 114 193 47 182 32 43 46 91 15 14 240 28 197 53 207 40 94 190 203 182 172 184 236 70 166 160 111 133 40 81 144 217 160 235 89 22 29 5 196 210 117 121 38 188 202 162 54 41 115 201 71 88 147 157 210 152 38 85 218 163 44 216 155 174 96 131 38 10 128 
84 95 80 150 205 180 205 82 5 9 51 249 147 181 109 25 46 80 88 229 66 237 174 166 91 51 215 126 106 105 114 192 205 119 130 19 109 74 49 76 9 161 16 247 106 117 226 59 201 175 38 158 111 29 248 75 81 71 210 133 46 92 139 229 138 132 35 10 165 76 38 168 113 129 44 246 132 184 153 239 65 122 
78 227 157 107 81 13 143 207 228 33 204 125 9 219 241 9 207 45 124 115 119 1 64 144 54 10 226 120 111 75 20 34 147 64 143 185 0 77 65 158 20 142 71 220 16 238 171 246 242 199 182 151 144 250 158 120 130 250 242 211 21 75 158 133 178 45 222 140 209 162 114 134 107 162 163 100 212 110 58 125 192 14 
68 162 84 183 127 137 179 2 92 236 225 103 34 230 37 27 12 168 227 167 156 184 219 187 171 142 27 155 111 153 14 42 16 137 70 218 12 204 225 248 129 23 40 78 8 142 247 117 126 135 4 149 123 47 116 128 241 234 99 145 111 209 42 153 116 166 144 229 128 143 161 104 218 8 183 75 240 54 26 27 143 114 
54 72 123 38 249 91 61 28 40 93 234 187 174 178 81 163 121 55 135 20 108 215 38 177 49 147 15 186 47 239 16 72 233 111 72 111 84 188 112 102 249 157 31 22 91 227 96 77 42 84 153 94 216 59 77 39 244 69 221 178 223 224 157 193 187 39 193 156 47 240 145 84 82 96 247 114 10 65 91 30 152 218 
123 23 106 175 86 51 168 7 35 53 143 240 220 37 213 232 59 167 234 178 190 112 239 231 87 221 95 206 200 197 219 179 102 160 102 9 155 103 131 156 248 190 247 210 43 239 212 107 239 230 18 134 136 114 236 224 40 202 107 85 98 89 73 97 217 63 150 172 184 83 81 179 99 118 36 70 83 78 105 187 152 61 
178 165 35 78 23 218 110 170 207 112 198 156 113 152 162 220 31 138 87 236 117 139 182 55 179 182 10 217 226 60 235 84 50 224 145 14 168 53 116 17 24 203 178 84 76 64 26 162 63 215 177 26 66 110 108 215 124 108 77 11 221 91 92 204 231 235 18 162 1 104 24 33 44 244 162 50 49 179 12 148 223 148 
100 56 13 135 84 83 89 238 202 158 232 83 156 197 104 52 57 106 136 234 98 198 187 22 223 90 67 132 226 126 217 196 65 238 231 34 187 128 208 16 72 146 31 142 47 223 54 46 91 89 168 182 113 194 13 122 185 245 137 22 16 83 123 22 199 221 61 190 35 28 42 77 157 201 56 71 17 199 183 222 4 3 
50 174 159 59 17 92 28 12 48 93 219 199 246 203 150 244 10 72 107 178 106 59 148 190 86 203 120 75 107 84 23 65 141 94 12 137 128 122 127 160 16 40 126 88 105 70 92 42 20 90 26 235 158 6 15 64 181 229 70 189 197 136 145 113 92 107 22 151 34 66 28 27 5 232 63 240 209 13 184 205 113 192 
201 212 140 19 70 65 136 235 90 107 132 21 143 197 5 245 247 22 63 68 239 118 109 242 87 61 72 225 26 59 75 199 96 74 99 147 105 85 107 67 49 69 6 228 150 96 249 121 198 185 227 86 103 177 7 141 25 171 36 207 112 61 59 104 188 176 221 58 213 43 15 107 195 40 3 0 9 163 21 24 131 137 
7 57 213 100 217 186 240 240 164 205 215 92 132 167 87 197 22 238 40 56 43 55 64 209 157 64 176 24 197 129 116 67 25 117 149 222 202 218 242 106 226 170 153 60 51 64 200 2 24 14 115 241 169 3 64 237 1 169 10 137 187 118 135 248 235 151 112 22 109 54 120 84 158 218 122 153 180 135 248 137 210 155 
130 30 16 11 13 98 177 8 184 242 72 164 51 32 60 124 81 239 210 124 164 193 169 27 162 210 185 144 102 35 50 44 21 189 145 232 41 143 250 15 119 223 200 164 101 114 224 231 204 103 123 179 216 70 210 153 145 191 137 57 42 169 186 129 23 215 30 128 148 231 15 97 69 119 172 196 100 200 81 90 164 107 
59 96 173 246 56 4 32 31 105 22 131 22 175 61 107 247 187 81 192 163 43 2 196 173 64 125 217 119 226 204 1 204 207 198 250 168 169 231 48 52 241 4 73 226 87 155 122 189 95 1 18 249 45 63 183 233 193 211 138 160 237 191 248 142 146 43 18 199 27 158 243 190 52 236 16 50 175 228 27 38 143 72 
26 74 234 236 21 84 123 76 14 26 247 121 0 104 142 8 227 243 61 164 207 95 24 123 6 16 69 127 202 232 248 14 14 108 77 240 203 60 8 216 171 118 141 169 129 141 228 175 36 106 34 11 120 248 135 121 230 134 194 161 241 210 217 19 177 179 208 228 86 169 227 87 174 101 209 168 113 230 226 97 105 157 
108 218 146 133 113 58 67 209 231 195 234 67 7 55 42 230 219 105 159 92 19 49 16 169 243 205 239 212 81 80 162 118 80 115 30 4 244 23 222 200 235 229 138 151 213 62 21 49 195 202 148 53 240 80 7 62 154 199 159 213 28 71 127 226 151 48 2 120 190 169 30 124 189 237 172 123 92 67 69 188 18 185 
124 98 186 196 62 94 33 244 172 105 134 246 40 14 95 39 206 195 194 250 23 167 117 155 74 42 62 2 148 67 177 149 120 176 175 163 132 137 179 70 10 74 110 139 50 53 123 22 23 234 90 111 166 162 76 128 40 110 159 194 47 138 197 45 192 214 131 227 193 173 77 246 213 132 108 244 51 182 244 184 128 150 
6 248 176 7 179 103 178 59 63 186 15 179 173 133 175 125 131 247 133 182 100 75 173 117 48 216 45 105 223 195 141 126 56 5 223 49 71 53 37 170 17 90 118 84 61 221 226 94 198 163 25 142 2 151 16 54 63 89 129 29 80 195 212 211 16 1 98 118 229 108 80 171 217 139 95 184 102 228 146 103 38 76 
61 194 127 125 149 0 25 67 205 49 213 89 145 241 43 37 68 72 79 226 212 195 108 10 45 203 39 174 15 234 10 228 33 222 159 9 25 173 86 225 112 239 158 235 87 178 155 181 179 111 129 67 147 85 194 98 211 151 65 192 43 10 30 24 13 235 174 14 107 7 163 137 13 37 161 138 107 9 82 96 101 249 
58 85 79 93 231 109 169 174 35 208 81 216 27 206 174 83 32 90 27 63 5 190 46 177 228 174 144 79 9 214 231 83 7 29 59 106 84 3 119 225 44 211 122 47 37 119 212 131 104 207 202 21 95 35 143 244 45 66 160 202 34 88 112 225 58 92 71 90 136 63 125 215 117 72 30 212 41 235 120 114 185 70 
119 107 40 8 115 89 210 211 117 91 162 226 206 144 158 28 8 153 41 27 138 84 97 98 29 30 155 180 174 91 169 16 145 78 150 183 124 151 32 6 152 148 27 54 178 239 143 38 106 73 134 81 166 186 199 26 157 64 187 239 190 66 246 156 136 80 74 64 33 120 149 24 214 42 250 57 245 21 73 57 151 34 
86 31 125 168 101 81 92 211 115 63 158 9 85 29 11 38 96 170 114 61 173 134 220 178 197 247 146 94 139 120 33 117 231 189 230 225 194 122 112 26 160 220 82 156 188 111 85 111 248 120 24 191 91 93 194 28 30 198 172 218 13 74 135 40 49 242 174 49 133 108 145 161 178 80 246 78 89 118 117 198 232 86 
148 59 156 43 190 21 141 136 5 145 193 178 102 225 161 54 176 34 129 10 144 115 5 17 41 87 46 38 179 109 5 71 119 172 40 181 126 91 34 81 237 99 17 70 5 142 213 56 231 128 76 124 52 89 61 24 241 47 130 187 181 23 52 184 235 132 131 60 233 98 144 122 185 41 18 70 5 35 22 204 32 181 
177 108 59 92 88 53 177 118 41 165 248 120 19 159 188 217 108 62 146 137 196 110 73 167 189 2 35 14 179 53 198 14 59 228 13 17 234 50 84 36 97 225 242 76 140 90 32 35 232 176 146 86 142 175 71 35 129 71 7 57 81 229 216 210 60 190 205 180 234 179 106 127 27 3 155 220 110 6 248 68 86 133 
214 38 240 19 174 184 220 167 83 158 111 5 18 57 187 243 23 71 199 44 194 32 209 2 142 150 191 52 235 110 24 166 49 101 171 185 184 231 172 33 55 172 60 181 169 107 112 193 221 206 89 86 174 136 238 214 25 44 187 224 158 96 149 111 30 3 154 174 144 137 92 89 221 2 79 3 118 11 136 74 139 179 
176 197 81 26 206 138 211 42 126 186 8 174 175 41 109 22 42 49 225 47 28 219 75 11 44 41 116 134 66 39 173 27 248 182 222 96 68 226 147 57 24 80 112 241 211 195 11 47 39 95 69 144 131 162 168 27 194 133 1 146 125 97 65 68 168 187 200 178 39 179 160 183 103 170 32 16 102 79 84 208 131 142 
230 144 203 81 153 1 81 249 72 34 97 245 198 34 215 239 146 92 24 49 162 29 145 96 7 52 69 10 77 13 3 48 88 181 151 27 33 203 73 214 18 229 199 210 236 236 125 124 195 72 109 85 173 238 227 91 100 130 32 21 101 161 95 248 247 95 126 220 185 233 105 81 125 18 162 97 204 40 82 221 111 122 
224 210 164 116 178 188 46 45 194 105 58 172 22 202 140 234 112 211 120 31 188 128 188 29 80 148 244 211 233 85 243 40 11 46 94 18 105 150 195 75 3 30 32 71 202 144 37 54 223 217 97 230 222 59 43 76 198 108 211 226 208 110 118 139 173 16 97 125 56 181 27 201 150 239 27 36 56 163 175 10 188 111 
96 226 220 225 40 108 222 119 222 158 246 60 224 134 229 130 140 100 24 52 184 90 163 152 205 86 27 76 174 109 30 67 155 183 215 119 237 119 250 200 105 16 137 73 62 203 204 73 13 42 188 122 52 46 84 166 246 205 99 234 205 39 234 158 45 236 198 173 169 243 105 181 34 207 152 221 100 26 70 215 153 184 
66 203 167 240 226 8 130 71 233 100 151 172 25 131 14 41 81 9 195 134 236 104 161 100 238 13 73 0 146 69 177 175 192 201 3 116 137 131 126 75 196 229 39 216 194 28 192 157 89 36 94 214 183 31 189 133 168 199 243 159 48 171 200 196 80 93 183 100 55 126 80 218 225 182 99 130 222 86 29 23 242 225 
8 161 112 210 192 198 55 246 102 56 197 23 140 121 94 93 243 118 205 173 244 208 221 121 124 135 165 134 169 44 73 84 181 83 229 107 124 27 49 23 56 13 193 27 43 203 154 235 143 10 49 129 5 31 145 67 64 17 90 138 239 6 127 69 155 215 41 44 119 112 138 29 46 90 77 224 30 65 109 72 90 105 
207 56 138 213 96 184 124 242 82 46 67 9 118 14 21 13 34 2 226 13 139 109 157 104 36 25 33 15 49 180 209 110 32 59 125 180 107 53 26 185 37 119 146 98 36 224 22 100 101 111 240 230 129 232 129 188 31 152 183 248 37 79 191 6 8 27 81 212 176 85 238 82 138 230 144 75 206 217 192 39 162 168 
103 143 87 203 193 82 40 178 57 161 193 13 89 171 143 73 224 69 240 241 136 88 223 86 245 198 82 194 136 118 13 27 117 162 199 16 181 50 126 228 68 242 124 240 207 102 230 73 224 73 18 100 144 39 168 28 17 177 10 220 172 219 127 172 78 39 129 246 80 161 179 139 62 77 191 248 54 125 148 172 216 195 
83 149 127 92 63 59 96 142 172 8 128 231 69 5 146 144 243 80 240 27 177 178 27 140 240 31 152 118 103 154 160 185 194 47 50 50 229 203 129 134 222 109 57 101 236 143 120 91 240 208 150 202 184 234 107 244 107 26 28 40 31 110 70 174 162 247 207 225 106 68 188 178 24 7 188 134 2 161 17 42 87 29 
107 58 19 161 75 67 83 110 179 36 44 135 242 183 178 72 52 158 121 73 54 207 21 239 241 43 49 128 156 243 94 152 53 212 187 135 237 16 188 54 37 222 165 83 229 243 41 93 99 188 103 25 115 128 93 130 74 6 218 139 42 16 71 178 219 224 205 68 174 71 76 236 12 92 183 102 47 135 149 80 59 110 
181 21 146 226 123 71 60 81 178 138 6 214 219 197 220 3 94 126 231 216 103 93 36 106 127 181 172 38 138 3 229 98 30 19 195 221 215 55 200 88 76 205 148 166 25 23 194 197 152 93 198 119 21 149 144 100 135 41 96 228 102 192 139 176 79 57 85 59 80 103 161 116 151 74 139 41 136 78 25 138 214 244 
112 204 174 1 50 214 149 14 162 120 15 135 214 40 186 167 233 111 228 188 143 4 2 126 212 18 149 159 161 66 185 189 15 36 214 30 241 232 144 193 188 116 175 210 23 97 87 194 235 65 104 225 107 246 232 244 175 37 84 170 141 222 168 56 64 190 88 243 138 178 80 97 224 41 104 250 122 51 135 206 200 109 
65 122 43 11 170 102 188 9 111 171 219 102 107 231 134 140 70 3 89 85 60 123 84 236 131 98 132 104 129 194 25 250 80 206 137 88 198 88 185 182 36 186 41 66 39 207 58 175 4 1 9 223 138 199 225 176 221 73 73 134 57 244 64 242 22 31 7 114 210 18 198 206 244 9 109 110 226 186 231 158 56 58 
180 1 217 157 27 35 80 210 243 199 63 230 194 134 6 136 62 149 146 247 21 134 109 62 154 134 61 235 231 162 82 4 158 180 140 42 231 63 227 221 178 238 94 205 39 89 67 10 238 15 82 129 109 158 203 37 238 201 216 209 48 199 64 246 52 185 43 137 12 173 235 120 145 237 249 243 119 218 242 137 25 55 
126 18 68 122 84 185 215 37 28 66 103 219 120 55 207 42 14 215 28 20 184 76 13 133 49 42 61 1 172 2 61 100 133 117 219 112 36 129 102 114 139 5 33 115 102 57 217 212 189 131 6 18 103 179 230 233 83 52 59 202 91 117 25 95 163 43 0 133 35 84 132 242 121 62 205 142 240 139 126 22 185 138 
162 173 178 104 144 190 214 57 128 222 238 208 187 34 121 85 237 152 121 2 95 68 153 233 19 207 169 173 240 103 53 229 18 36 112 14 111 184 224 17 87 34 116 34 179 41 150 21 104 195 153 165 213 183 243 156 139 120 61 168 248 30 149 11 176 213 177 14 16 27 128 178 204 118 88 38 235 154 48 211 78 161 
100 8 40 225 107 64 208 6 81 144 21 100 48 95 54 37 206 31 225 227 222 180 14 222 38 187 211 234 119 74 218 13 45 18 202 166 214 40 84 226 11 77 153 195 40 161 112 49 110 173 153 108 138 161 212 63 74 106 28 118 39 45 52 65 97 220 179 157 68 144 69 161 36 5 43 5 16 119 63 170 43 238 
38 69 164 115 179 57 75 250 98 207 229 22 248 124 42 243 90 195 79 172 151 119 99 33 35 222 65 99 19 31 233 218 198 25 129 151 189 87 90 152 188 176 40 81 16 134 29 105 149 92 94 173 46 138 123 201 69 25 166 19 164 184 44 102 192 118 111 198 227 250 172 82 105 50 19 218 93 62 193 55 65 246 
14 109 5 227 21 37 116 71 150 223 70 16 108 173 19 250 250 122 15 176 95 26 242 100 180 2 22 151 132 201 59 201 220 244 215 129 26 113 156 188 22 81 174 26 182 205 14 7 3 106 106 122 199 163 119 46 172 243 103 154 183 118 227 208 143 38 131 239 108 175 237 230 208 232 41 109 30 129 239 90 79 110 
151 235 204 32 250 167 115 219 0 10 211 161 198 137 153 160 175 63 53 92 117 107 112 184 180 57 115 145 237 185 43 113 14 137 158 24 107 131 95 209 93 168 102 197 172 108 173 169 200 6 20 160 55 32 243 21 175 222 135 11 187 82 74 63 55 137 167 144 231 50 244 59 12 218 160 28 36 23 72 208 186 72 
226 94 203 28 181 230 182 118 30 95 75 115 15 209 160 154 44 211 219 11 36 3 18 219 211 210 161 24 83 140 8 160 199 105 56 89 241 238 234 118 33 170 74 40 175 88 136 85 165 176 200 112 155 137 87 227 223 39 140 180 59 74 60 129 200 42 243 40 16 175 149 231 119 47 230 126 240 213 195 19 171 6 
45 97 117 210 182 240 181 211 11 105 133 155 206 59 61 191 83 42 15 186 26 209 199 196 187 164 123 141 2 157 119 154 5 105 183 119 238 213 199 77 244 240 187 159 60 167 206 106 123 234 93 136 8 151 131 73 134 84 31 33 117 101 134 119 186 183 86 116 102 173 213 81 135 146 107 114 122 111 68 17 154 13 
115 228 90 94 221 136 13 154 26 187 94 34 198 22 205 179 36 218 231 97 88 211 120 20 176 72 211 62 67 179 87 80 49 153 77 180 18 164 45 233 50 150 151 4 114 179 101 225 220 113 94 180 67 200 80 118 72 4 229 79 1 133 157 34 216 144 38 65 99 11 184 1 16 177 138 215 221 124 41 194 159 113 
119 62 28 196 99 18 41 99 42 182 23 60 74 196 210 210 201 30 211 213 15 229 243 132 95 5 49 41 108 222 93 189 115 38 185 84 85 209 188 118 102 102 237 125 146 108 149 4 132 224 226 47 99 162 96 108 116 151 122 43 170 151 201 246 227 81 97 58 147 29 104 10 156 95 105 14 155 128 220 239 171 245 
77 70 26 157 182 204 181 226 234 73 189 197 55 184 219 240 188 6 39 229 32 179 2 49 93 168 8 15 96 167 62 188 192 47 227 172 224 226 171 215 44 206 235 165 181 248 126 243 186 187 164 190 245 55 31 210 217 112 221 129 113 108 86 83 78 188 240 16 217 145 198 61 27 84 54 148 145 137 98 210 244 57 
57 1 69 247 130 226 107 240 240 63 235 110 165 65 2 129 208 30 25 181 88 151 14 28 218 4 184 184 233 37 171 208 135 61 96 181 117 225 210 77 47 63 53 78 81 173 177 233 69 177 37 155 197 30 12 122 79 159 211 70 28 196 0 165 159 27 69 32 226 180 34 199 147 22 28 35 90 195 192 13 111 197 
187 114 80 246 25 178 174 211 125 228 9 220 129 210 151 25 150 92 169 56 233 19 61 182 184 196 34 218 105 106 104 147 141 233 118 208 122 25 56 68 29 224 218 129 18 158 30 15 180 64 224 181 82 171 75 64 123 56 179 51 76 27 145 97 23 243 159 190 200 80 176 3 214 210 196 20 84 25 102 0 223 30 
173 148 10 95 17 83 21 18 166 66 94 17 172 228 156 246 130 133 96 108 20 226 47 14 8 102 250 45 237 69 132 86 218 50 129 206 175 10 188 123 21 50 152 228 90 182 80 24 38 39 143 76 131 196 178 209 98 96 242 212 84 197 98 67 133 21 154 70 202 205 79 87 95 92 215 219 116 120 0 116 148 23 
25 51 25 66 52 84 35 153 7 204 133 167 239 184 49 186 133 4 73 63 56 82 57 226 131 95 163 155 202 142 206 98 136 229 194 99 155 89 241 221 242 112 217 35 19 134 24 78 20 31 59 135 97 202 140 48 213 237 148 9 2 37 250 51 77 198 112 176 163 83 188 126 13 11 128 207 128 5 43 51 206 180 
54 187 35 146 172 73 99 79 219 49 9 248 3 157 87 157 22 222 123 247 194 213 168 33 153 144 100 121 10 102 159 44 219 25 155 24 186 3 85 134 35 236 90 68 244 209 200 155 48 189 42 8 187 231 192 193 175 41 175 223 35 231 38 48 104 124 130 179 54 39 123 222 121 80 147 224 4 56 230 150 64 71 
