30
104 230 35 116 21 235 131 16 142 53 24 65 135 216 226 167 2 90 213 164 95 89 17 182 112 104 200 58 210 158 
238 220 249 114 129 225 183 54 76 157 65 20 63 209 66 173 243 55 112 22 215 78 164 68 183 229 98 22 18 193 
139 192 209 106 87 177 229 75 132 215 104 152 122 170 105 132 161 124 72 218 97 177 150 150 62 16 222 37 45 122 
175 151 156 196 82 189 183 74 186 6 178 17 150 231 158 132 12 5 1 64 109 56 104 236 231 50 106 167 139 210 
117 220 132 42 126 194 225 236 30 205 1 201 31 130 96 222 69 135 97 28 205 10 73 149 194 54 231 222 190 11 
217 177 1 27 171 114 10 142 162 166 136 60 107 120 59 203 29 233 220 111 229 68 59 190 213 179 58 152 119 175 
87 121 93 37 171 143 88 157 14 163 6 133 215 57 244 100 205 17 49 66 212 32 237 238 96 123 168 50 3 215 
66 124 151 82 17 164 95 231 168 48 41 142 145 3 41 120 243 50 169 88 71 169 25 47 137 167 198 110 160 208 
198 128 38 220 250 145 32 3 193 212 125 81 28 53 232 99 68 42 235 194 146 22 240 216 226 84 146 214 113 90 
232 144 72 165 122 67 91 187 66 239 62 105 221 27 13 76 158 14 204 195 123 208 79 162 21 39 191 238 91 144 
31 154 33 26 165 26 107 240 106 231 87 108 10 66 245 8 100 146 98 196 91 12 157 211 131 233 40 163 100 213 
245 28 250 138 143 173 179 179 180 57 220 94 114 179 38 135 156 0 11 195 150 205 242 32 63 134 157 152 67 14 
198 182 135 242 60 48 184 239 196 235 236 20 112 59 104 164 168 236 236 196 9 124 244 152 183 148 226 184 157 233 
246 171 135 210 60 19 4 120 192 171 161 10 105 223 82 95 143 7 148 37 4 70 12 235 146 130 225 108 133 36 
76 107 246 169 72 79 228 50 236 0 180 161 227 92 146 10 98 171 6 75 130 246 44 243 218 129 96 178 47 146 
164 120 21 87 112 95 185 116 6 182 131 69 91 58 63 159 2 208 206 244 98 124 192 53 93 220 109 217 18 147 
107 38 25 247 238 185 161 162 72 246 98 143 120 191 185 250 9 158 123 109 40 84 27 64 248 153 89 93 33 109 
92 26 99 5 155 246 35 14 162 163 79 45 73 137 242 170 232 215 61 141 53 49 249 33 30 197 53 236 143 185 
201 64 212 1 130 177 96 15 162 185 40 199 140 192 95 151 95 241 131 75 217 132 129 171 52 132 121 206 213 89 
60 158 206 184 232 152 28 86 116 0 11 241 51 125 173 156 38 196 134 115 119 156 128 250 48 104 31 136 232 237 
118 244 208 35 114 156 51 104 76 44 244 100 146 250 80 168 246 193 221 43 95 38 169 216 147 142 38 127 89 247 
182 117 174 128 58 82 85 11 173 214 34 105 164 170 170 172 0 134 187 189 220 166 209 158 66 138 122 128 218 186 
99 120 10 166 19 215 131 168 102 187 203 123 191 81 197 213 227 7 229 60 123 25 21 225 35 237 75 165 10 23 
59 175 101 220 234 156 34 126 81 35 63 203 157 111 99 241 221 93 218 150 50 89 82 44 222 86 12 85 59 186 
27 91 189 188 216 16 245 174 114 249 160 196 189 180 139 91 143 225 69 165 1 88 24 35 204 191 111 53 48 225 
44 92 195 25 73 69 247 211 214 4 177 78 85 208 244 166 241 108 109 151 71 10 190 8 17 205 134 161 151 193 
58 184 46 89 206 0 37 7 188 10 102 45 103 169 97 129 6 75 55 140 46 227 85 224 131 113 40 119 205 75 
133 111 141 20 193 217 250 129 158 209 107 86 88 128 9 233 183 185 23 119 178 135 19 162 203 7 160 216 176 29 
37 123 211 127 171 154 135 207 231 163 69 99 64 126 223 65 220 106 210 60 2 197 137 141 13 59 152 205 29 137 
157 2 50 9 92 70 133 57 216 58 197 90 121 40 28 115 192 56 120 61 200 144 167 207 182 164 57 62 37 89 
