79
161 246 200 128 232 52 18 17 20 47 85 124 133 87 205 9 3 167 2 168 113 104 159 153 49 246 35 50 186 5 13 35 175 67 124 177 172 193 215 38 124 58 112 45 227 84 217 165 4 127 60 195 26 167 5 124 32 237 117 24 228 228 187 116 10 2 21 102 220 246 46 172 213 197 227 157 244 193 25 
34 55 148 186 229 97 250 195 25 171 181 172 176 45 189 67 199 96 56 9 115 222 202 150 228 250 197 85 47 130 192 32 240 4 207 182 5 142 166 23 197 205 234 47 135 78 157 216 159 211 77 207 31 195 179 126 70 169 39 187 92 39 19 90 79 76 55 166 38 151 41 140 241 213 53 163 214 42 239 
165 228 81 248 96 219 31 54 123 99 223 239 67 35 210 78 39 153 175 83 179 123 57 117 102 243 60 116 173 250 69 202 39 23 136 209 136 249 235 157 121 137 144 181 150 139 198 225 4 125 37 204 169 58 84 160 181 57 55 243 229 76 115 249 249 67 81 212 11 160 237 95 18 72 53 43 211 192 220 
108 172 193 208 15 90 22 53 100 223 16 97 247 238 103 170 180 209 156 213 121 118 206 168 48 35 122 55 1 139 203 63 42 122 192 240 109 139 88 165 144 89 189 147 174 27 155 166 157 169 164 51 98 157 230 38 127 39 155 166 211 121 26 18 195 177 62 110 4 189 218 161 247 158 23 58 61 181 223 
230 49 60 101 248 122 59 64 125 12 9 247 147 40 155 64 67 116 70 180 17 61 168 250 13 8 115 36 57 114 77 105 54 249 245 105 78 184 241 159 161 124 245 135 237 15 194 154 37 68 104 95 59 172 166 148 51 53 162 67 138 175 114 204 111 182 46 218 12 155 43 0 99 138 207 52 10 100 127 
209 83 41 65 170 211 89 211 2 171 138 174 104 88 14 227 107 127 10 72 203 11 246 16 170 141 42 87 2 72 205 198 8 220 234 31 221 146 124 197 12 211 168 155 120 147 213 228 232 206 18 250 102 17 231 106 2 70 69 102 160 34 0 215 222 148 108 107 161 107 200 103 110 124 215 30 140 77 166 
211 50 193 48 192 213 192 141 118 12 241 72 38 111 214 6 249 83 248 145 116 23 95 231 125 121 210 76 162 197 18 13 245 75 80 17 243 68 222 8 156 187 123 52 74 114 183 144 99 140 81 88 60 104 178 185 204 231 57 84 28 186 207 242 204 67 51 148 171 153 167 143 154 41 222 142 139 69 48 
157 89 203 141 230 146 9 95 38 229 112 70 227 28 94 148 122 34 93 33 235 65 44 148 105 44 45 126 150 73 141 248 175 24 75 5 44 247 29 58 115 238 246 139 4 77 32 209 218 216 49 222 238 80 184 236 125 60 80 10 66 173 149 220 88 85 82 72 202 107 136 249 37 23 100 194 156 26 76 
178 244 219 185 86 44 59 67 159 43 18 69 220 38 24 156 119 117 40 78 182 15 168 65 218 154 225 70 105 40 168 94 18 155 43 197 11 201 16 102 240 9 34 7 72 44 170 130 100 24 198 26 195 1 30 85 14 17 201 35 131 172 123 214 20 94 181 48 109 17 80 39 189 45 96 27 111 70 137 
38 203 183 5 118 151 92 76 182 190 74 1 59 125 48 180 242 61 191 245 150 2 202 211 79 230 177 51 171 101 2 135 175 46 202 134 109 191 214 210 207 65 49 68 156 189 182 213 65 207 245 132 221 22 21 127 41 208 94 99 250 239 216 248 135 141 130 115 116 48 201 124 116 161 229 107 244 242 207 
244 46 42 214 185 195 203 192 230 223 145 89 211 72 231 93 52 3 167 4 25 192 198 31 26 97 224 32 34 174 11 169 240 30 242 210 136 47 11 111 60 177 148 227 34 144 104 21 98 21 45 146 240 86 155 151 169 191 131 137 219 165 11 109 146 98 153 130 13 170 223 233 159 249 185 1 103 29 20 
164 121 219 207 37 68 72 9 165 4 13 113 156 227 101 83 55 48 203 48 241 201 11 49 1 37 162 244 202 159 150 14 68 89 183 200 105 96 209 172 45 25 106 32 249 10 218 204 44 45 153 86 44 122 211 97 188 57 99 92 176 100 6 1 157 83 144 99 16 47 125 30 76 104 123 71 109 153 65 
85 131 178 146 122 67 37 17 17 12 114 180 80 151 6 126 128 57 134 190 69 93 106 95 214 97 53 102 26 209 56 58 65 109 198 111 208 46 4 221 11 221 11 236 148 173 76 43 5 205 196 17 162 171 29 28 62 37 12 160 197 223 90 246 4 179 95 241 57 211 102 228 210 133 131 158 9 230 155 
76 222 221 0 185 230 45 20 211 150 13 51 247 201 16 193 79 106 76 55 86 46 184 70 22 231 87 202 229 77 156 60 219 179 139 228 154 159 16 186 150 35 53 158 222 78 223 165 170 54 84 39 220 197 218 114 69 98 45 140 141 96 55 120 107 107 205 20 121 33 57 158 123 49 87 179 118 124 211 
237 81 131 138 155 193 249 75 21 79 146 145 11 165 180 62 132 192 237 216 10 40 72 206 182 61 21 202 77 138 31 215 57 108 3 173 64 55 109 161 152 25 104 122 178 11 96 232 11 72 207 30 217 207 130 19 160 188 17 11 179 35 82 134 141 229 102 65 124 138 201 209 60 224 188 20 31 55 110 
134 164 36 111 92 101 17 41 204 25 230 222 79 45 144 99 125 188 100 220 147 101 223 126 54 107 187 91 5 95 211 124 174 25 64 35 23 222 32 110 209 50 69 108 51 132 159 222 194 10 204 45 195 124 86 84 2 54 234 192 207 161 59 153 11 177 86 217 208 183 173 203 213 109 22 246 154 134 53 
176 28 96 8 203 200 228 232 210 184 37 30 2 75 250 56 54 191 127 88 7 100 98 87 242 173 94 54 249 53 26 39 144 193 119 199 133 47 101 236 74 38 43 130 182 221 211 41 243 28 149 212 156 166 247 35 129 173 233 45 211 231 228 86 183 128 148 106 77 203 199 90 48 122 123 6 101 111 247 
238 8 30 72 158 85 78 209 23 1 144 31 235 222 87 14 107 119 60 119 203 74 110 76 18 200 102 60 133 200 234 138 51 248 4 84 140 88 36 149 18 162 69 226 233 154 244 3 35 124 105 186 37 98 89 211 239 220 194 183 177 199 2 159 41 76 88 221 222 72 23 12 126 140 78 68 249 21 30 
240 193 177 214 249 94 131 140 215 225 94 157 187 219 194 218 229 44 102 85 95 203 9 213 122 17 167 146 198 142 60 214 214 144 92 82 186 118 0 205 176 156 207 102 211 85 204 31 4 82 244 55 156 95 39 30 177 178 127 29 209 6 102 57 186 155 147 108 105 124 81 30 27 10 245 24 152 128 106 
147 32 55 119 166 239 10 66 47 190 64 147 83 211 211 114 164 241 139 121 33 147 38 10 48 143 125 21 25 175 80 81 234 216 6 32 188 202 175 204 131 236 71 20 208 245 168 120 102 76 98 22 186 188 220 211 49 38 233 117 213 98 94 24 222 92 138 98 47 39 209 192 134 154 213 56 164 139 100 
222 3 244 102 82 13 109 179 170 121 172 18 235 124 235 236 23 138 130 116 150 72 114 70 18 185 229 21 142 210 144 106 129 196 62 31 126 196 155 187 213 115 22 101 205 10 110 120 207 185 1 64 114 220 8 175 164 189 246 0 26 49 49 225 222 218 200 116 240 94 196 203 61 63 83 247 172 117 79 
27 81 78 249 75 52 93 140 207 132 34 39 208 240 181 11 76 94 41 232 38 155 86 137 190 111 131 205 6 3 171 113 15 22 249 190 192 199 213 17 88 70 6 120 74 127 206 230 2 129 26 115 92 92 143 170 208 187 33 159 181 104 40 153 26 161 101 111 115 93 163 145 31 23 150 173 150 135 181 
82 67 31 90 213 186 122 23 199 247 23 67 196 39 212 99 49 170 74 242 179 148 104 29 170 127 169 152 28 74 199 100 40 139 187 201 118 22 83 47 51 180 216 126 204 103 121 99 184 146 24 27 78 241 217 184 228 85 109 186 241 129 40 13 147 59 144 213 113 90 182 81 227 151 195 30 227 85 237 
210 64 155 55 54 239 195 213 65 247 97 115 11 34 215 137 142 10 241 236 169 129 66 25 40 180 94 17 91 22 11 126 128 180 135 70 224 144 82 250 138 231 9 207 239 133 31 200 156 3 206 130 63 243 25 168 243 217 213 142 237 13 240 134 20 61 33 146 204 170 200 75 136 166 14 144 229 50 150 
87 228 159 48 86 187 245 64 80 28 94 201 191 184 174 181 132 133 64 33 186 192 46 249 92 133 57 233 2 54 186 163 158 57 115 3 243 146 56 107 156 229 186 71 80 14 56 114 35 57 172 119 86 206 49 152 12 56 135 210 163 173 161 204 71 209 37 133 155 31 102 168 6 85 203 101 153 211 51 
177 92 185 5 44 167 110 214 12 203 148 54 110 156 184 175 91 68 152 171 183 146 100 101 193 142 33 40 234 31 77 184 190 31 56 222 85 50 97 86 162 161 20 110 36 92 32 236 191 127 185 196 152 224 183 63 89 237 248 93 4 9 218 44 18 229 170 33 63 19 102 232 239 97 220 54 56 3 129 
231 219 160 118 0 66 224 194 14 16 39 166 143 53 140 41 212 133 166 95 23 15 144 49 246 136 157 47 208 238 8 230 66 20 182 227 16 12 101 34 77 88 193 155 72 90 89 250 75 93 110 22 237 186 243 132 25 204 231 29 245 217 217 97 166 53 195 213 177 198 217 101 141 71 132 142 48 225 175 
66 130 91 16 160 214 60 185 243 122 103 71 104 148 96 62 27 150 22 105 215 4 31 237 134 154 192 40 250 68 55 218 231 183 199 91 249 21 154 71 166 232 25 27 16 247 155 87 178 8 37 77 100 229 143 182 119 172 42 4 192 153 42 91 37 103 231 117 116 28 28 35 79 37 36 90 112 37 166 
124 221 211 16 90 178 100 61 94 144 190 195 112 33 82 171 250 91 196 147 159 77 212 134 249 15 18 217 32 100 119 200 225 182 146 167 110 29 49 199 217 89 77 12 188 240 198 239 178 186 37 7 39 215 131 27 65 210 216 163 178 73 8 160 81 37 233 216 173 246 37 177 5 245 138 191 70 12 94 
188 205 110 56 138 185 36 212 9 191 81 228 27 166 121 131 135 97 0 29 186 141 59 150 143 75 137 190 27 249 87 99 50 60 91 62 198 108 157 161 138 111 247 207 32 180 6 162 176 15 74 1 193 23 195 109 162 36 240 203 150 119 156 206 35 235 113 178 96 39 91 122 92 238 104 223 208 153 14 
195 100 70 25 34 164 31 140 203 118 121 27 143 128 43 232 146 68 128 35 60 85 95 58 90 197 16 192 77 214 35 100 67 77 96 163 127 43 10 237 119 31 107 155 245 56 244 42 178 143 86 172 73 62 142 90 149 72 95 118 12 68 19 35 153 235 177 21 40 35 100 239 2 7 29 174 119 14 45 
222 69 220 214 177 109 247 96 170 189 84 245 21 27 249 0 241 188 185 7 66 22 15 130 178 147 201 137 188 132 250 102 13 223 165 174 33 42 184 91 170 44 162 193 168 181 128 19 239 221 135 218 250 8 132 34 165 28 176 227 89 66 66 65 243 85 67 11 160 62 79 78 123 91 64 223 25 167 226 
36 178 74 11 76 80 107 226 116 16 219 8 34 52 49 233 16 78 42 217 28 109 238 220 156 179 30 177 194 14 10 104 156 180 135 228 222 189 91 20 25 189 190 29 57 64 178 177 58 20 17 59 124 176 223 126 107 179 137 186 16 10 31 191 99 167 226 177 23 95 12 37 226 43 243 179 32 130 114 
153 175 3 155 70 236 56 29 55 34 94 27 59 131 181 4 132 145 111 181 233 11 66 146 213 239 196 223 95 129 121 164 250 212 33 207 207 78 2 211 166 227 204 69 141 73 226 24 190 89 142 248 162 9 120 247 49 152 145 42 62 190 52 37 54 52 116 63 209 152 231 227 68 160 176 1 9 95 87 
178 245 216 133 16 127 65 131 10 218 199 243 240 80 96 203 170 226 84 27 195 111 131 117 146 227 198 48 166 192 239 172 119 57 107 105 94 37 237 37 161 138 90 65 33 195 14 213 100 199 100 120 67 0 49 188 97 175 89 187 16 142 219 45 177 238 222 122 80 177 245 78 234 97 89 0 0 104 91 
79 247 88 37 180 118 91 88 229 130 146 141 198 23 201 154 36 137 125 236 244 226 194 126 163 86 32 220 126 246 136 2 236 185 218 138 110 181 88 176 206 160 115 216 115 167 178 153 79 44 67 90 181 5 223 167 18 218 162 126 234 32 34 153 74 115 159 187 129 19 25 119 41 166 76 227 207 4 115 
14 154 194 231 209 216 170 168 56 69 236 160 231 5 91 47 212 138 243 60 200 22 149 31 185 5 167 62 225 221 94 246 152 44 20 174 214 143 201 142 227 152 35 197 214 3 49 243 210 58 14 238 211 126 42 221 240 202 194 95 182 206 106 137 186 126 194 103 64 170 98 121 123 225 40 14 35 88 98 
215 19 228 194 179 105 194 79 43 210 226 80 67 73 179 141 147 25 242 217 175 30 189 170 94 219 165 209 84 96 26 148 80 167 115 79 198 101 79 74 129 198 136 125 100 112 20 111 110 165 211 151 66 179 5 53 66 100 9 42 41 218 176 75 28 63 214 20 212 36 130 69 93 244 109 21 119 234 155 
185 72 29 101 89 46 192 118 221 143 43 124 246 21 157 36 100 99 141 44 234 15 41 77 47 26 161 215 160 12 51 95 156 176 250 114 16 216 35 168 90 236 100 70 100 25 121 194 113 149 106 160 54 227 192 213 7 151 153 112 106 203 240 134 84 234 21 154 134 31 16 233 213 176 79 10 233 181 26 
198 33 73 20 90 93 74 176 201 49 231 248 91 5 199 25 92 170 200 39 63 229 96 32 61 44 77 142 36 11 151 197 236 103 104 28 93 50 37 99 46 37 75 173 61 137 231 231 232 35 77 241 96 204 136 36 216 197 157 25 216 192 119 142 209 142 41 189 244 30 97 222 193 168 23 236 201 161 198 
187 85 158 233 171 118 12 155 133 158 248 29 102 234 36 68 183 124 190 218 148 7 122 179 108 62 22 196 241 72 94 232 93 232 246 57 109 26 108 2 202 145 217 86 106 48 221 232 61 28 57 210 84 184 100 225 187 6 123 195 130 127 32 90 81 22 202 121 208 229 208 230 203 157 211 19 116 143 47 
47 146 92 244 143 192 98 18 188 120 238 2 140 200 114 139 189 149 201 221 65 79 196 61 91 233 53 146 169 88 48 77 198 190 203 113 99 163 235 102 56 233 203 32 150 72 155 225 59 24 12 13 225 89 107 118 9 142 206 117 0 187 148 188 75 230 179 111 135 182 191 81 56 4 101 148 88 36 164 
178 114 25 181 172 214 163 173 28 69 76 100 158 74 227 112 84 135 63 59 19 29 127 215 107 150 168 176 140 79 230 69 218 20 213 57 55 230 0 154 0 201 33 202 15 188 195 52 125 224 181 55 126 174 86 114 222 239 98 106 170 84 145 142 231 107 13 238 187 8 239 0 149 183 9 243 171 8 103 
86 3 125 147 96 67 68 126 123 107 245 236 108 105 85 148 171 28 100 132 19 219 4 69 154 168 134 16 159 47 115 81 189 66 75 60 134 136 181 0 172 45 219 76 27 127 206 117 30 180 219 135 186 147 22 138 69 1 239 58 208 126 176 99 54 50 13 63 103 192 202 160 158 141 214 83 181 245 198 
13 65 109 3 191 193 190 37 7 243 247 216 187 156 36 192 56 176 99 120 184 135 179 64 221 47 213 0 224 112 32 235 39 52 124 228 104 138 129 68 82 122 237 166 218 149 70 169 101 219 17 110 202 233 114 106 200 51 203 141 146 49 157 87 226 181 234 47 137 56 4 42 129 173 100 232 81 101 45 
48 146 74 28 151 239 55 29 155 70 92 144 60 122 204 147 152 249 59 222 160 47 40 111 216 70 103 173 194 198 231 38 66 241 189 89 120 48 13 228 244 169 114 58 225 165 200 100 166 106 234 23 79 77 117 193 132 44 5 122 197 81 204 30 218 81 77 2 100 25 133 235 62 127 141 218 163 170 176 
114 186 46 176 36 216 55 239 234 118 196 7 27 240 247 171 222 186 145 190 161 149 217 163 22 191 248 35 193 58 142 186 22 230 209 237 109 9 157 22 123 34 231 0 82 187 188 248 240 48 12 195 115 30 33 21 230 210 87 120 104 19 102 218 139 28 3 190 206 195 225 217 82 72 105 170 130 241 17 
160 41 167 50 216 103 10 18 202 145 216 25 55 194 112 149 29 214 140 0 233 216 50 77 58 172 99 85 214 14 107 230 134 99 200 6 231 128 141 38 149 147 152 11 75 103 141 162 248 104 118 76 86 98 205 24 63 238 53 31 186 111 93 220 243 243 6 22 217 225 61 155 122 224 109 199 174 198 250 
118 85 121 238 153 193 118 161 136 181 143 117 96 170 228 110 155 158 247 201 208 154 164 107 235 16 191 218 5 218 220 23 125 181 109 177 106 179 145 119 203 112 60 150 87 238 158 103 123 138 137 237 149 136 176 118 205 61 213 154 202 121 143 208 128 228 240 59 247 40 111 83 34 19 148 209 170 58 147 
18 56 122 110 250 6 138 64 94 70 23 243 72 57 222 237 147 94 75 249 94 104 73 168 36 7 19 61 187 45 86 59 202 222 195 222 216 40 47 239 111 37 172 89 163 33 206 216 132 142 154 133 45 158 250 58 155 157 18 45 83 52 106 54 96 14 167 121 238 12 218 244 175 172 30 201 43 26 145 
213 5 67 131 233 117 167 227 92 249 118 87 45 185 192 145 224 73 99 182 158 175 72 224 112 29 150 42 234 240 3 79 88 104 50 239 108 115 21 247 246 88 50 235 237 83 246 100 39 222 136 97 73 210 142 103 246 103 234 93 144 186 10 51 116 233 67 180 26 206 71 73 116 18 88 30 152 47 219 
231 144 128 25 81 194 149 59 32 183 75 2 128 243 94 150 2 94 130 226 134 151 202 101 183 80 37 135 247 156 207 108 11 124 223 152 202 35 239 203 36 59 192 49 82 138 77 84 17 226 114 216 217 25 55 8 130 60 233 32 136 230 129 118 140 154 46 139 107 238 170 228 178 247 13 5 103 132 6 
225 208 92 235 92 56 245 189 163 134 189 209 230 215 192 164 9 95 65 225 179 194 210 118 156 46 124 60 155 94 99 160 165 57 136 224 114 133 238 60 250 123 125 216 127 175 198 92 169 65 217 65 220 182 140 192 196 148 178 187 67 8 181 121 214 116 142 178 167 0 234 225 216 242 112 5 28 58 177 
204 128 149 123 183 163 198 83 33 222 19 216 155 175 210 247 5 160 155 178 20 168 243 234 22 75 152 10 209 197 84 147 183 216 21 47 96 132 34 205 173 135 182 44 237 109 151 69 89 86 212 12 84 160 2 198 11 193 150 217 50 228 120 174 129 141 135 69 207 64 73 33 130 203 224 114 204 31 197 
169 74 9 101 12 246 160 246 95 238 52 23 187 70 233 183 209 137 135 158 152 45 41 176 131 77 212 162 186 35 88 245 232 6 190 50 234 43 199 52 92 47 28 85 19 29 194 33 224 155 63 61 147 187 232 180 14 75 61 40 50 26 21 27 56 101 36 100 113 212 171 197 112 147 22 10 185 158 247 
33 27 104 111 49 21 163 127 64 213 190 20 179 183 28 136 34 121 214 155 197 127 37 221 50 27 7 112 88 107 72 136 231 162 63 157 144 47 72 32 127 204 200 232 101 42 110 234 165 74 248 208 73 124 162 95 91 67 36 232 39 98 238 45 77 31 127 15 6 159 193 249 191 212 57 132 62 109 24 
240 12 124 126 6 44 214 205 104 196 132 54 104 174 155 114 11 245 170 121 229 159 105 174 231 77 65 203 130 31 225 177 71 92 212 35 208 33 161 118 62 17 64 119 116 80 238 222 149 182 79 36 40 87 64 191 139 53 7 74 122 139 240 26 29 149 219 41 205 201 45 17 158 92 240 166 37 10 24 
12 86 243 10 231 132 6 141 187 164 81 50 126 59 237 64 130 115 172 183 135 205 18 27 131 45 195 129 47 169 132 243 75 127 44 197 62 88 230 178 206 223 175 57 109 120 120 49 44 106 65 207 168 249 28 192 103 132 161 227 100 133 20 151 119 122 85 73 242 197 218 63 121 230 193 210 7 195 229 
45 132 160 4 155 212 168 76 76 215 155 83 90 165 197 8 145 140 19 22 42 145 93 240 211 154 40 83 116 80 33 83 19 163 181 86 193 158 37 51 143 93 213 162 9 32 200 30 26 86 27 97 29 174 212 41 135 130 99 123 195 101 212 32 5 50 209 112 59 208 148 42 127 68 197 241 59 119 88 
114 166 36 231 177 33 80 33 11 186 45 206 214 215 101 75 110 179 124 162 150 52 76 39 90 36 103 69 53 122 128 1 149 43 131 12 155 240 224 165 249 228 175 100 130 39 88 246 244 73 240 25 96 106 127 239 48 102 196 182 128 109 12 168 107 155 68 74 195 57 23 129 6 19 53 129 180 161 216 
31 31 56 133 30 46 36 125 144 115 239 134 13 22 56 125 245 114 100 112 231 208 18 148 19 120 24 180 169 218 107 17 217 182 32 184 224 233 16 247 224 77 249 250 195 76 220 213 3 105 228 52 200 91 53 16 214 0 12 211 240 106 213 21 96 28 162 221 249 108 33 100 30 56 214 171 169 197 86 
131 66 100 60 82 168 250 88 101 209 74 237 49 219 215 113 246 155 196 202 233 155 9 237 111 224 175 132 125 57 236 126 86 80 170 157 119 26 249 242 107 56 199 124 148 172 184 40 166 128 22 182 42 242 136 42 53 158 3 231 172 49 229 41 77 152 167 46 205 220 216 164 90 0 246 64 9 108 144 
174 55 47 229 8 57 2 48 245 19 161 218 183 59 143 210 169 202 236 186 239 16 206 33 134 79 211 19 221 67 79 63 208 122 101 197 91 223 101 73 57 151 179 218 215 160 102 106 44 214 103 16 104 206 237 76 162 101 66 202 70 94 238 202 29 128 125 183 144 162 102 168 182 123 158 183 30 41 109 
112 162 68 228 74 132 43 21 107 92 136 170 166 71 125 41 116 4 29 38 12 72 191 211 198 230 25 248 161 111 149 41 80 59 115 33 45 154 247 228 138 76 216 229 85 95 98 185 120 57 144 148 74 202 94 156 122 174 88 171 22 196 5 83 188 116 73 145 17 84 89 55 160 179 244 238 1 192 106 
186 178 69 2 42 249 20 188 37 226 140 71 191 192 73 118 106 75 117 51 118 169 70 83 248 23 8 58 247 14 136 211 126 73 74 169 109 87 249 143 220 225 84 65 18 244 227 104 159 245 127 82 72 15 202 76 134 54 236 185 176 162 235 91 208 205 226 207 183 72 179 230 43 208 53 155 85 4 212 
138 178 171 156 72 154 140 224 61 179 119 225 169 231 230 237 211 159 124 196 78 200 145 112 111 14 14 144 16 120 196 104 1 113 138 28 37 235 154 230 74 105 85 190 16 215 204 237 68 152 28 140 103 78 250 115 122 132 11 142 192 69 245 65 217 168 36 51 67 39 125 4 89 146 208 184 144 24 60 
131 205 141 209 61 161 173 122 21 138 25 52 8 52 75 65 236 102 75 166 181 160 242 235 161 73 86 40 163 30 23 168 37 196 76 97 174 98 206 17 96 242 132 109 238 98 174 160 229 181 194 55 2 224 150 129 80 204 140 176 157 145 70 146 6 119 161 228 10 77 121 24 30 61 184 174 30 172 62 
188 178 148 201 97 128 22 141 205 175 108 144 144 140 85 62 159 113 1 50 223 154 75 223 120 23 36 175 62 48 115 56 127 218 65 191 183 63 192 194 222 183 107 11 233 36 110 69 86 17 246 166 133 80 199 211 135 90 201 94 160 239 27 80 37 175 43 217 73 191 228 182 40 133 126 19 108 50 79 
184 190 193 178 219 183 121 33 37 129 137 48 215 93 117 14 29 230 50 184 155 123 211 139 181 62 82 110 53 235 139 184 211 247 171 63 224 41 224 191 69 1 207 170 244 75 128 249 42 138 173 150 142 247 197 28 217 57 91 132 167 88 90 164 191 67 125 46 220 67 221 183 72 247 231 194 113 241 167 
136 12 131 73 99 12 224 228 213 170 103 222 106 20 126 118 242 191 179 161 2 25 139 208 79 89 38 85 198 206 23 48 64 191 161 179 37 217 71 193 182 200 170 64 193 240 37 72 38 201 239 49 134 140 116 62 37 39 5 6 125 192 120 92 5 18 142 16 69 6 236 170 106 67 169 205 109 87 195 
22 110 94 171 235 75 93 44 187 235 236 144 30 131 182 213 3 239 31 205 10 220 158 159 90 181 140 32 79 113 53 39 75 221 201 55 34 185 137 119 194 59 89 139 170 109 206 117 96 145 205 163 14 126 130 230 149 28 120 96 115 192 217 23 175 154 91 140 229 247 100 91 127 163 4 196 80 32 51 
30 171 108 75 187 111 205 46 129 199 16 118 105 161 179 187 217 163 156 207 151 172 100 40 229 169 65 248 174 226 169 58 165 119 93 162 5 109 109 17 14 196 26 7 19 225 179 203 225 215 181 145 86 71 176 13 81 63 158 144 83 205 28 212 101 114 77 75 190 91 135 127 32 92 216 128 53 249 197 
86 152 167 150 110 182 68 150 121 77 126 121 191 13 218 93 236 4 56 133 170 204 73 129 111 91 144 72 85 222 92 65 203 169 195 52 103 42 95 109 221 106 171 83 191 58 181 63 224 143 210 187 175 69 162 6 92 206 160 103 29 100 164 62 244 206 38 229 174 84 110 239 26 94 73 212 217 125 197 
106 17 159 69 144 127 102 201 220 214 111 148 245 117 236 243 3 51 41 28 139 231 185 63 207 232 152 88 15 130 80 127 81 204 93 147 65 102 123 51 240 183 98 42 9 239 127 109 15 53 57 48 77 119 159 124 2 192 31 12 203 221 142 103 145 61 169 35 8 34 65 49 92 145 22 156 44 0 86 
10 108 77 33 82 84 17 0 43 248 87 52 82 91 2 132 236 147 170 55 57 32 130 84 111 2 147 88 231 19 96 44 217 197 123 40 56 12 76 46 32 217 182 12 65 166 239 36 4 226 74 246 105 206 5 76 228 246 28 10 47 157 83 159 220 111 43 38 126 8 196 31 29 87 109 186 227 150 185 
154 30 191 57 245 191 239 217 2 33 54 96 102 101 192 99 135 139 133 107 98 83 90 204 226 48 184 51 212 94 51 243 122 219 233 80 8 155 166 220 240 97 107 84 236 195 196 113 140 114 177 195 86 233 161 147 225 165 227 151 104 41 65 153 13 59 78 245 145 96 206 175 36 112 209 247 208 32 164 
23 159 17 176 17 112 96 218 55 129 181 116 166 84 211 246 9 211 51 249 82 51 138 144 197 199 48 236 229 163 33 25 34 234 34 140 121 228 152 39 92 49 40 186 219 7 34 18 154 66 77 65 53 235 123 233 83 2 93 58 197 95 126 61 227 49 19 34 208 199 28 29 181 206 0 28 40 176 118 
57 64 48 108 79 105 99 72 18 62 197 120 181 186 130 171 46 182 120 167 114 105 161 16 37 8 53 46 106 41 43 54 244 64 4 57 226 155 50 95 227 210 170 157 135 56 158 186 92 36 132 130 77 145 235 50 142 109 192 240 15 174 138 204 174 122 229 185 199 215 146 129 213 79 172 103 156 110 0 
226 54 192 188 32 147 217 182 68 172 198 122 101 185 112 95 88 222 22 43 192 47 37 10 40 210 206 190 29 247 124 191 28 250 248 73 83 197 49 127 247 80 25 40 0 217 66 38 71 38 144 156 204 9 34 106 161 0 88 217 154 201 125 243 220 11 170 157 52 51 83 28 146 189 124 16 114 247 202 
