66
176 20 215 126 122 227 149 100 190 155 236 165 215 50 191 127 169 207 68 182 24 72 218 119 188 109 26 236 171 183 13 13 26 134 32 182 249 193 49 87 48 178 29 20 28 83 199 0 125 61 187 108 173 233 5 239 145 23 163 29 143 4 247 70 221 95 
193 49 32 213 91 49 100 110 230 115 6 22 221 16 199 205 116 136 112 139 187 219 231 20 60 103 71 76 137 154 168 68 245 248 201 13 31 249 93 40 194 171 223 78 146 122 166 174 183 115 131 75 250 42 26 224 157 12 103 144 66 34 191 56 243 67 
21 188 41 215 118 17 63 57 122 222 93 86 145 111 13 92 119 79 65 184 214 1 123 165 27 205 145 28 188 176 115 79 193 183 40 174 64 113 61 94 187 225 194 230 184 171 194 205 223 227 148 54 186 172 193 247 104 64 210 121 23 177 103 210 226 203 
36 211 104 6 163 76 240 185 196 161 242 239 122 247 209 50 160 126 212 55 130 62 102 148 24 34 205 219 230 214 203 24 217 207 192 127 179 125 195 147 88 13 207 67 194 92 128 213 217 44 104 82 133 108 131 150 171 154 10 201 165 3 190 105 243 48 
60 154 227 44 219 195 122 196 41 136 171 139 225 43 32 184 102 84 85 207 87 200 22 154 44 237 55 28 214 18 41 43 108 77 15 92 207 120 159 118 153 206 9 141 234 87 183 196 213 165 177 206 182 216 168 230 71 144 174 44 74 116 198 16 81 210 
111 206 125 16 247 157 65 220 146 120 140 192 162 200 217 27 128 106 6 73 182 85 214 74 180 68 125 131 32 31 21 127 163 250 77 92 122 102 243 154 118 200 93 218 98 27 169 124 21 165 2 4 166 187 54 97 229 31 221 239 143 108 5 114 3 96 
4 218 242 197 63 116 7 240 175 116 241 80 220 162 3 250 181 51 179 83 208 132 241 171 8 173 240 144 132 216 21 82 1 159 242 4 28 102 20 189 111 100 74 73 24 49 189 29 228 136 119 5 117 70 45 47 207 157 222 142 232 49 119 221 156 21 
101 198 176 138 191 239 144 100 129 28 140 31 114 148 178 1 128 3 222 163 203 164 20 140 32 117 208 115 250 21 74 150 182 197 38 165 106 242 153 2 190 157 51 248 107 198 224 240 223 178 249 169 178 238 218 70 9 31 184 242 223 14 97 108 136 110 
58 206 107 17 219 88 179 41 16 129 42 24 230 45 106 59 225 29 187 232 186 156 224 85 213 126 187 212 82 135 138 159 24 230 154 36 98 20 20 147 142 241 208 88 157 187 137 178 236 157 73 213 160 75 72 18 216 92 160 73 20 112 114 196 249 234 
69 210 30 190 249 163 116 121 249 11 159 196 117 33 151 106 95 57 122 126 95 238 230 247 189 207 245 118 35 178 112 82 19 229 147 194 17 4 179 139 224 193 189 247 155 210 213 219 203 38 184 14 115 227 116 57 168 195 186 241 71 220 77 214 208 209 
237 143 197 213 194 79 150 203 196 185 249 140 94 166 65 2 144 206 136 183 228 154 195 195 120 3 7 24 92 198 24 164 97 39 24 216 163 222 203 10 65 5 97 223 212 231 29 233 72 117 109 17 231 21 112 109 8 199 121 239 41 75 95 55 76 247 
219 63 113 176 36 198 54 200 228 67 154 216 112 187 204 113 106 172 53 136 41 127 18 136 61 189 201 71 76 30 212 149 221 91 97 123 213 209 60 24 75 205 167 100 51 94 113 219 4 12 34 105 22 102 221 129 162 229 69 225 39 71 4 221 223 9 
155 99 234 84 209 25 190 148 198 24 109 64 156 100 208 117 217 147 66 188 227 8 69 237 11 80 29 32 186 82 149 230 129 52 33 167 178 149 91 230 88 113 177 219 222 159 29 85 113 144 147 67 16 105 79 173 112 17 132 143 126 211 39 36 242 221 
176 112 68 103 28 127 159 162 127 34 170 76 5 208 220 31 203 223 68 158 247 10 39 112 37 88 161 215 247 52 152 22 121 99 53 78 124 223 160 17 23 125 164 68 36 63 228 119 71 234 136 78 95 168 142 178 139 52 193 12 143 17 206 117 2 232 
127 168 230 104 176 22 72 154 13 174 205 35 180 65 119 138 38 104 41 87 10 162 232 82 222 34 15 46 132 242 72 197 33 66 224 87 127 244 97 87 124 217 193 118 110 91 200 2 81 64 82 93 184 88 150 46 242 127 50 212 103 234 36 131 191 16 
68 214 194 42 126 225 207 239 156 230 35 229 47 1 243 33 148 186 160 168 249 35 234 0 69 91 35 250 223 85 183 161 157 221 222 225 107 69 184 139 75 61 165 154 173 71 215 53 169 105 108 195 188 185 44 115 120 153 154 0 87 82 55 63 142 222 
220 168 40 6 200 120 95 1 20 86 186 54 225 64 83 30 195 38 105 65 168 191 233 80 222 182 151 207 177 22 186 179 199 42 183 127 113 9 216 39 124 58 215 129 189 142 102 246 126 61 201 35 250 199 9 247 34 123 110 33 231 139 59 96 210 98 
175 33 42 115 66 164 195 126 68 48 5 49 163 145 192 76 192 134 71 95 11 79 219 211 220 133 55 122 71 139 206 11 216 46 201 184 149 124 23 10 139 131 2 32 228 215 96 49 137 54 114 215 118 116 164 147 224 197 53 126 233 8 207 153 32 195 
129 41 159 14 46 66 224 179 30 65 73 161 127 249 162 98 179 74 249 16 75 112 45 67 206 81 98 2 198 199 75 56 99 23 113 166 217 116 208 217 68 250 104 250 224 139 140 185 127 14 169 37 31 59 239 229 94 59 2 136 81 168 55 83 4 199 
38 77 78 77 154 20 222 132 44 91 49 8 104 69 106 70 75 194 69 119 63 46 70 70 144 205 136 158 26 109 9 42 44 95 206 138 234 0 217 208 166 203 139 64 9 65 153 107 197 114 37 153 165 218 152 108 197 148 95 73 52 7 241 177 123 177 
73 143 246 82 79 7 150 182 97 225 210 220 153 185 215 139 4 222 2 6 232 199 131 96 205 232 141 167 207 56 107 2 46 210 87 224 198 13 7 168 39 178 146 232 65 199 237 245 208 41 63 116 224 0 129 63 198 162 143 36 118 25 100 59 4 136 
224 46 18 174 139 20 244 116 233 170 224 216 67 36 11 83 65 13 122 53 107 104 99 80 85 99 135 18 166 183 69 116 234 244 226 123 39 199 50 185 7 242 192 32 161 250 4 165 168 249 135 14 47 23 180 229 147 180 224 124 239 209 43 39 153 149 
55 205 79 115 60 224 208 240 64 1 58 83 64 58 249 214 174 22 96 66 161 12 11 131 123 9 39 71 168 18 112 214 107 213 128 9 133 106 236 204 152 110 195 174 73 45 120 171 88 207 209 226 35 163 85 55 216 240 191 175 146 125 124 191 125 228 
214 51 163 18 102 24 164 208 101 9 31 160 153 178 229 184 53 172 4 93 162 223 181 43 36 35 32 173 55 126 120 132 10 4 187 143 39 43 208 26 198 88 41 43 146 157 119 78 175 92 178 37 37 91 55 54 126 97 137 184 66 230 6 60 185 5 
135 234 219 83 127 56 8 12 96 175 42 43 208 217 217 224 43 154 18 9 217 81 134 74 224 147 123 8 108 50 198 178 63 112 250 193 214 209 33 136 17 155 246 185 225 107 88 242 167 71 238 168 182 3 115 197 83 134 143 108 217 32 146 174 157 185 
183 156 31 187 100 45 220 111 88 181 25 146 239 137 32 83 152 121 25 227 250 17 250 138 145 10 248 204 84 57 90 107 116 14 146 16 97 14 99 135 44 83 117 8 173 196 77 43 248 78 88 227 155 123 48 213 113 150 87 155 169 222 168 163 215 227 
79 6 110 181 120 190 83 175 150 236 198 132 53 160 100 162 58 226 247 32 120 126 234 15 149 149 201 126 174 130 218 205 107 115 68 96 138 161 207 194 106 34 226 105 128 185 67 26 98 83 21 169 65 94 58 185 211 55 46 11 128 184 87 231 141 142 
1 44 19 29 129 236 87 218 12 112 4 2 101 95 6 243 137 77 98 215 241 136 226 38 19 96 19 181 194 68 75 96 150 151 235 149 224 13 141 19 234 40 113 177 233 131 144 96 35 49 69 56 15 35 33 226 242 68 235 223 142 127 193 67 143 206 
250 95 218 37 53 130 151 9 189 208 96 205 120 171 16 164 98 90 246 207 84 37 161 93 213 171 142 13 202 181 239 137 202 57 60 130 172 170 181 63 138 54 110 222 173 77 107 210 99 123 166 216 89 235 137 97 129 6 217 42 2 7 18 130 27 84 
99 90 57 21 208 124 47 247 15 212 142 21 248 212 166 8 29 165 217 95 49 134 88 246 105 241 6 175 52 48 79 101 75 46 46 162 56 162 187 30 29 29 222 6 80 15 155 137 185 174 156 215 237 35 232 241 143 103 23 4 146 131 15 150 60 178 
61 24 200 24 232 172 82 70 250 66 205 116 14 83 100 46 171 202 69 113 39 93 125 7 3 199 231 73 240 148 70 61 39 77 36 65 75 88 46 181 88 215 86 106 6 60 61 216 118 186 15 144 40 185 74 182 78 84 3 58 232 97 104 99 16 40 
212 92 118 92 177 109 238 71 246 212 171 44 209 51 143 124 66 224 38 136 51 105 64 92 204 117 231 49 175 112 173 97 87 185 16 76 147 238 184 225 113 80 63 202 61 105 185 161 107 230 95 245 183 184 106 159 201 198 67 231 187 97 133 19 217 161 
208 194 167 54 28 203 100 95 138 114 59 108 32 114 248 112 242 46 141 57 240 158 122 215 179 31 119 82 37 120 221 108 81 121 57 190 184 104 133 238 91 92 12 171 25 134 189 178 90 97 154 135 249 229 6 102 185 165 164 159 134 39 81 131 162 49 
67 236 154 121 107 98 220 37 112 192 61 189 25 135 208 158 196 202 99 229 188 225 89 204 219 21 210 52 241 210 32 38 70 25 20 118 243 41 179 55 227 86 233 23 6 144 228 80 81 164 7 187 47 218 213 10 215 142 103 81 85 194 10 194 27 227 
236 113 125 181 80 241 188 113 81 167 5 65 247 135 69 22 58 218 199 235 188 241 215 236 226 110 95 10 193 46 160 118 28 125 231 164 28 19 12 31 101 239 244 48 137 1 168 112 134 242 96 172 215 65 239 73 61 146 93 128 224 178 199 175 238 241 
69 230 128 182 38 86 121 212 47 157 72 35 244 151 107 102 180 83 139 215 38 14 38 33 93 182 1 164 183 159 51 101 42 69 78 113 149 188 20 137 12 90 37 72 211 0 132 195 55 17 101 247 141 111 212 38 241 49 249 210 114 88 7 43 226 141 
88 12 21 128 9 229 184 143 128 231 205 222 187 73 95 119 97 38 162 84 141 68 121 154 247 172 48 191 125 183 247 238 236 150 37 170 32 124 99 53 105 206 116 103 124 46 224 116 229 154 17 9 196 190 45 170 38 139 125 231 200 45 179 248 215 227 
196 239 200 130 210 56 150 242 181 149 156 87 130 207 120 126 17 69 145 229 27 191 23 31 110 8 183 9 37 219 160 59 216 28 21 23 238 237 142 107 22 126 163 20 33 38 108 217 208 146 55 100 15 34 179 90 131 129 122 32 64 169 183 189 67 178 
194 45 133 110 163 146 129 194 164 199 28 73 68 91 78 145 16 219 127 73 199 166 110 135 19 212 204 134 205 182 11 37 245 193 214 71 120 218 73 174 7 111 19 84 200 67 224 190 34 58 3 134 42 53 184 13 47 233 240 208 161 217 178 211 66 51 
189 109 108 148 41 139 96 143 246 54 136 149 149 52 57 182 101 206 65 189 40 45 237 178 69 22 238 46 239 17 219 80 175 13 40 110 185 32 231 228 229 185 175 249 226 234 31 97 148 206 87 63 123 10 15 80 247 54 45 135 38 234 98 50 240 214 
73 97 84 97 195 3 138 76 40 243 29 95 153 41 86 250 0 126 154 24 141 171 44 89 187 174 199 156 192 157 176 114 176 205 107 139 103 30 75 45 209 221 221 229 200 78 104 139 172 29 191 55 51 57 139 101 240 152 56 182 82 88 248 44 236 49 
99 1 197 85 144 4 250 116 118 235 145 131 52 62 245 242 65 192 75 58 205 53 69 224 24 63 180 64 77 192 65 36 86 42 244 94 191 27 130 68 170 130 86 227 144 182 135 212 176 66 68 149 78 164 151 31 73 73 143 16 39 105 122 141 135 123 
116 48 88 179 66 17 14 236 180 208 25 240 142 7 137 200 227 68 18 20 111 78 23 107 240 71 102 239 231 63 157 52 2 119 98 144 67 87 19 185 53 202 143 155 99 13 36 25 203 163 152 161 10 243 5 53 184 211 248 29 102 230 203 3 94 75 
188 177 86 187 224 217 147 97 54 211 50 239 146 33 239 45 92 59 54 65 183 149 75 120 132 214 15 73 167 74 19 144 228 8 23 247 225 31 190 112 91 225 216 14 42 92 145 129 223 235 235 203 90 147 30 112 20 192 142 189 80 81 104 215 221 123 
19 113 236 66 44 167 101 6 63 76 244 245 59 34 174 98 174 178 219 153 197 162 40 73 21 9 55 33 69 141 15 77 240 184 225 161 43 215 74 78 11 61 134 220 204 184 37 141 79 55 128 250 7 146 63 59 234 83 179 184 10 162 131 30 2 139 
160 113 198 110 129 166 35 179 244 40 133 223 238 11 163 178 69 19 211 0 3 4 206 68 90 27 229 97 17 250 48 200 223 202 60 182 237 69 119 186 109 174 76 137 55 100 226 29 159 214 232 164 248 10 166 189 134 20 176 28 233 82 116 194 71 154 
154 6 165 141 2 21 32 226 142 33 89 201 100 154 196 59 227 219 86 128 73 213 149 191 204 147 108 37 203 22 186 214 120 45 33 132 174 184 82 69 69 132 0 24 230 44 186 56 114 164 87 75 211 110 218 237 123 95 91 39 111 53 8 20 47 44 
133 8 146 135 22 41 61 199 26 86 92 154 149 225 52 94 35 154 169 179 27 9 220 242 216 66 57 42 88 114 230 9 83 59 220 180 89 67 228 92 143 49 69 19 50 79 4 214 74 13 40 94 90 57 230 165 111 63 129 222 195 20 245 79 71 106 
65 87 129 88 68 137 147 245 75 95 25 72 38 123 176 185 206 0 158 79 122 232 102 96 102 43 173 183 176 187 206 106 70 164 60 28 8 107 227 79 91 8 53 231 69 103 205 78 153 22 78 249 85 146 79 189 9 110 216 161 142 160 244 162 218 117 
77 137 242 61 146 105 138 112 245 200 13 168 49 198 13 212 104 4 71 193 161 132 67 153 129 126 195 21 217 165 162 131 104 55 45 185 60 91 192 182 165 15 16 23 220 98 12 70 92 72 205 169 6 88 52 86 54 98 34 49 103 146 147 166 18 19 
162 175 71 230 197 245 137 153 176 31 171 135 150 217 93 153 96 167 188 216 38 142 192 221 57 150 122 24 32 160 197 158 126 124 201 121 66 186 206 143 138 51 108 49 42 75 26 181 26 1 18 19 59 240 43 218 201 104 215 224 54 33 94 65 106 213 
101 90 74 121 168 14 64 180 185 74 171 246 16 166 132 205 223 4 28 98 212 120 98 192 97 172 90 81 161 35 225 235 82 219 75 82 184 126 146 91 10 125 182 126 129 41 236 190 243 132 35 28 39 158 198 234 74 182 211 82 59 84 247 245 235 40 
114 130 32 221 79 160 82 73 150 84 207 235 165 217 172 173 31 106 162 7 250 58 13 31 178 229 234 201 106 61 144 246 218 217 151 145 34 135 94 97 41 104 50 33 72 140 81 233 170 211 101 99 51 167 209 81 120 68 147 44 136 27 56 241 97 71 
121 190 187 9 149 135 92 204 12 144 110 63 241 76 122 41 118 62 94 219 18 137 218 81 153 59 234 24 172 160 211 181 113 210 81 65 142 222 112 125 238 164 30 213 115 86 126 8 161 98 158 107 187 2 104 154 57 150 141 209 147 3 36 165 232 124 
101 6 151 249 123 26 80 36 14 107 101 88 109 5 140 176 27 106 203 215 6 114 153 144 143 219 183 28 182 116 151 243 78 117 158 71 116 169 33 123 31 108 218 233 107 109 121 250 243 100 46 248 51 140 154 185 149 90 213 208 167 125 228 93 192 79 
220 247 116 243 139 83 193 26 174 23 243 246 184 120 104 45 234 105 90 58 49 135 112 56 197 199 82 101 217 98 103 142 180 215 6 212 130 94 122 45 93 178 5 27 114 86 104 161 103 28 117 46 37 121 205 117 107 152 82 153 167 140 48 121 149 104 
131 44 193 203 190 181 101 224 32 211 107 96 228 191 50 4 57 75 13 71 85 29 70 35 213 159 25 133 158 79 218 49 226 160 236 213 54 171 172 165 109 87 213 186 177 243 177 94 58 145 93 189 198 148 37 156 161 50 189 67 228 57 16 20 27 196 
32 66 10 229 92 225 10 165 75 140 198 188 223 137 167 86 121 100 34 28 105 175 72 233 94 74 71 16 248 147 189 238 149 224 182 60 162 244 166 66 241 210 230 92 68 38 65 108 12 153 83 95 57 182 132 148 181 214 165 124 20 171 215 233 249 221 
46 196 210 229 28 207 5 8 179 146 235 114 60 98 230 94 120 42 240 47 248 209 97 166 154 245 110 200 173 195 101 13 164 173 51 203 2 225 161 15 78 105 30 91 124 215 140 145 97 63 36 219 220 64 106 144 107 152 140 180 55 195 201 153 114 205 
11 117 166 218 12 157 78 177 36 21 20 205 78 200 79 93 57 103 134 53 135 106 72 63 181 44 19 212 152 135 53 181 169 215 109 30 168 76 0 25 112 236 72 112 21 20 176 192 153 91 66 169 67 148 2 69 54 75 85 36 137 123 237 150 50 30 
88 20 83 51 68 107 188 190 108 161 244 40 61 159 53 98 94 112 99 73 167 174 61 127 50 181 213 115 234 248 107 178 115 81 213 18 78 121 63 184 32 13 217 98 202 30 157 97 91 127 209 32 54 181 223 124 147 12 242 26 82 161 150 127 79 200 
43 146 155 119 78 111 5 178 239 42 62 55 136 230 243 91 18 171 51 246 122 175 29 48 238 7 134 84 45 34 76 72 107 130 140 162 147 166 91 171 18 238 176 97 235 190 16 221 27 64 71 238 15 136 37 82 204 65 226 169 78 159 24 84 245 142 
198 88 58 198 248 214 157 243 84 150 47 107 184 37 73 61 198 207 229 63 241 168 217 194 214 27 56 180 218 126 95 127 79 77 227 216 6 8 87 78 200 145 211 208 100 164 223 85 88 91 25 75 59 70 199 158 176 200 238 69 98 243 197 49 127 95 
50 12 32 137 143 138 44 4 245 54 41 14 53 43 221 151 113 25 120 116 122 171 62 202 189 139 72 10 242 171 174 39 0 58 27 137 72 53 221 106 140 240 250 4 117 87 136 101 6 78 97 59 86 16 167 66 12 37 120 190 0 21 42 24 169 43 
104 236 58 67 213 244 247 25 142 200 154 78 84 73 62 51 58 109 36 191 104 59 226 68 217 46 24 96 43 115 167 201 95 136 101 227 96 49 246 104 122 132 237 193 217 138 61 244 166 155 224 104 92 186 47 73 95 86 77 130 219 17 95 228 18 23 
131 88 139 51 96 239 134 32 148 201 21 76 138 204 236 214 189 231 249 121 153 109 86 88 206 42 218 185 54 24 54 131 141 51 204 249 212 150 196 126 108 242 225 28 2 75 80 39 57 126 120 12 8 11 116 116 169 33 231 243 95 19 107 35 205 165 
