27
188 56 202 172 162 93 12 156 184 34 198 20 108 38 75 163 166 164 114 37 165 223 171 231 120 22 127 
249 150 222 249 250 146 163 52 60 0 162 33 248 83 52 111 131 126 28 115 210 219 171 233 105 114 78 
27 219 84 84 13 238 133 131 123 190 68 217 24 190 222 100 186 223 174 44 9 57 234 140 66 145 209 
32 8 115 116 186 50 27 66 206 232 193 219 185 219 189 233 63 213 23 23 1 135 20 139 206 92 217 
126 127 54 190 220 184 80 213 193 42 6 98 180 100 53 8 77 56 147 2 206 0 132 59 10 204 228 
77 28 135 206 52 49 43 16 138 111 233 195 27 75 7 128 138 111 89 114 156 178 154 128 104 121 97 
155 44 49 188 220 157 170 45 225 49 89 217 23 80 196 40 97 194 196 136 158 75 72 94 185 16 188 
43 189 116 97 153 79 115 130 176 82 76 167 64 5 185 148 24 93 233 221 192 230 55 19 225 130 12 
69 166 234 2 201 154 94 111 95 26 93 139 191 228 225 75 118 240 212 233 143 62 241 166 56 12 14 
31 235 165 107 226 148 119 164 170 121 166 200 44 57 6 232 74 219 226 144 137 93 68 60 211 201 144 
248 136 225 222 11 187 124 59 164 222 107 24 25 63 28 226 132 233 241 100 98 1 51 14 96 114 203 
194 10 13 112 6 16 32 32 67 94 173 180 232 6 117 17 19 126 35 205 215 236 21 76 35 155 250 
16 101 48 134 92 57 219 232 171 133 172 123 156 206 215 33 197 249 187 183 238 198 72 162 223 241 34 
11 148 101 195 22 190 4 187 10 198 105 116 128 140 31 103 53 64 139 72 33 155 167 55 234 74 69 
243 173 107 181 196 172 14 19 142 85 32 146 22 88 38 185 9 225 220 20 110 215 114 242 168 75 212 
118 121 154 120 124 81 169 161 18 24 225 28 195 96 202 133 201 83 30 187 24 94 160 207 183 154 126 
207 58 134 45 180 76 119 161 120 171 236 92 50 215 199 221 147 60 162 91 164 21 148 192 244 95 157 
58 136 205 160 120 22 106 216 37 232 111 203 246 184 69 118 87 134 191 89 25 189 206 96 110 180 150 
243 59 227 106 212 202 231 215 140 138 229 200 36 148 112 40 238 176 83 205 91 42 50 133 152 82 230 
80 125 250 123 124 88 192 110 236 212 233 219 187 183 230 196 103 233 31 29 88 197 16 97 17 45 24 
138 106 177 97 150 51 162 15 170 131 73 226 225 158 213 71 67 248 69 188 226 129 119 61 92 250 247 
150 169 180 33 89 6 111 241 24 74 35 169 216 8 212 226 234 51 20 176 65 184 85 123 52 17 17 
92 213 250 241 79 230 76 233 23 94 160 56 25 98 184 176 224 84 141 88 118 213 249 98 138 95 181 
229 153 91 245 170 5 152 103 55 232 140 192 70 56 65 70 24 242 223 7 236 131 133 196 124 92 65 
8 85 96 66 202 38 141 150 242 162 200 191 209 87 197 175 7 81 187 225 96 101 210 136 219 114 23 
40 47 50 190 185 143 144 91 205 226 174 67 218 166 5 5 178 140 189 148 25 77 73 115 68 41 159 
120 31 248 175 99 150 62 191 1 67 55 125 179 163 34 85 13 238 6 121 66 163 184 70 211 23 188 
