94
68 88 65 79 123 163 222 22 26 165 45 182 237 127 17 150 33 82 16 201 86 2 3 92 189 1 1 21 13 166 2 235 145 17 38 159 77 88 105 178 16 57 168 199 218 89 73 180 41 95 239 57 7 119 58 135 23 103 76 55 239 67 4 92 124 150 55 175 191 47 35 79 85 135 66 43 242 47 34 10 240 182 181 3 66 119 132 74 72 230 139 66 184 142 
12 142 196 170 115 68 21 127 200 156 162 115 243 141 242 191 181 29 188 117 30 36 236 1 169 118 10 181 122 227 78 52 240 101 79 108 149 209 91 190 158 187 5 66 34 219 154 205 30 135 85 199 26 193 137 38 189 145 89 98 55 215 192 45 39 116 207 70 128 67 197 38 181 195 16 109 121 25 190 70 187 233 229 124 95 59 67 87 172 130 133 192 182 28 
82 27 212 210 80 70 49 194 146 145 211 246 82 117 63 208 13 250 24 42 34 7 189 45 204 83 237 60 21 125 5 112 158 149 116 131 86 217 234 70 83 197 60 23 173 37 200 9 101 90 84 41 1 105 247 61 156 214 106 92 167 51 216 35 135 29 2 240 125 16 204 197 229 68 112 2 141 86 194 214 184 220 6 52 100 27 188 113 175 139 250 98 20 225 
23 131 50 173 184 202 119 4 55 223 203 103 236 19 49 178 233 186 152 129 35 230 211 194 19 207 211 163 46 177 2 9 224 239 96 211 62 181 223 225 234 235 118 142 130 66 50 112 57 133 56 65 124 113 6 67 94 181 171 154 35 135 228 34 99 240 44 189 183 207 94 154 135 74 110 226 99 7 211 223 247 243 51 154 200 169 23 113 248 87 240 144 5 219 
236 109 193 247 14 19 50 214 136 166 233 246 147 11 23 47 222 73 150 214 21 183 32 77 206 87 160 48 86 48 125 6 186 234 67 131 47 166 87 26 73 229 145 236 120 0 153 102 135 18 116 125 157 197 133 245 16 182 208 37 199 15 171 243 216 197 98 67 173 232 108 189 203 102 2 89 13 74 68 31 19 108 199 216 17 17 164 34 105 13 32 34 10 148 
224 230 111 78 75 88 41 60 194 7 179 209 126 197 47 207 196 225 104 182 44 243 94 200 219 81 149 10 149 175 59 208 55 188 82 3 146 190 210 143 231 26 240 225 21 240 43 24 68 185 98 171 32 178 54 120 20 237 154 121 93 153 159 72 156 63 165 152 87 71 203 185 5 220 185 101 47 22 75 170 142 192 83 244 169 229 56 199 115 233 204 190 123 28 
74 156 149 96 84 125 164 247 13 10 247 183 167 34 214 224 94 118 151 123 247 62 49 246 41 54 126 96 186 64 125 75 237 80 86 126 108 213 220 17 105 90 83 164 235 151 136 6 233 13 136 246 61 150 219 206 111 35 74 21 172 124 244 167 206 249 127 156 68 250 186 204 230 108 154 56 121 66 17 74 33 5 126 11 17 61 165 65 248 173 127 111 38 179 
135 72 161 148 208 65 75 105 179 111 129 24 196 204 185 43 98 142 189 102 214 140 80 191 197 234 15 93 20 185 173 120 126 106 200 79 106 165 238 66 91 216 226 217 1 244 157 71 14 86 194 125 186 0 157 57 187 45 159 179 107 240 23 142 225 224 97 85 50 132 125 236 151 62 226 29 112 114 75 228 243 20 202 136 108 196 82 84 247 81 67 174 124 169 
209 153 135 85 106 162 244 36 109 4 19 57 97 102 184 11 196 47 170 134 231 200 68 30 177 189 28 180 240 97 187 6 151 195 158 146 144 237 213 182 116 158 223 109 204 234 15 11 218 188 27 227 78 28 15 221 20 165 125 237 53 206 145 230 208 205 69 236 4 10 127 86 46 115 41 78 76 89 163 69 155 61 235 77 32 157 225 71 61 84 19 228 217 181 
127 81 83 53 88 18 43 20 24 212 245 187 178 208 193 240 80 36 137 37 138 176 6 9 214 62 102 90 45 51 221 80 55 20 9 138 26 173 12 174 174 54 226 10 230 126 36 245 41 178 210 19 130 105 181 60 239 176 214 135 77 166 153 172 43 1 138 130 77 65 137 229 246 45 51 250 221 244 128 116 110 101 186 227 43 38 110 239 35 2 9 3 196 28 
44 76 164 239 45 75 76 43 173 182 182 162 17 120 52 198 78 139 164 38 94 210 222 194 153 15 8 66 162 244 165 89 105 110 29 148 17 115 58 40 96 184 94 167 233 13 48 198 179 135 98 72 13 159 161 209 67 213 239 88 38 183 179 30 68 204 116 25 92 154 88 75 43 32 117 215 17 125 206 249 56 21 18 112 43 223 23 166 35 126 30 155 156 188 
23 165 198 183 134 51 205 213 181 135 54 203 74 75 65 227 83 193 123 219 180 8 79 17 4 148 233 192 121 86 0 241 204 181 220 207 102 44 51 17 246 84 105 247 192 97 240 209 245 38 231 227 44 132 49 175 21 86 74 67 190 216 192 197 161 194 12 156 224 159 17 98 200 74 126 13 231 115 224 24 236 21 181 232 134 32 235 195 128 232 197 182 31 107 
225 236 201 240 168 140 84 211 142 106 103 33 44 92 0 223 84 238 232 205 234 59 238 46 109 159 97 213 58 139 85 101 136 155 8 184 179 237 31 148 77 99 76 176 186 71 28 131 209 163 98 202 17 18 240 14 47 198 230 89 25 236 137 101 237 133 142 189 241 93 79 154 174 201 101 14 159 142 109 20 95 191 165 98 112 209 82 130 149 202 34 225 119 81 
137 85 95 153 4 42 40 100 238 76 165 2 180 247 81 234 172 206 192 128 36 131 45 28 224 194 52 126 151 18 213 120 58 199 12 27 201 236 182 237 227 15 140 47 203 211 125 122 26 124 48 52 106 131 88 105 176 21 43 127 236 118 89 175 3 240 191 243 157 123 228 39 7 22 66 205 201 214 215 205 164 164 107 104 249 179 93 182 101 224 218 58 240 216 
109 176 152 117 150 120 179 160 90 249 38 156 171 191 57 76 98 170 135 27 117 120 197 48 239 104 120 52 137 90 87 99 75 138 46 46 64 35 93 7 194 39 208 148 230 120 116 146 12 189 228 38 216 83 232 223 241 59 93 148 129 124 124 102 209 233 212 60 31 85 136 183 49 120 37 240 46 175 228 117 0 55 109 156 3 243 189 149 19 83 230 182 216 145 
197 50 188 85 3 29 115 85 114 7 231 2 16 11 142 87 182 180 8 86 127 102 184 227 61 13 9 33 134 79 31 35 93 151 235 122 42 112 59 208 9 158 25 57 128 140 140 67 49 6 215 24 142 43 100 117 217 177 180 195 136 230 38 127 128 206 139 122 204 187 152 16 16 136 233 182 119 15 191 134 161 159 46 241 40 131 114 242 77 21 187 139 153 230 
166 38 156 187 133 101 208 52 108 53 18 39 105 201 56 172 41 206 171 137 233 42 115 18 44 231 249 210 97 1 196 108 78 250 250 29 235 232 103 60 215 139 73 178 180 216 187 18 123 50 91 51 83 246 16 60 189 241 38 134 194 55 11 174 161 130 167 83 95 151 21 24 90 111 59 94 152 122 82 142 220 60 54 7 135 190 58 17 10 198 172 189 128 108 
191 46 229 95 125 93 120 33 20 100 69 228 97 64 205 82 161 80 213 206 90 228 151 115 129 22 29 124 154 233 56 171 83 179 26 23 105 243 6 15 21 120 137 35 125 217 69 53 11 169 95 35 242 20 240 127 1 124 122 96 243 149 42 3 20 17 206 62 115 142 141 201 131 46 18 76 104 223 167 78 12 45 218 249 146 42 248 25 216 209 82 146 179 6 
49 87 30 210 191 5 211 50 48 186 220 167 208 241 154 110 123 223 198 35 69 68 101 30 195 107 92 53 155 84 198 212 142 214 247 0 15 34 176 9 68 149 189 139 97 16 87 199 146 185 130 74 55 78 156 240 233 25 168 123 122 105 74 126 163 110 19 108 119 237 28 133 142 190 146 28 166 157 115 243 115 213 15 111 179 72 248 45 179 75 185 116 153 66 
78 112 54 49 67 119 93 79 35 180 154 152 250 144 135 176 84 112 158 237 205 46 117 48 33 167 7 124 17 197 156 175 240 115 244 188 23 102 57 155 173 183 61 138 76 57 194 230 18 140 196 229 115 62 50 144 41 110 15 29 45 231 150 234 213 174 106 184 143 87 127 123 50 2 114 214 226 213 95 24 171 41 188 16 149 114 33 166 217 177 182 139 9 11 
90 11 165 225 70 28 182 1 128 245 177 29 49 84 122 163 58 17 95 227 181 152 206 111 214 8 122 223 119 41 94 203 211 41 209 141 166 248 37 152 82 106 187 209 235 179 229 180 230 111 173 185 206 86 83 80 85 11 35 161 2 172 119 54 95 236 57 161 196 111 119 140 84 137 227 117 213 188 62 68 157 62 154 10 50 229 182 208 243 120 130 182 210 99 
138 191 87 106 107 51 35 64 2 242 158 132 26 147 69 210 223 198 33 175 19 195 28 20 250 101 237 5 61 129 121 1 88 133 212 38 8 169 162 67 249 44 69 59 172 250 176 51 247 187 101 6 107 4 12 226 44 164 85 216 25 237 195 246 193 242 225 178 102 194 36 195 183 85 57 237 151 123 127 57 69 59 99 116 141 146 184 110 20 164 23 89 116 128 
115 222 226 64 194 20 177 8 96 210 74 132 237 110 185 185 128 82 18 191 32 224 114 50 30 149 71 86 67 208 235 19 236 206 113 203 25 22 4 83 223 198 220 9 120 3 193 171 91 191 247 130 143 241 206 159 4 79 36 50 80 7 22 187 5 81 115 88 119 60 230 176 179 112 152 98 137 182 61 26 30 33 55 33 187 86 227 21 145 142 170 24 55 54 
214 233 194 240 61 127 11 47 23 5 69 112 86 19 135 185 83 163 50 86 153 73 221 48 124 171 144 240 191 62 170 225 156 96 30 214 169 124 207 86 87 111 54 188 90 54 117 138 88 60 145 114 95 134 19 118 141 103 92 90 112 250 211 233 0 59 113 62 143 39 55 125 90 38 103 27 88 21 203 250 90 32 182 14 159 110 9 146 6 118 175 25 78 104 
172 0 36 160 194 111 76 245 20 36 237 66 119 182 224 103 44 147 129 89 135 81 52 14 20 50 209 160 194 227 217 133 60 160 57 66 167 69 74 76 165 53 178 75 161 2 36 21 44 97 244 215 26 219 173 182 178 107 185 166 145 108 190 234 131 98 41 171 198 79 68 16 97 43 114 45 192 216 75 228 1 241 248 48 127 178 150 14 162 130 26 176 74 182 
186 101 83 203 18 43 148 154 193 198 185 207 92 159 224 190 169 16 79 132 103 220 233 25 125 48 100 230 72 63 191 153 43 200 21 108 234 146 161 60 200 22 243 220 140 113 57 198 230 250 22 200 160 199 192 212 74 214 139 109 69 12 139 13 247 207 248 18 174 140 103 105 103 212 54 86 203 242 68 57 165 230 32 178 142 81 176 196 86 14 124 125 112 77 
246 105 71 249 198 163 66 52 180 122 246 233 78 59 144 21 61 124 246 93 34 47 226 138 77 193 31 5 5 57 110 39 228 0 127 80 61 195 179 184 53 90 213 17 197 109 53 84 68 14 45 1 192 53 135 73 125 13 37 85 106 136 1 75 75 12 150 46 243 230 37 153 127 28 133 39 230 76 85 195 178 243 38 66 227 16 150 40 191 47 103 79 225 172 
137 48 231 155 20 28 185 120 97 190 243 42 82 90 44 71 235 123 60 33 12 125 45 149 104 131 49 28 120 44 59 115 146 109 46 92 42 198 226 207 180 243 42 208 2 172 94 50 130 108 204 14 65 172 36 28 156 144 14 158 95 98 36 177 172 64 129 6 126 94 162 122 5 167 167 173 93 240 197 169 100 108 122 99 19 21 8 14 32 164 35 37 5 0 
175 75 185 110 18 10 5 215 119 222 139 223 189 115 105 13 122 19 217 83 244 6 238 91 43 224 94 194 240 13 214 82 50 107 107 53 128 45 68 62 184 231 202 68 119 189 153 39 140 16 198 237 208 238 128 232 229 110 46 137 81 165 79 163 17 114 96 63 240 205 114 116 138 226 79 224 40 207 19 184 234 151 13 103 116 134 121 186 89 74 3 210 25 181 
162 38 29 179 226 77 68 191 12 73 146 232 73 156 194 172 216 214 0 184 177 250 211 147 23 210 91 171 186 222 103 204 177 166 45 78 38 198 248 244 152 103 147 88 201 245 51 169 241 155 182 121 174 119 130 59 174 132 205 77 4 14 4 245 176 58 116 139 238 87 200 231 143 246 58 89 246 70 98 41 8 229 91 24 81 123 120 13 221 79 132 194 27 98 
44 22 180 149 7 140 10 12 53 207 47 159 40 127 38 231 247 178 25 46 225 146 220 204 104 236 111 99 63 116 162 70 50 151 218 69 221 192 48 9 228 168 249 155 205 130 26 37 8 111 160 89 201 129 212 128 142 202 6 181 133 176 37 39 86 108 35 87 125 130 8 148 172 216 51 60 7 186 17 67 5 38 112 98 224 131 61 130 32 233 83 89 180 3 
145 5 72 60 205 188 141 224 132 9 225 212 217 26 112 53 230 167 41 202 35 82 11 142 210 52 216 194 173 107 156 92 178 169 65 215 217 67 166 236 193 203 90 113 9 74 123 12 16 110 131 154 214 20 219 238 197 18 130 146 16 21 124 157 28 58 145 121 9 237 155 3 4 11 124 62 169 158 31 205 84 57 45 56 46 198 104 230 154 170 104 91 63 230 
199 6 157 19 166 80 176 92 122 214 87 245 192 14 244 223 102 181 102 18 1 88 18 0 95 134 240 210 137 201 42 64 120 50 235 17 198 236 4 90 27 137 117 125 105 135 222 57 157 6 73 24 48 62 44 65 98 210 145 33 14 59 120 113 24 148 95 69 66 194 113 215 245 94 241 138 190 128 185 114 185 180 167 221 11 65 233 96 27 215 123 149 83 1 
5 153 59 17 160 104 109 91 182 19 248 19 16 233 173 203 15 201 7 120 129 196 120 141 58 135 104 216 165 101 161 15 208 182 179 21 117 122 220 121 25 238 195 231 119 48 43 162 16 216 80 247 11 167 230 238 39 75 104 30 37 57 233 143 84 106 140 57 233 108 32 122 7 85 119 49 74 102 111 19 16 82 65 122 222 41 7 139 11 207 111 4 112 87 
75 239 148 68 188 201 150 55 132 180 190 125 134 90 179 195 155 114 138 84 123 184 139 155 89 143 30 113 132 153 62 143 213 226 170 67 44 145 112 50 84 151 248 137 149 97 166 13 38 175 86 187 16 188 161 67 116 77 164 142 23 102 183 125 140 101 82 93 62 53 169 99 1 14 94 16 78 21 31 151 220 153 103 14 148 23 192 72 118 158 170 225 91 63 
107 185 129 149 73 121 205 92 69 12 131 28 178 172 239 214 174 201 168 45 228 169 223 232 124 135 228 159 17 189 80 123 205 118 167 245 250 29 77 217 66 122 54 114 59 16 136 155 167 34 127 24 228 243 15 232 92 95 39 86 19 58 169 7 183 142 189 62 117 216 11 19 97 243 151 211 116 81 25 138 247 154 84 124 170 44 208 159 123 97 48 14 73 65 
219 80 18 52 212 35 44 188 37 36 118 156 12 6 11 206 6 168 199 24 81 28 166 225 222 99 55 125 32 156 219 24 144 78 152 51 80 58 112 215 177 243 4 105 11 124 231 131 179 75 48 98 122 148 136 151 204 76 90 154 52 117 64 177 95 117 245 187 163 93 168 244 128 133 195 140 92 54 93 19 88 165 68 96 211 55 175 23 184 180 95 38 245 121 
29 123 36 157 49 65 5 118 32 237 162 165 223 32 104 136 222 208 125 61 58 248 139 207 175 118 138 166 247 249 200 174 213 41 17 208 4 188 59 142 120 23 22 123 92 234 135 142 51 131 225 230 1 37 120 23 230 167 124 85 132 0 145 100 86 180 98 138 14 178 55 230 229 128 222 136 112 88 197 235 144 222 156 137 59 210 49 156 173 224 216 77 87 160 
75 220 247 207 108 109 198 208 49 233 142 203 213 177 114 27 202 86 68 2 115 158 193 94 134 17 84 172 111 9 66 216 190 94 168 240 198 24 174 39 165 65 57 144 180 24 94 142 40 62 213 114 160 55 30 60 50 194 49 112 73 217 211 34 246 41 92 161 64 248 171 16 2 203 169 243 149 136 54 96 122 23 198 105 232 58 86 65 146 30 136 78 227 121 
52 11 75 97 31 148 170 151 27 183 215 75 185 99 100 124 52 68 204 238 2 187 176 29 170 244 79 205 161 106 118 212 125 88 217 29 63 172 155 221 139 17 188 106 218 184 165 225 24 242 202 88 155 156 15 119 230 33 93 232 90 72 231 231 213 155 44 92 130 185 59 179 85 202 67 211 99 132 233 97 82 231 50 101 47 156 60 3 170 131 111 84 163 44 
19 228 189 219 61 241 181 35 214 19 21 181 188 0 193 10 185 212 26 25 137 147 158 221 19 46 88 135 113 207 52 176 6 45 94 65 136 238 79 150 171 149 142 164 188 105 107 85 73 189 83 179 24 17 59 17 39 230 38 170 44 230 153 46 2 159 152 91 117 185 69 62 25 2 227 83 159 41 241 130 227 213 6 23 45 233 118 45 180 182 131 154 169 189 
178 2 30 9 102 28 132 177 42 15 167 116 122 93 92 104 240 167 232 165 6 231 145 52 119 191 44 59 204 218 202 153 224 61 197 94 98 9 66 13 68 174 46 123 53 176 155 36 26 11 114 206 241 63 16 60 90 229 122 246 18 32 144 160 124 153 184 177 110 68 146 51 8 97 248 171 96 85 46 227 22 248 38 197 236 171 82 3 196 90 31 172 118 18 
102 54 241 28 92 143 159 113 112 90 46 233 241 27 28 42 50 67 144 28 119 248 217 47 193 216 22 135 205 244 159 0 61 238 242 70 200 180 222 105 156 230 79 79 11 153 238 172 218 72 151 3 53 185 62 159 160 214 131 158 238 78 15 250 138 122 105 218 240 155 233 160 106 243 228 19 174 185 35 29 91 58 231 50 70 22 63 215 205 52 7 67 0 142 
198 90 107 246 107 203 37 162 103 24 59 109 146 100 205 159 196 15 22 23 68 83 194 211 103 7 25 159 133 175 221 79 114 38 243 87 178 77 124 3 188 223 218 58 219 74 142 76 213 179 90 35 146 51 57 111 22 54 103 176 176 94 236 53 148 120 101 172 43 133 35 198 203 14 60 248 127 165 210 147 66 130 243 106 180 111 204 41 80 56 201 85 9 200 
220 45 163 21 5 236 20 108 115 63 144 171 188 42 23 145 85 51 20 219 98 44 230 230 23 226 1 153 179 165 23 21 208 246 31 131 243 92 16 208 34 89 122 151 136 219 31 242 29 147 250 13 34 65 217 173 247 36 110 94 208 37 149 68 209 132 46 148 47 79 190 156 201 9 82 8 38 51 41 231 117 22 32 214 226 67 39 131 199 70 103 58 208 66 
100 218 26 1 247 83 42 51 181 49 41 73 121 77 220 42 190 89 94 35 221 131 147 248 138 25 224 37 230 87 182 81 191 21 250 31 93 25 68 64 47 211 69 162 245 10 17 117 67 188 10 133 126 112 105 212 19 236 72 186 103 0 195 5 64 222 27 147 4 182 249 204 190 130 51 12 238 93 157 20 60 46 244 72 63 38 11 95 35 135 198 81 150 243 
244 28 0 142 114 9 216 114 173 51 164 13 156 153 75 130 4 181 47 123 183 219 155 212 159 105 10 71 92 58 17 215 20 152 93 25 73 129 127 189 201 190 233 191 221 122 1 130 250 113 182 93 155 44 102 116 225 74 58 240 162 105 242 237 241 13 226 160 149 46 6 174 1 176 240 45 169 193 8 150 41 172 149 179 60 57 57 147 74 0 93 214 78 187 
28 217 187 236 37 237 43 221 165 62 30 50 94 154 214 124 81 10 54 229 132 181 45 107 110 180 0 101 247 148 102 56 214 86 73 241 233 53 27 228 34 218 65 239 125 137 90 230 229 13 57 60 47 83 180 107 136 19 84 80 105 111 65 62 61 9 136 15 124 239 231 92 225 9 211 178 89 75 216 83 83 166 13 67 191 250 212 8 180 238 1 217 4 186 
127 172 13 64 153 29 201 112 114 38 93 169 84 94 135 99 129 175 37 27 208 28 51 150 40 62 176 161 19 22 249 208 46 177 235 58 5 2 192 125 156 162 25 31 101 137 30 150 188 154 235 0 23 247 17 208 4 118 226 138 38 141 227 227 99 95 84 66 15 105 50 123 187 62 167 10 96 8 203 149 203 239 87 26 163 54 24 104 194 34 63 105 99 91 
151 44 56 192 179 127 62 159 61 43 196 177 202 133 242 79 102 12 220 75 217 174 92 106 250 169 17 110 154 244 70 24 201 92 56 164 235 72 98 86 46 90 116 211 12 87 111 88 245 75 94 177 23 53 191 199 80 108 101 7 100 158 172 129 223 135 110 99 72 73 6 5 28 184 158 249 64 185 59 216 57 44 156 148 132 135 87 146 92 68 105 169 199 37 
197 86 56 36 24 72 134 176 25 224 249 22 239 35 59 125 156 176 93 143 103 152 80 84 5 21 145 238 164 162 150 108 23 165 102 134 79 101 245 131 231 211 108 46 212 214 44 51 131 102 218 175 178 166 104 248 148 223 197 74 84 179 105 232 128 83 119 66 207 155 53 13 156 71 148 35 234 32 67 53 11 154 7 107 216 146 202 217 250 84 154 91 180 123 
20 1 137 238 113 161 85 80 172 239 174 173 201 54 90 11 230 149 193 17 169 151 237 120 9 105 89 148 11 240 223 49 90 33 37 230 50 248 54 63 233 18 135 61 16 12 180 81 208 18 72 106 233 161 101 237 248 178 137 56 187 16 216 13 159 161 236 171 93 54 45 178 250 27 11 247 208 15 215 70 1 164 64 183 172 121 216 102 174 248 229 185 21 6 
58 117 235 190 237 138 75 75 52 127 139 20 29 210 16 104 226 21 171 11 26 227 6 111 240 90 109 248 136 85 125 97 114 97 242 231 215 51 233 70 28 0 203 45 218 35 145 231 24 166 232 91 33 143 175 10 147 15 179 65 243 105 179 85 22 225 73 161 160 242 185 109 35 119 141 68 134 130 221 39 55 232 213 110 151 114 138 157 125 84 214 242 47 219 
138 119 87 29 61 79 135 157 103 119 1 164 232 94 238 206 0 194 208 67 12 116 24 108 179 249 55 32 192 214 66 71 102 201 205 162 29 106 193 148 231 174 141 185 209 240 92 224 152 114 216 85 225 102 217 151 132 196 241 33 18 107 70 85 111 144 245 167 77 136 51 24 44 86 222 247 44 182 69 81 109 90 58 144 114 187 175 176 184 247 56 170 9 244 
138 58 73 242 125 95 203 101 97 52 44 248 154 13 249 200 100 89 102 83 243 15 0 71 167 212 83 169 20 174 42 52 200 137 187 8 11 135 4 176 244 196 85 88 108 53 103 104 220 182 130 6 81 128 118 11 41 85 77 22 20 169 249 166 227 118 160 107 111 45 41 170 3 144 126 179 152 110 129 153 156 234 90 243 207 150 118 218 28 188 185 83 97 202 
86 20 195 126 249 192 55 140 177 130 128 191 127 220 60 98 211 119 145 143 48 20 51 169 236 119 111 235 98 146 82 131 96 103 65 73 207 93 144 180 114 31 34 199 159 70 20 193 168 21 223 208 139 155 118 108 34 132 7 182 114 21 50 250 117 10 48 190 241 67 1 43 24 69 34 177 125 180 94 196 140 204 197 210 131 14 51 97 3 131 215 85 120 161 
130 169 163 18 124 196 102 116 80 98 182 234 244 93 133 186 144 104 87 30 224 199 171 131 1 72 150 54 46 117 127 109 225 112 231 164 35 161 31 146 94 212 146 182 76 38 188 238 8 35 5 154 115 193 27 241 3 134 104 200 106 207 88 181 232 139 86 5 84 48 170 173 4 132 201 112 42 85 115 240 83 117 148 243 125 245 137 152 9 5 204 216 111 108 
41 16 95 181 56 238 191 174 217 19 13 134 71 106 164 105 23 101 50 74 240 113 121 163 37 249 216 222 64 215 141 129 187 236 123 155 114 49 224 94 172 124 27 43 16 29 243 230 142 170 183 221 107 206 204 8 25 132 113 212 166 141 33 126 53 31 146 116 230 210 205 5 116 196 246 118 28 153 83 207 147 198 110 4 73 112 5 24 176 229 48 15 232 50 
55 90 201 219 174 182 11 173 198 155 107 5 43 184 206 18 112 228 82 126 239 14 187 91 113 137 139 108 180 236 205 72 34 220 220 8 38 90 243 193 214 176 102 7 170 89 126 12 239 44 217 117 59 39 50 107 90 47 137 13 61 105 140 172 5 203 129 62 85 130 13 242 22 192 50 189 249 237 118 40 40 166 86 77 172 159 17 246 19 197 215 165 183 131 
195 229 217 140 134 132 83 16 160 233 193 163 250 210 128 206 159 238 234 68 147 208 99 250 200 127 142 45 176 193 120 44 127 173 144 221 102 163 137 107 5 230 63 123 124 186 69 162 188 228 145 100 225 100 104 215 249 189 107 159 51 35 178 106 66 84 36 214 49 131 84 57 193 237 168 185 65 88 95 244 192 205 61 62 41 61 56 151 59 230 146 191 245 119 
217 111 161 89 117 195 185 186 70 235 88 182 9 216 92 179 72 119 7 230 67 6 161 90 103 223 15 49 40 237 228 25 236 238 156 57 230 86 120 98 244 133 46 244 4 207 141 210 237 143 171 113 250 46 163 141 23 174 92 48 214 141 2 16 38 205 145 146 245 246 42 188 210 179 10 169 14 123 94 200 188 173 246 14 124 8 93 170 130 88 5 188 79 49 
172 24 124 83 35 238 83 147 91 209 224 198 174 45 56 199 54 247 212 195 28 118 26 171 140 195 53 52 193 91 22 126 238 134 241 34 15 152 78 163 78 208 237 59 180 60 131 64 51 99 238 56 89 3 88 228 115 232 183 98 157 207 32 88 99 72 13 37 195 232 215 217 190 219 246 32 92 243 184 239 0 195 212 249 193 193 223 47 144 53 148 177 228 15 
125 87 139 194 171 46 80 130 71 92 4 22 106 119 244 77 40 67 213 199 157 150 56 119 33 231 155 150 175 28 142 57 114 142 56 75 27 236 46 22 120 97 187 173 229 171 89 158 236 83 164 238 33 68 49 79 71 118 180 74 14 223 209 68 135 240 149 110 188 209 49 145 213 191 199 148 99 129 0 212 107 211 55 53 60 48 178 177 39 244 72 17 170 57 
245 238 26 20 250 200 65 22 125 87 114 205 183 243 14 203 76 50 6 208 203 43 139 0 124 194 137 195 145 219 230 165 176 164 209 70 1 172 46 117 149 173 8 28 161 138 172 14 90 195 5 193 60 68 128 105 241 198 128 48 131 198 203 68 82 83 35 5 203 68 157 134 180 43 92 108 14 20 144 219 244 72 247 140 204 213 67 202 247 179 41 52 56 160 
167 207 155 113 152 141 151 213 165 40 219 175 120 177 6 45 35 30 232 86 47 232 219 89 162 92 206 144 75 99 105 248 147 108 245 182 58 219 83 219 126 44 210 250 198 208 29 215 54 230 9 157 250 196 218 96 205 196 234 44 36 91 234 57 152 117 152 182 158 41 132 238 20 203 66 20 230 103 30 161 137 123 76 66 111 213 90 40 188 215 109 138 184 6 
177 32 107 33 178 131 49 37 11 208 57 186 164 146 61 207 224 99 240 112 227 36 200 105 162 49 84 12 101 90 236 138 243 195 25 79 147 84 21 44 161 196 164 116 170 202 180 49 207 84 163 29 13 151 204 25 223 23 209 167 42 185 161 142 130 8 63 118 158 100 49 49 210 112 71 248 9 161 34 213 6 72 137 186 76 169 226 188 95 215 148 164 160 182 
231 85 80 84 201 41 146 149 48 34 81 111 59 226 104 189 71 193 104 13 215 233 189 178 3 143 192 222 138 13 2 169 9 128 85 186 51 159 114 197 190 48 22 197 36 183 107 129 239 26 166 179 243 214 22 137 243 231 244 142 86 83 196 81 159 67 165 24 132 239 42 47 194 94 69 44 70 211 171 128 116 82 96 246 215 136 183 119 191 167 61 239 43 65 
60 62 229 166 34 111 180 184 193 23 27 238 249 118 177 202 114 62 211 130 14 106 75 96 59 162 42 71 15 249 77 133 122 55 240 189 25 78 153 148 36 27 16 16 34 137 116 91 147 189 23 5 3 31 116 168 230 93 157 120 101 117 176 34 13 111 11 193 234 22 26 220 58 169 92 53 220 222 61 230 216 133 112 177 134 120 3 186 96 226 233 235 75 50 
133 153 138 164 173 164 243 236 135 6 110 107 205 1 37 85 105 4 216 195 188 240 223 150 105 49 42 215 109 212 36 53 27 55 37 74 250 89 76 209 220 31 10 53 223 101 230 216 98 234 129 217 15 97 58 214 241 59 171 235 49 202 83 68 85 177 164 176 48 77 174 121 245 161 222 248 224 178 15 130 35 236 209 40 104 172 184 235 137 207 129 43 172 102 
49 130 2 0 63 179 147 129 162 217 218 23 68 230 169 148 22 10 132 179 77 208 50 188 249 112 82 227 65 138 140 145 74 176 112 50 230 155 177 221 210 160 58 238 51 216 206 180 112 249 64 135 21 163 217 134 5 135 240 115 28 139 97 113 90 243 219 104 34 159 218 185 248 159 131 145 70 92 139 204 179 226 157 46 113 83 157 239 2 139 13 95 184 67 
21 186 240 22 192 90 109 138 14 221 8 56 127 51 31 103 214 70 86 56 143 76 234 48 68 223 105 2 135 232 98 156 149 149 103 21 181 250 115 150 159 239 47 229 125 105 63 6 143 158 126 61 234 126 52 204 194 16 165 99 45 218 131 67 248 111 147 73 67 227 85 76 127 181 35 123 173 15 56 12 248 205 161 40 235 127 216 227 79 244 87 59 104 196 
248 159 154 51 96 114 42 212 88 162 55 161 141 122 74 214 34 49 230 72 166 66 86 91 185 108 22 36 5 105 188 77 172 138 162 82 183 103 234 239 185 178 229 245 2 201 79 219 178 47 69 187 186 37 233 55 67 54 146 13 105 191 51 13 78 235 173 34 235 212 66 74 45 36 61 212 177 225 85 226 183 247 50 112 173 172 6 153 10 44 61 158 82 44 
30 132 206 140 65 44 244 146 199 26 65 106 165 196 232 178 15 144 67 85 27 226 90 6 210 101 88 7 162 66 69 95 6 245 218 163 197 111 44 216 146 167 141 77 201 248 14 115 190 232 20 211 250 117 100 19 233 174 58 131 181 132 64 168 5 5 4 8 54 100 191 162 34 120 83 87 236 209 159 15 145 248 151 212 26 151 217 4 119 145 234 58 210 179 
74 197 200 67 111 131 163 80 20 84 82 14 243 38 131 224 99 30 26 106 221 89 49 111 204 144 6 143 194 217 13 6 23 194 13 41 113 211 183 223 247 194 140 159 180 233 27 0 56 2 149 105 152 201 137 219 47 75 30 95 94 221 234 169 54 197 17 188 161 181 239 128 206 82 50 62 199 87 204 124 169 51 197 204 15 75 206 107 16 38 151 2 163 11 
226 72 42 133 239 121 117 5 76 205 4 98 66 160 84 140 186 233 64 244 194 73 30 230 157 75 84 4 60 185 73 93 23 249 78 149 236 121 111 85 172 225 174 107 29 107 216 112 163 140 46 161 124 161 81 225 242 140 241 125 185 200 1 196 41 84 140 169 18 92 157 188 231 98 240 19 64 212 184 149 181 78 13 65 75 76 88 170 112 198 129 38 165 227 
43 100 90 2 216 97 49 243 221 239 147 169 115 133 151 46 144 112 4 148 153 121 199 48 58 228 166 249 114 57 119 1 245 233 77 140 89 118 72 3 2 198 10 140 189 151 152 164 191 239 169 106 193 197 105 10 62 210 245 24 4 57 146 243 42 129 143 111 19 69 191 245 165 103 127 46 138 131 194 42 198 170 69 45 100 163 22 139 126 41 216 214 27 2 
53 121 226 195 30 226 65 166 146 118 209 93 136 175 31 185 209 228 8 42 67 8 244 103 57 39 102 46 153 7 106 40 216 43 214 89 178 20 133 50 153 28 233 44 144 89 11 110 47 70 138 34 76 242 220 22 245 59 114 60 147 103 74 226 28 68 137 49 129 10 178 89 204 228 222 54 243 146 53 5 52 183 4 9 103 39 204 250 112 26 142 90 40 85 
53 96 216 105 84 220 33 159 163 10 3 234 126 127 76 95 95 203 60 5 199 6 68 209 83 21 55 112 61 105 138 74 78 57 33 76 205 181 42 114 213 9 162 90 110 236 182 105 139 133 210 104 75 63 123 23 198 112 71 210 171 235 41 175 45 242 43 229 129 203 40 195 194 157 249 72 174 248 78 172 85 155 200 26 199 238 143 27 132 201 84 72 78 30 
132 248 239 111 29 92 60 212 55 159 40 121 192 70 170 44 16 70 7 202 22 171 182 14 109 133 70 17 250 54 232 134 74 106 72 126 166 144 116 5 216 193 152 244 112 185 26 44 68 232 26 71 109 223 226 225 162 231 169 119 35 146 220 61 142 37 232 178 174 165 245 196 58 125 236 204 91 167 180 218 241 10 134 6 184 103 178 84 209 16 247 199 16 142 
113 216 125 240 113 170 149 71 126 223 62 0 96 74 219 170 221 168 164 229 234 103 160 48 113 159 63 94 209 194 221 27 118 27 26 22 143 161 172 108 63 170 236 51 71 141 97 181 222 91 23 137 51 178 52 177 250 122 108 174 114 226 142 196 68 13 159 111 200 80 128 23 150 88 94 28 188 95 63 175 205 161 191 97 61 62 191 222 210 126 71 106 87 107 
144 144 190 85 13 41 36 240 41 157 128 23 148 180 143 172 72 61 187 73 96 172 119 129 205 64 227 127 124 223 167 192 140 107 135 63 161 26 137 146 224 158 98 223 124 239 217 163 173 242 189 171 109 246 182 14 195 80 72 28 0 230 240 26 79 105 14 153 28 230 231 233 27 137 77 240 200 135 40 35 211 162 246 103 159 167 247 72 224 204 176 67 165 142 
180 105 149 115 109 130 135 206 53 218 141 159 102 193 127 25 137 121 57 35 18 103 27 245 3 62 98 113 146 245 14 243 93 89 207 216 47 105 6 213 191 219 134 234 250 46 105 205 90 17 35 177 174 162 55 127 199 68 36 137 206 110 165 207 112 104 135 33 27 32 82 61 67 127 116 240 24 115 51 169 102 149 108 145 232 93 163 198 72 243 27 83 143 194 
143 110 136 75 244 225 197 15 80 80 146 22 92 205 203 60 184 184 220 72 57 138 71 85 205 155 201 93 117 172 113 42 235 120 18 135 91 248 12 190 7 66 186 41 14 94 37 109 145 239 208 111 92 233 60 162 86 237 119 133 220 226 25 69 178 118 46 245 228 179 108 53 7 164 146 133 116 249 7 146 121 9 105 169 172 158 183 245 82 134 97 89 235 37 
238 218 83 116 87 43 58 225 175 154 149 209 238 110 161 145 41 152 5 41 69 90 192 105 190 209 123 98 7 85 180 190 144 217 1 212 226 137 160 19 131 102 86 226 147 195 9 74 128 212 235 126 194 191 70 209 6 117 116 49 239 164 200 22 93 199 78 60 151 249 200 170 192 13 10 185 171 124 235 144 17 29 194 32 8 228 68 196 98 121 104 10 179 39 
112 23 52 52 153 232 157 142 250 113 200 103 43 205 53 244 56 76 15 232 69 128 161 36 228 136 80 95 10 168 238 54 229 159 161 107 32 134 75 43 106 245 55 101 21 76 2 102 29 141 203 161 101 245 36 231 57 24 11 228 162 236 27 75 235 80 24 241 201 90 54 76 67 169 127 182 180 83 186 66 183 102 186 242 57 166 74 79 46 47 6 199 111 62 
115 72 162 61 168 161 64 105 196 191 176 171 72 233 3 216 241 171 22 142 213 218 234 93 121 59 72 25 48 210 42 61 1 205 184 189 112 124 209 147 203 91 111 75 91 248 121 218 48 12 199 109 60 87 117 154 212 182 205 247 173 248 187 27 157 146 198 230 190 71 102 154 186 180 192 45 183 155 241 137 124 1 227 95 105 167 20 108 48 177 150 9 197 208 
249 79 83 24 134 46 55 215 178 13 118 161 160 71 229 169 84 177 86 163 27 244 188 239 225 129 180 151 214 101 87 186 32 70 155 100 143 126 12 199 125 189 87 116 53 151 95 82 241 39 33 177 78 156 151 232 160 97 155 201 16 221 36 234 88 217 71 52 159 169 8 49 163 66 193 218 208 201 66 222 165 167 54 43 238 97 108 221 229 238 81 78 224 68 
168 151 141 75 80 35 164 26 143 18 117 173 154 35 199 76 246 206 173 33 120 58 110 53 39 56 80 206 113 221 209 164 115 135 30 111 32 34 17 172 197 67 34 201 130 165 91 8 151 5 123 186 133 223 152 119 234 22 66 201 28 83 187 58 225 186 62 204 159 61 139 106 95 138 187 72 128 146 97 245 15 186 63 239 234 152 8 192 192 37 117 249 56 140 
240 44 225 82 113 233 51 181 42 228 11 13 6 41 158 196 2 105 212 171 247 112 109 216 206 150 218 249 84 78 67 17 220 153 102 61 139 231 77 189 51 63 130 171 241 120 196 127 161 6 249 91 58 54 201 118 135 148 157 98 41 176 81 117 136 213 160 162 31 17 114 72 190 105 156 203 96 192 84 66 132 75 115 198 173 27 198 2 148 32 13 22 48 77 
199 18 113 114 84 113 209 56 209 206 235 58 13 119 244 183 73 61 141 122 139 158 167 157 99 109 249 225 93 76 172 105 15 51 236 243 168 167 249 119 169 131 144 51 131 84 7 81 65 120 157 229 154 193 240 26 107 222 30 246 19 116 79 247 118 120 208 189 90 207 115 39 32 96 224 89 49 23 97 179 84 213 197 250 8 116 96 161 205 126 77 76 134 22 
44 184 221 122 113 54 242 25 220 156 117 49 206 96 82 34 97 86 37 202 4 77 150 71 143 206 125 34 249 73 64 250 194 175 111 53 165 58 82 63 77 138 109 8 11 23 4 99 9 192 57 161 191 72 171 160 172 87 149 5 141 197 12 217 247 91 80 84 159 70 67 209 169 164 27 162 214 89 223 230 115 151 172 191 40 65 197 20 59 200 160 22 217 109 
48 11 115 194 147 0 210 231 77 42 132 132 10 6 219 181 27 138 104 48 243 57 244 53 61 193 65 233 148 239 226 17 220 192 228 70 240 218 144 195 77 139 73 219 174 158 242 115 86 91 85 172 59 236 158 203 182 47 158 219 90 192 175 180 90 194 66 3 73 213 233 244 180 138 124 142 88 238 93 225 207 31 8 45 8 33 86 144 111 32 108 240 226 35 
219 34 14 108 42 13 194 26 9 143 91 189 185 119 40 214 63 140 115 17 156 55 58 98 238 108 68 29 11 190 126 231 54 87 170 211 223 67 38 138 61 105 51 44 92 14 170 51 18 232 141 81 105 78 67 219 137 66 81 118 93 5 82 93 121 137 175 68 165 51 11 221 1 161 2 122 197 151 43 192 174 16 170 211 127 194 71 231 31 195 181 124 130 169 
167 160 73 63 248 97 130 235 19 147 135 52 70 211 98 222 177 199 9 139 41 91 192 51 60 226 223 62 161 191 198 238 219 191 80 56 137 12 91 190 124 58 234 71 53 81 48 147 186 243 162 242 154 11 91 59 206 57 156 154 219 175 80 245 227 184 52 32 185 33 14 122 181 241 223 48 219 131 69 247 218 8 166 14 35 148 51 123 45 11 180 132 53 128 
