28
49 151 35 99 1 4 176 237 22 196 6 207 118 215 9 85 89 74 153 211 120 223 167 239 141 45 44 164 
79 180 177 6 11 127 156 112 3 81 205 233 210 205 35 118 100 77 1 160 141 150 158 207 162 79 104 87 
180 245 204 53 119 89 119 30 217 151 95 151 46 35 210 32 187 182 142 144 0 113 169 154 140 219 137 155 
153 236 86 209 163 8 237 3 116 206 201 250 215 2 97 122 2 166 66 47 72 239 160 243 7 82 221 103 
74 210 203 73 158 63 116 135 39 174 81 65 212 245 207 220 123 113 222 29 111 163 38 198 91 191 59 39 
175 3 226 115 167 114 184 24 13 51 136 42 54 28 76 214 243 139 114 129 199 95 157 132 49 232 25 234 
121 221 232 18 103 75 83 212 87 204 91 204 205 21 209 105 70 210 99 220 150 240 112 163 163 50 214 203 
77 180 3 101 119 164 79 53 57 250 125 178 30 150 159 122 105 99 225 246 65 136 97 225 90 145 134 92 
70 146 183 39 163 42 63 7 141 157 31 63 113 33 128 220 197 32 46 250 156 45 0 181 10 115 27 161 
191 84 203 108 220 217 156 106 37 74 91 198 152 130 153 135 148 151 38 7 133 246 219 113 225 238 126 237 
31 141 114 194 29 56 53 69 124 146 246 33 204 218 160 239 87 76 126 43 139 187 231 178 218 26 223 58 
22 67 72 49 15 213 236 4 139 223 122 150 93 57 119 209 169 196 186 149 155 206 201 187 190 48 5 22 
68 142 84 153 0 157 37 32 140 13 249 128 178 12 96 13 197 35 218 98 84 140 74 185 26 212 69 1 
63 228 91 35 168 43 105 171 16 49 216 131 173 125 10 183 183 177 113 67 4 141 86 242 4 76 54 111 
10 73 159 233 88 54 4 160 62 2 244 125 66 71 247 171 81 192 77 247 24 9 210 188 169 80 142 82 
189 101 58 71 225 205 87 214 174 100 194 15 51 64 220 238 135 94 72 209 32 215 146 148 19 220 129 52 
160 64 87 247 244 97 22 54 63 150 97 67 49 36 57 188 3 234 56 146 179 0 193 215 31 156 195 76 
117 59 105 96 98 231 66 188 55 218 44 34 48 213 183 235 162 47 214 224 127 222 213 147 114 87 163 70 
41 183 199 6 137 94 58 26 215 198 244 228 47 9 120 156 17 182 209 152 80 51 83 237 94 128 194 116 
63 97 192 74 140 59 41 214 77 18 126 173 23 193 213 21 38 140 116 24 5 157 76 180 235 22 178 178 
232 15 224 48 92 174 132 186 93 122 91 164 139 186 17 39 217 219 230 61 136 151 94 98 56 233 51 155 
171 246 243 175 48 39 131 233 164 68 64 144 239 226 224 144 102 233 115 14 40 203 101 61 213 175 116 217 
168 86 153 38 241 123 157 185 141 146 214 99 33 0 134 204 28 99 94 229 54 205 207 139 249 246 169 174 
242 43 208 189 32 237 147 197 244 67 210 113 148 225 82 184 153 101 205 227 40 239 84 220 83 149 191 25 
182 170 162 16 135 243 217 111 233 222 162 217 127 64 151 113 126 31 33 31 231 159 199 132 179 72 152 176 
143 125 241 161 169 10 222 227 101 184 227 219 217 226 216 3 15 5 4 36 69 150 118 75 52 95 29 140 
67 177 53 18 96 24 170 220 125 106 157 25 65 134 115 185 62 9 224 64 59 82 112 112 180 169 111 215 
220 164 2 21 173 9 158 163 110 199 207 88 122 161 88 8 140 158 158 159 228 120 220 102 232 76 107 47 
