88
17 151 89 250 122 41 162 13 149 58 17 10 175 127 201 142 46 177 65 127 167 21 146 125 128 246 55 137 10 121 141 211 151 81 18 86 7 32 139 168 150 209 213 130 96 48 220 22 180 184 162 111 239 153 165 76 250 87 212 101 96 244 228 195 82 2 135 186 191 94 32 212 27 143 3 6 8 18 47 39 244 132 234 13 207 208 116 48 
147 176 182 154 170 121 188 116 54 16 186 77 57 59 7 54 209 182 105 2 129 183 16 58 22 205 126 112 39 104 191 22 25 104 223 80 13 108 209 4 81 20 198 193 233 167 209 101 15 200 127 212 229 17 145 191 76 42 124 15 109 94 142 220 20 115 1 248 244 111 126 32 13 189 67 3 144 46 5 86 219 123 117 206 67 173 244 150 
97 179 56 95 72 139 210 105 93 39 141 32 65 36 150 189 100 193 45 9 50 232 144 72 51 128 93 90 171 51 229 165 26 247 110 190 86 123 86 6 188 213 154 116 177 36 64 179 23 186 150 212 62 43 80 7 163 225 130 211 156 153 18 86 169 249 156 4 133 125 205 173 185 67 39 29 72 102 140 232 72 67 103 72 194 231 240 7 
21 170 37 149 94 226 187 207 26 144 223 111 216 65 130 2 39 19 249 138 35 249 118 204 235 4 71 171 210 44 35 128 87 241 57 16 230 161 132 146 62 141 3 234 69 189 111 122 50 162 55 58 121 70 247 100 20 74 62 130 124 90 133 186 14 108 169 240 207 92 25 0 72 140 106 220 98 98 244 241 132 194 223 128 162 103 120 166 
29 214 245 217 149 188 202 5 78 57 22 176 59 92 60 177 1 247 186 142 8 40 37 88 47 196 129 177 119 220 55 17 15 37 190 188 7 14 106 53 157 183 153 191 124 47 199 145 96 72 1 6 170 129 39 148 134 206 179 1 163 178 216 165 186 108 180 82 165 89 38 123 235 172 172 81 24 140 202 93 214 242 26 116 46 211 167 45 
222 122 118 241 162 189 20 214 195 77 14 18 210 231 161 31 105 2 134 195 65 123 28 127 101 109 206 199 58 154 161 51 235 238 52 30 142 189 48 67 172 131 31 90 50 168 159 239 211 42 158 223 44 2 199 15 185 5 45 199 59 101 238 35 155 81 241 112 63 65 156 36 69 69 66 50 112 8 56 85 216 75 82 152 142 19 22 183 
160 239 113 68 125 28 94 16 204 19 46 201 76 17 26 222 200 168 181 41 157 24 245 161 97 194 6 129 56 125 248 96 67 221 61 46 39 0 23 87 208 24 187 121 154 180 122 63 13 48 241 233 169 242 231 79 149 6 150 101 250 66 229 36 18 1 147 69 178 65 250 36 127 194 71 88 102 2 162 240 201 116 209 0 132 186 30 106 
20 232 173 75 130 204 200 194 194 87 16 153 52 231 171 232 163 113 220 229 124 179 153 159 202 43 26 158 198 97 158 108 155 12 71 22 130 249 181 43 146 113 26 166 167 58 75 221 66 93 196 233 236 220 12 77 102 108 38 228 41 70 65 155 34 71 86 131 212 57 30 210 159 15 5 221 161 59 115 82 142 178 222 231 154 24 189 193 
134 141 73 120 1 125 209 171 44 100 137 29 186 122 41 5 90 136 11 202 244 132 63 95 21 209 186 164 199 0 95 209 153 86 162 172 80 223 168 102 250 211 149 58 173 113 85 232 207 3 55 68 117 89 179 157 214 110 26 170 236 191 56 122 93 25 211 113 109 140 134 24 179 128 216 233 49 172 31 126 41 167 133 186 163 196 225 187 
135 180 222 189 49 80 20 86 191 218 113 135 73 237 226 250 157 172 229 159 159 149 90 241 101 169 11 27 217 195 61 9 206 35 109 85 143 191 133 226 34 12 249 94 130 69 69 149 130 242 30 202 43 153 201 106 180 201 46 22 118 223 218 69 146 198 57 245 179 120 116 109 245 200 21 197 161 148 154 10 95 23 250 44 112 134 98 110 
128 136 50 249 144 12 244 58 161 70 94 188 134 151 45 191 49 171 64 12 159 82 38 245 74 52 43 192 235 36 142 152 188 3 222 115 57 148 249 2 4 154 134 86 43 98 68 5 29 59 89 227 228 21 80 128 2 218 138 217 238 121 78 165 85 33 106 210 243 39 91 174 169 115 87 85 120 229 205 248 133 176 230 232 100 133 30 112 
72 131 175 54 188 11 206 226 190 238 143 130 247 148 175 10 3 175 13 2 239 51 77 180 119 20 12 219 125 110 238 38 1 26 199 153 18 163 113 183 90 112 182 52 79 186 0 8 65 8 229 50 192 240 197 92 32 159 119 208 142 155 113 156 202 90 69 22 241 13 28 180 54 133 66 77 18 141 135 141 26 104 174 183 68 185 15 161 
70 70 210 222 106 180 212 95 79 100 219 113 102 187 214 10 106 14 151 6 105 41 178 100 189 66 15 31 135 43 99 1 250 178 10 139 135 114 88 239 241 38 128 145 180 226 236 123 214 126 117 116 238 130 242 165 237 119 15 21 209 94 208 58 139 166 150 127 19 233 212 197 21 232 18 47 14 49 51 123 133 231 78 214 181 165 60 110 
88 108 243 31 163 179 248 51 239 123 185 82 27 112 76 235 85 67 81 220 144 42 187 245 116 144 184 150 90 221 106 240 206 108 197 196 192 248 81 206 210 186 151 153 36 96 104 93 92 204 76 156 153 116 116 41 229 6 211 126 174 108 246 104 124 26 175 248 10 228 118 124 233 78 226 31 5 150 30 56 232 232 110 89 160 228 133 205 
53 20 155 223 8 138 39 74 204 234 54 236 84 16 80 129 170 40 59 68 110 104 167 210 49 67 59 248 215 70 236 166 208 186 107 215 122 42 162 38 132 192 176 48 45 184 154 9 18 138 105 194 97 20 183 165 67 4 137 75 60 195 203 212 91 247 134 212 58 223 206 43 191 90 217 89 9 46 222 165 198 153 18 68 180 145 42 65 
89 129 15 28 76 90 67 41 162 136 69 212 183 18 221 89 46 129 36 74 236 78 43 115 161 221 192 216 115 238 125 188 202 129 249 94 135 84 77 153 7 187 204 219 86 80 2 243 73 15 18 200 36 203 38 181 120 175 60 225 19 56 72 12 183 2 198 77 84 215 102 246 111 126 132 156 55 50 181 153 163 35 20 88 94 81 111 245 
113 135 94 52 154 59 219 31 32 108 53 127 43 216 73 176 217 37 176 247 215 108 228 244 16 191 60 59 245 104 168 160 175 223 37 164 202 192 212 218 8 189 179 3 244 42 143 242 110 41 240 52 149 109 248 158 120 154 57 159 14 33 57 95 193 214 43 28 181 68 74 176 145 44 80 113 114 116 6 109 10 35 169 243 136 26 76 81 
224 236 5 78 69 216 65 115 189 27 23 148 234 21 9 8 169 113 111 100 45 73 86 153 220 20 48 166 114 50 182 131 10 195 46 27 98 159 173 219 147 195 34 144 120 9 10 85 221 11 241 227 33 20 177 194 213 45 246 153 126 127 28 62 208 90 39 21 142 73 140 185 203 68 17 43 143 181 214 67 32 90 118 161 192 143 2 113 
37 152 213 234 158 135 17 136 70 250 139 248 22 110 71 190 6 178 195 40 207 46 237 24 4 123 231 250 236 79 140 16 212 155 122 236 115 207 95 179 68 75 101 148 113 206 190 48 36 39 168 34 84 212 93 40 4 209 83 19 168 168 181 54 148 49 233 228 2 19 34 222 94 13 50 177 7 53 35 85 103 223 57 228 140 123 202 95 
178 135 20 12 121 191 13 133 103 11 228 244 220 222 41 56 240 190 142 167 20 65 128 19 176 69 19 146 238 152 234 102 182 103 113 61 233 117 122 60 195 55 218 74 155 87 36 17 249 18 87 155 67 249 226 247 166 50 209 233 188 215 204 195 140 181 149 141 33 143 110 127 123 40 132 59 107 172 63 5 181 174 129 15 177 97 130 97 
126 159 100 43 105 80 197 116 120 133 209 164 229 17 186 9 125 218 200 156 111 188 87 248 215 110 62 48 216 203 52 62 124 107 73 118 131 155 33 26 229 158 230 100 171 114 121 56 132 145 11 229 224 199 149 56 138 239 119 243 216 48 50 109 218 73 49 140 133 245 201 123 40 176 64 151 205 59 51 104 46 130 212 110 130 23 77 91 
126 7 139 228 9 75 159 85 132 214 175 72 165 98 151 155 63 80 218 212 239 232 71 71 52 4 88 8 97 148 95 117 5 213 13 19 163 99 128 111 13 227 152 185 182 223 187 192 235 54 180 48 84 97 102 9 197 135 60 18 6 210 3 48 243 112 221 22 167 220 7 29 121 108 150 66 56 144 155 156 6 66 243 63 20 17 82 130 
51 210 87 156 85 229 123 153 83 77 228 7 134 34 73 174 143 234 109 222 55 244 183 124 125 227 92 133 124 217 22 225 181 221 134 33 139 227 132 5 123 132 102 172 163 236 62 228 143 51 147 73 89 103 144 249 89 182 208 242 11 190 111 74 235 36 193 239 94 19 172 239 34 215 37 55 244 116 224 3 93 0 70 13 15 46 111 85 
105 223 37 83 199 79 149 234 217 188 8 109 21 40 69 33 243 45 158 15 34 151 218 83 73 137 228 238 180 20 37 56 137 5 168 5 30 174 120 130 249 60 206 238 162 38 99 189 168 170 69 173 126 12 130 124 69 12 214 144 244 172 109 140 12 208 85 172 46 139 150 242 236 134 128 6 126 26 218 64 31 62 18 31 149 216 95 188 
49 75 182 243 24 207 4 59 91 162 164 124 139 242 61 182 189 111 29 43 245 84 170 26 77 172 100 84 29 54 16 212 172 129 189 198 35 133 243 101 40 211 143 50 182 216 160 241 38 127 213 34 166 44 44 194 29 87 148 186 81 195 198 113 182 24 202 13 54 120 143 32 110 134 71 84 92 203 211 94 95 199 152 174 26 239 203 244 
19 108 101 13 135 115 146 99 88 37 181 240 203 68 215 217 95 194 40 75 61 156 48 233 218 248 69 64 205 236 56 73 139 204 149 41 196 19 56 52 126 126 229 144 59 178 220 19 161 103 222 245 232 29 248 6 211 4 5 127 93 222 73 27 203 152 234 203 149 125 196 65 119 55 60 228 26 166 64 14 239 2 29 162 0 102 39 218 
127 167 187 89 140 140 64 240 206 13 191 85 15 90 170 143 196 108 134 29 31 134 243 63 49 15 165 110 178 149 250 154 100 209 88 216 149 127 160 18 125 204 73 199 215 69 188 79 30 223 113 174 122 8 4 2 15 94 109 109 105 130 228 43 42 185 172 202 124 248 168 42 138 236 195 242 99 178 136 131 116 197 5 198 202 187 193 35 
214 183 64 224 111 105 107 117 167 217 92 70 141 90 69 103 122 77 46 244 21 135 169 101 148 25 68 71 222 165 122 215 217 127 198 153 250 36 110 144 166 107 4 106 58 48 51 185 197 111 247 50 64 84 132 186 7 238 186 68 179 89 142 99 112 151 106 133 209 219 14 154 98 52 202 84 70 8 242 221 133 186 102 139 43 112 239 201 
161 118 192 176 183 133 67 8 89 185 77 33 205 12 193 223 249 194 125 130 228 95 9 218 216 51 205 248 100 150 112 235 26 207 183 232 0 236 118 193 201 203 152 226 92 36 39 55 137 94 19 210 61 88 139 80 118 43 224 84 171 210 192 143 212 96 106 87 179 185 169 67 55 52 151 219 113 207 42 161 48 41 208 50 147 207 209 236 
78 20 66 45 43 225 8 202 161 21 16 217 175 33 64 199 210 50 184 114 52 171 161 88 10 120 11 221 171 0 134 60 82 102 181 236 184 108 232 93 152 226 39 135 46 150 204 25 78 168 143 155 221 195 171 60 95 201 38 152 116 113 196 16 24 210 220 226 215 199 160 107 115 207 205 20 13 173 96 97 91 80 205 245 16 53 4 146 
197 137 98 202 4 37 249 39 53 232 7 82 29 10 79 223 198 145 187 224 91 220 165 33 41 238 241 148 209 172 51 63 124 121 40 145 133 33 20 145 100 166 217 53 146 203 12 94 201 86 25 193 184 128 85 45 150 159 123 129 126 162 45 104 234 234 43 202 236 96 190 149 177 153 141 61 99 193 104 163 101 46 219 201 70 193 112 154 
122 229 16 2 28 53 91 72 78 169 145 222 195 173 24 228 180 164 160 204 54 12 19 124 240 195 35 3 152 149 130 63 236 136 130 188 217 186 242 23 27 53 195 191 162 55 58 91 175 186 196 226 168 59 84 89 53 61 235 34 151 77 78 27 1 46 39 138 156 143 31 219 240 67 103 151 4 233 163 243 170 206 187 91 158 209 192 19 
214 121 0 161 41 137 27 201 192 167 249 56 189 160 142 168 105 34 83 111 112 50 25 91 105 195 183 70 228 34 13 152 108 118 234 131 184 50 60 59 74 20 182 217 37 207 20 226 168 23 6 195 33 114 81 149 11 172 58 210 111 150 43 55 41 186 71 32 99 203 243 173 90 140 226 200 194 49 96 175 248 205 119 131 22 246 247 226 
222 196 85 228 235 221 115 56 87 77 193 172 148 129 50 160 71 73 228 42 7 135 64 160 137 209 62 67 157 95 83 181 130 170 211 56 172 170 26 70 49 196 231 113 135 169 21 67 224 146 102 203 27 141 14 95 10 146 175 44 96 127 158 48 143 125 221 248 13 154 35 220 187 241 103 81 89 1 127 87 225 108 94 173 48 54 179 94 
154 119 166 59 10 96 244 35 12 176 196 222 208 39 113 228 208 81 88 62 233 73 223 210 1 111 161 52 86 199 83 150 121 100 34 91 116 106 220 137 106 81 37 19 1 128 200 154 201 54 203 2 46 126 171 151 96 61 171 218 216 235 7 214 153 150 183 131 30 86 39 138 119 54 245 227 170 92 212 175 46 95 172 51 215 180 90 34 
16 116 143 146 204 67 86 57 137 42 151 50 87 142 237 170 84 136 190 84 2 189 113 230 98 98 53 181 28 117 139 71 198 228 138 167 184 97 62 15 148 123 175 114 32 223 168 79 77 65 129 123 196 195 157 170 155 45 127 188 202 101 31 191 248 12 250 14 171 173 44 109 37 247 57 110 243 107 89 167 5 134 165 78 245 185 123 68 
242 99 41 131 135 157 20 224 192 209 242 54 42 157 68 108 111 227 244 196 206 56 208 105 59 123 232 215 212 208 154 159 74 56 179 173 242 83 230 66 77 199 116 166 139 141 170 146 113 22 56 178 130 80 248 59 89 168 170 249 79 188 206 215 191 143 169 10 10 137 140 116 237 57 63 88 27 68 174 140 7 194 225 171 68 37 150 13 
124 239 218 59 237 227 85 130 157 178 67 13 215 45 88 127 210 66 102 118 2 12 140 234 243 107 242 186 105 77 105 185 190 195 243 236 23 234 20 191 226 22 13 38 142 58 0 27 93 173 175 217 28 212 238 168 32 102 168 226 11 32 132 136 213 164 134 11 223 197 106 143 89 105 105 231 21 101 70 145 104 105 156 245 120 50 211 118 
147 117 177 24 196 11 216 147 214 78 154 178 14 5 62 2 189 76 144 200 44 145 231 108 238 202 235 130 47 55 115 201 215 28 237 160 10 67 189 100 192 188 160 244 249 25 169 146 2 26 249 155 56 229 5 180 166 136 9 222 91 149 13 170 118 173 3 216 87 91 141 213 230 1 149 237 222 166 93 66 113 154 126 115 77 92 20 149 
227 212 164 72 100 147 35 41 65 6 176 133 144 56 108 42 2 83 136 225 142 32 208 104 202 144 138 224 3 184 180 205 202 35 109 240 205 140 60 19 246 61 103 218 162 117 26 52 233 30 29 163 221 151 100 171 119 88 220 187 211 197 213 202 249 246 242 102 214 2 106 45 161 82 14 162 242 111 195 102 19 214 122 66 77 241 126 226 
10 116 197 57 49 247 34 133 250 209 77 134 159 174 207 65 52 99 63 228 79 105 182 199 248 166 120 101 214 68 68 136 221 162 40 97 110 222 116 96 131 183 89 233 147 74 138 66 205 239 244 77 29 244 48 40 250 94 48 156 105 159 39 39 113 46 180 159 17 102 130 137 182 50 102 63 174 126 0 161 44 112 216 217 58 103 162 110 
243 192 0 44 92 228 140 192 193 222 124 201 13 117 93 148 12 71 57 51 63 134 209 82 168 66 146 222 245 59 106 168 34 227 217 240 7 62 50 199 160 11 140 180 63 207 153 184 59 214 181 179 151 104 168 42 212 72 57 225 227 29 216 192 232 176 235 34 86 230 65 178 64 141 57 244 53 247 144 55 42 1 140 10 239 27 90 176 
45 180 2 17 87 13 194 243 148 57 117 36 219 138 18 100 102 16 40 82 190 202 203 156 155 152 18 4 37 103 57 211 83 31 149 95 142 189 124 53 78 40 74 44 242 103 161 103 244 65 110 110 152 157 121 227 6 145 129 101 60 72 232 109 218 71 179 22 221 126 134 196 181 202 241 92 122 33 5 95 63 111 14 211 102 153 56 93 
217 142 47 162 70 200 65 237 204 39 49 173 119 182 223 69 140 250 54 78 3 39 209 6 217 141 216 28 34 69 138 107 1 244 103 135 22 14 13 8 188 123 79 58 127 15 79 30 186 87 87 179 134 103 173 19 99 111 244 199 153 23 72 78 71 81 26 235 190 4 101 219 142 200 176 53 210 183 23 248 67 117 32 154 1 15 30 162 
215 204 60 92 204 45 71 192 163 197 98 129 124 207 79 160 57 51 233 82 80 186 18 149 76 247 171 155 58 57 43 143 76 208 35 64 188 65 90 52 185 246 212 211 113 245 83 72 185 60 226 73 112 232 160 202 63 72 247 69 88 14 248 230 148 185 5 243 63 102 236 127 245 57 118 65 139 101 226 45 168 95 1 167 91 12 11 44 
94 207 182 204 222 225 105 99 50 178 71 22 9 144 121 19 205 242 61 162 80 59 121 147 247 207 113 39 50 180 217 6 109 3 22 92 242 63 21 161 181 242 93 150 119 112 127 38 30 139 133 149 122 110 249 207 116 236 26 120 223 57 242 27 170 165 182 48 198 150 172 231 45 195 79 12 1 142 164 100 74 229 69 198 119 192 193 211 
40 249 165 33 147 242 122 130 40 112 57 172 91 183 216 96 125 10 234 194 119 82 76 205 52 173 201 59 75 46 102 80 152 156 20 102 174 179 71 208 31 57 29 9 245 232 139 82 182 75 179 28 115 203 117 237 81 211 110 163 72 89 190 219 130 230 236 27 50 80 166 11 203 6 224 3 137 160 68 165 15 20 18 190 0 168 159 87 
176 106 228 210 170 203 205 85 206 92 25 69 85 42 187 78 100 27 229 104 146 44 106 46 31 54 32 90 30 197 227 202 54 186 186 90 115 206 211 194 189 111 178 70 74 181 203 81 153 244 15 108 23 64 66 44 150 177 137 33 170 47 207 76 104 93 137 7 141 201 197 147 47 102 1 5 71 64 81 149 220 102 192 18 120 33 88 11 
203 172 191 165 3 171 176 21 54 24 60 220 159 78 188 71 27 97 20 188 100 136 153 89 61 35 91 161 136 218 145 92 89 56 237 176 43 5 97 7 28 75 118 195 137 226 110 224 60 138 130 146 168 170 46 228 126 139 221 50 131 245 91 108 142 7 194 240 204 124 213 108 24 212 103 79 158 213 136 39 243 135 163 150 53 23 171 30 
225 12 181 118 249 190 71 101 96 90 77 68 185 186 164 172 132 107 226 31 58 174 85 100 42 156 95 175 76 160 124 235 15 172 85 114 20 150 38 196 35 215 34 77 66 125 101 65 35 152 232 185 113 9 72 208 131 224 132 13 5 7 122 1 209 96 111 25 72 94 85 78 13 62 84 150 126 75 127 86 88 221 229 187 238 107 243 125 
182 121 212 214 218 106 221 82 157 25 58 108 24 33 195 159 165 35 76 10 19 106 54 190 6 143 31 18 71 103 27 176 1 181 192 38 35 85 247 125 61 229 1 130 93 53 77 30 189 144 144 227 113 196 121 104 24 180 79 55 151 8 148 197 245 166 167 143 68 47 11 8 7 248 96 53 57 236 212 157 114 184 233 35 72 197 105 222 
182 112 25 169 166 74 26 246 178 234 91 25 175 1 71 218 176 181 134 18 181 197 177 165 61 55 214 144 238 86 117 193 224 211 26 198 144 78 134 203 128 191 124 88 179 21 209 53 197 87 150 27 42 56 6 201 236 153 176 205 242 219 148 106 186 58 101 38 145 248 102 194 116 17 59 117 92 149 97 26 80 71 230 15 3 58 81 181 
190 64 111 93 18 138 133 104 196 54 107 122 169 88 65 178 244 78 20 184 19 178 192 114 121 145 148 229 71 226 234 158 57 66 104 206 115 103 9 80 10 155 17 185 202 61 222 33 140 238 62 211 180 18 123 10 234 112 211 185 171 213 128 57 239 211 250 203 230 166 46 94 29 92 103 3 2 232 35 53 63 16 100 25 112 74 42 94 
196 93 18 211 225 15 167 230 199 110 33 179 214 192 129 120 16 51 232 246 182 178 228 167 182 23 137 245 155 138 220 178 105 26 177 210 150 60 201 229 52 223 60 14 172 58 241 128 20 80 4 226 207 137 218 148 25 226 158 95 239 48 202 215 56 167 55 220 127 145 179 84 73 48 55 112 239 23 128 20 87 100 76 149 45 200 157 53 
106 171 37 76 218 240 4 96 64 147 182 243 79 14 14 41 193 172 144 80 172 59 145 249 191 101 58 13 74 173 158 41 198 12 188 250 28 95 104 87 158 109 16 13 203 130 193 201 75 70 206 188 138 197 11 55 234 250 57 138 26 187 21 98 22 56 107 236 166 92 244 7 109 214 110 17 7 205 5 55 5 125 194 15 119 205 200 213 
150 173 127 234 222 164 246 22 80 49 40 1 21 114 131 161 32 53 28 211 151 164 128 0 146 5 178 69 9 76 21 186 188 250 156 94 86 76 245 118 248 95 23 17 52 81 9 188 71 129 30 227 214 40 136 204 168 76 180 247 53 96 181 72 87 86 85 0 150 55 149 114 3 166 45 130 192 17 198 93 239 146 175 73 105 146 101 144 
72 38 63 250 158 95 204 173 7 162 29 53 142 139 198 172 71 22 165 154 184 211 9 212 249 71 158 145 105 224 54 249 201 36 91 75 160 187 5 206 237 214 190 143 4 196 243 183 210 226 202 152 48 42 50 44 95 178 242 47 115 189 107 20 94 206 1 2 193 159 14 206 217 166 215 64 127 149 79 141 7 192 205 76 36 35 155 85 
121 244 17 140 200 194 222 146 130 149 60 67 201 243 149 30 12 249 150 109 217 173 72 199 60 236 14 25 81 163 88 249 29 111 192 94 157 22 128 108 122 243 168 135 36 241 116 232 224 14 41 146 102 64 108 166 60 115 32 215 57 223 21 76 83 185 165 227 209 79 244 142 182 201 247 32 107 24 104 129 247 228 92 162 223 197 236 39 
168 127 69 160 29 103 53 161 4 183 106 16 184 185 248 194 82 63 170 45 89 179 71 120 69 100 28 247 142 75 200 64 127 217 194 31 202 193 207 111 26 221 71 233 166 91 65 159 24 124 135 67 230 195 143 19 220 42 55 11 169 163 168 176 143 146 181 80 205 143 24 18 78 24 26 112 171 142 96 173 48 205 156 17 108 120 98 125 
42 9 119 200 48 90 64 171 101 27 96 200 81 40 219 40 102 209 245 2 161 249 146 160 231 123 243 239 32 47 236 59 176 183 160 49 121 92 191 69 148 159 228 198 141 30 1 178 246 122 176 137 176 160 166 212 226 79 178 24 168 10 168 145 122 123 23 59 35 183 14 138 60 119 150 61 17 228 129 8 242 83 244 112 51 24 114 227 
242 184 178 178 243 116 53 31 224 188 228 121 15 7 70 40 91 198 43 43 157 118 249 10 73 161 207 111 81 234 182 243 45 135 209 246 124 239 196 231 188 219 41 227 206 250 103 237 129 39 134 148 111 230 110 230 35 85 116 93 116 105 91 28 46 1 214 153 244 108 70 228 106 15 220 65 83 202 185 250 187 102 243 34 189 230 236 142 
245 84 158 28 202 82 55 146 174 151 201 241 96 115 42 122 82 136 136 38 30 118 71 164 21 230 53 70 228 77 80 15 233 81 219 10 200 51 14 165 188 52 53 55 173 222 148 88 208 136 60 101 183 47 98 136 41 246 49 98 53 111 232 4 21 109 199 148 179 169 136 171 222 28 105 82 77 123 115 138 235 103 100 182 92 52 123 77 
125 238 82 2 44 241 178 181 101 164 18 86 18 36 164 41 7 220 30 30 233 46 70 61 138 34 101 76 153 144 127 217 7 7 85 226 102 39 115 146 17 164 173 188 10 3 32 207 16 157 162 147 147 245 129 87 70 136 42 198 156 62 50 249 166 36 96 82 218 64 189 190 58 232 220 134 93 49 135 153 55 74 130 85 167 234 206 171 
181 239 13 204 153 135 70 143 39 59 118 212 114 154 79 195 95 73 91 207 238 67 158 102 186 238 245 82 119 22 131 1 45 193 219 149 187 54 135 95 161 34 160 120 112 190 28 12 90 194 3 72 125 82 205 238 25 248 188 91 219 7 90 24 65 177 58 172 238 144 173 171 161 179 37 62 124 193 201 182 43 33 192 59 47 74 142 101 
154 217 79 138 61 117 88 216 217 231 127 187 232 3 84 8 221 156 235 115 143 11 195 234 47 244 37 175 233 90 79 41 120 102 161 203 90 52 137 207 91 124 4 230 17 89 208 68 154 94 104 157 99 76 82 41 173 124 87 77 94 39 231 176 65 136 250 172 86 227 95 146 55 178 8 154 58 177 44 116 56 208 163 60 176 178 144 233 
98 124 62 151 104 11 221 112 216 59 154 172 170 81 220 3 164 87 42 195 143 77 52 192 93 111 80 168 83 18 164 124 0 117 28 214 199 145 110 182 250 101 51 227 56 108 142 22 57 17 243 18 39 192 105 44 165 185 176 82 77 103 194 126 6 55 69 116 22 135 163 191 203 187 188 250 24 47 122 55 107 152 145 227 70 56 236 130 
61 29 27 211 219 76 91 152 132 199 143 158 168 163 207 14 137 239 184 236 70 146 204 158 227 217 235 233 84 18 83 99 170 143 246 6 240 130 11 65 203 112 24 139 145 56 27 112 167 145 0 52 232 120 189 148 84 7 3 140 204 23 179 233 195 53 158 39 201 119 141 46 16 101 52 170 3 193 99 200 97 243 205 197 212 82 248 91 
106 22 162 45 83 151 143 116 234 42 142 58 188 144 214 127 246 127 118 165 70 25 84 42 136 43 69 137 77 24 11 80 22 138 87 48 20 27 178 198 211 0 116 80 226 197 20 211 176 30 177 101 49 141 86 69 180 76 185 11 231 25 14 19 34 67 71 145 201 59 135 84 247 198 204 122 7 141 57 93 22 71 128 230 25 93 22 108 
185 44 74 224 15 222 53 85 63 140 17 190 106 87 1 150 125 22 78 148 120 106 89 86 32 93 161 212 224 33 27 233 140 145 80 245 27 226 3 228 20 18 59 120 192 53 148 219 150 208 34 171 191 47 194 238 190 138 149 139 214 217 169 132 161 106 194 60 159 68 71 146 143 118 236 13 212 17 3 61 189 107 86 63 222 63 110 64 
93 212 207 65 108 201 210 250 76 92 202 199 93 123 250 181 53 249 10 69 67 110 162 230 21 32 52 17 197 240 156 159 229 201 8 15 114 81 146 14 83 70 133 206 230 234 137 195 111 168 105 195 205 189 84 172 107 156 46 51 80 102 153 3 20 81 70 189 59 155 4 73 187 35 250 39 233 4 30 139 164 72 68 87 14 27 140 1 
29 127 68 46 246 143 142 177 51 176 207 126 166 54 38 43 14 105 177 83 75 39 239 34 106 0 69 201 118 104 121 29 117 131 126 158 138 92 238 167 212 49 137 164 222 114 54 86 3 113 219 14 136 59 221 182 136 103 198 239 173 1 152 176 220 225 70 203 33 31 93 113 136 2 69 173 222 169 152 90 22 237 134 248 58 209 118 31 
219 221 77 182 49 84 144 250 76 155 18 197 145 136 177 172 118 159 4 155 99 82 184 64 215 186 171 30 7 82 85 89 126 250 153 116 246 120 14 100 143 96 37 127 218 165 23 135 222 14 143 106 92 48 62 35 81 60 129 112 77 137 38 47 216 117 106 232 169 165 215 174 174 165 159 59 246 183 83 156 125 105 63 175 11 83 102 202 
69 226 146 7 37 182 52 187 145 236 39 224 96 17 209 16 109 228 225 183 218 125 137 118 95 237 207 90 229 201 19 131 20 16 200 175 82 1 181 166 186 228 163 123 18 197 62 87 108 135 146 163 140 122 88 244 43 150 58 155 133 89 224 78 23 151 62 191 201 77 150 197 87 40 100 237 231 19 123 141 209 133 137 127 185 236 32 223 
185 190 109 105 94 114 216 218 101 10 27 172 238 186 51 24 234 113 136 237 234 145 136 106 22 98 149 57 42 191 185 65 120 202 215 28 206 214 212 72 130 16 62 218 173 64 90 138 222 195 245 145 169 112 60 95 214 173 99 65 232 248 41 223 226 91 122 60 155 40 249 192 110 108 84 158 79 200 145 44 47 73 27 206 247 13 195 99 
105 121 30 147 68 183 132 108 124 74 186 118 174 40 238 94 141 60 239 129 33 154 238 155 172 199 135 117 32 49 89 239 217 244 215 157 227 140 137 24 63 44 127 59 214 46 83 81 67 186 142 93 111 205 194 146 61 148 136 171 25 132 125 193 212 3 80 118 250 174 80 87 61 235 229 30 96 232 115 63 5 192 17 60 55 59 237 206 
228 42 165 116 224 180 70 82 223 190 29 131 67 155 165 157 85 89 129 71 91 36 55 216 19 150 234 37 93 23 219 195 134 49 52 214 206 232 41 159 96 77 133 7 219 106 213 11 118 27 122 94 235 95 3 20 238 2 62 102 104 235 163 16 62 116 22 124 177 28 174 144 52 203 192 193 181 55 0 174 130 235 234 125 242 231 120 117 
135 38 205 74 188 158 199 91 154 64 112 71 249 193 223 250 78 175 198 54 128 246 115 64 73 222 171 22 242 12 216 27 17 77 62 16 214 238 223 246 133 8 83 69 224 232 6 60 100 13 147 2 200 134 208 28 110 35 85 228 186 136 97 166 188 136 0 57 63 58 149 48 83 44 2 148 40 114 96 224 238 182 17 246 145 90 29 110 
6 136 17 140 161 72 144 51 10 116 128 237 68 231 163 164 190 245 218 124 130 184 144 42 238 86 235 248 172 5 62 127 204 27 187 8 167 14 76 92 132 95 33 10 103 222 121 59 215 6 68 123 213 159 113 34 57 73 111 0 75 29 116 132 29 236 247 75 88 5 177 104 117 154 223 57 111 9 222 95 155 112 175 194 133 94 154 17 
58 64 166 209 33 233 174 115 59 94 185 56 100 185 168 210 106 197 108 3 89 203 211 104 242 103 51 221 176 24 230 153 197 6 76 169 127 208 90 148 21 208 39 1 176 142 117 43 54 72 29 45 227 211 221 183 1 2 118 207 121 183 183 195 180 69 204 201 157 203 224 180 169 185 222 236 136 74 50 164 178 183 152 207 126 16 245 167 
96 248 116 191 240 123 6 209 88 181 87 12 137 28 93 72 229 188 147 172 15 0 86 94 233 20 29 40 186 66 98 114 236 239 43 114 140 220 193 115 151 18 221 104 232 64 112 108 195 112 96 40 30 233 116 29 202 8 91 134 223 249 39 245 163 186 123 92 109 146 77 234 173 6 4 240 248 83 179 196 240 226 220 113 64 218 226 83 
142 10 113 45 116 236 187 71 163 26 10 73 99 5 192 181 137 100 13 147 130 175 3 192 231 37 49 79 101 22 3 85 195 227 122 52 150 24 85 243 61 50 199 24 35 155 96 157 90 22 111 85 146 87 22 187 45 151 231 82 122 104 140 152 48 33 189 110 80 79 89 234 42 222 244 215 65 120 128 178 210 249 19 117 242 204 199 14 
126 219 130 206 196 78 105 38 154 136 161 36 40 195 45 105 148 15 207 0 47 118 167 199 67 245 43 209 60 27 9 45 1 145 110 3 215 29 25 80 250 116 230 169 203 141 25 79 96 181 181 137 153 163 71 18 154 39 137 44 11 230 46 231 91 150 58 170 207 247 11 166 60 116 237 145 54 160 175 198 207 99 79 36 147 5 61 67 
78 37 233 36 30 72 157 146 142 212 57 81 83 88 218 190 110 47 155 139 166 221 28 235 65 238 19 70 98 184 50 5 181 46 125 3 55 233 94 118 32 193 3 182 187 152 69 168 178 213 125 87 236 197 226 192 110 113 250 225 187 186 57 173 216 121 140 95 104 227 117 153 194 96 11 154 111 146 135 130 163 170 66 46 115 212 13 222 
152 132 156 83 71 79 211 206 19 178 76 54 178 108 37 76 176 89 213 45 228 93 179 88 247 89 29 155 32 107 204 223 76 206 23 226 132 1 91 70 93 192 55 58 156 5 22 145 230 204 96 231 205 233 87 96 1 33 60 195 141 5 124 186 18 59 38 73 211 176 104 7 191 230 107 147 60 42 5 207 106 163 99 52 109 172 102 43 
154 125 53 1 6 243 189 222 32 210 118 89 169 223 52 39 21 40 209 93 115 185 103 63 166 49 243 21 128 158 188 76 199 22 102 171 40 48 177 242 230 60 35 22 26 32 112 25 148 192 43 214 55 97 83 175 109 131 107 100 68 128 108 224 248 188 151 98 138 28 35 48 86 49 145 53 248 91 175 104 81 241 159 197 72 150 13 166 
217 109 19 136 170 40 33 110 49 69 237 38 129 100 108 223 25 17 31 3 117 137 72 143 94 244 130 45 222 79 224 97 169 143 121 131 179 64 204 68 136 185 9 113 64 35 154 92 143 225 101 53 202 15 158 100 7 84 40 187 118 139 2 111 9 173 70 48 94 85 173 71 218 182 25 4 149 106 106 196 237 40 74 191 178 181 20 33 
28 207 213 242 63 182 57 132 4 162 171 50 63 4 180 157 224 211 116 39 1 181 64 233 94 119 157 101 129 30 130 65 247 91 246 193 32 64 220 244 248 117 50 191 62 58 122 15 163 47 21 34 235 189 24 33 47 216 61 216 212 33 138 39 18 77 48 138 223 172 129 163 201 209 45 29 190 144 137 77 127 79 82 53 35 123 181 174 
80 3 68 61 158 117 246 184 32 158 12 156 14 98 12 196 117 146 15 50 18 85 226 222 141 125 31 16 69 103 56 80 116 244 130 218 198 9 158 175 170 99 46 88 229 76 34 56 176 14 136 103 213 213 29 94 142 102 207 212 243 115 115 152 89 168 206 21 6 132 112 187 78 141 212 152 49 169 0 143 141 125 188 152 174 5 83 197 
