64
163 19 40 170 98 15 5 2 106 63 194 249 84 197 60 118 45 199 232 125 250 249 194 236 228 224 233 186 1 198 175 160 130 158 102 139 18 245 190 60 206 186 9 181 210 222 4 250 87 229 211 247 60 117 142 54 170 129 70 235 195 29 41 215 
165 50 114 108 56 76 82 138 26 157 28 95 82 192 232 138 117 42 70 19 130 139 218 19 76 2 43 191 188 226 243 136 134 147 1 229 158 167 215 106 99 228 123 179 217 51 149 192 128 110 57 52 142 100 60 74 121 129 76 248 17 183 45 8 
201 136 182 90 223 94 93 48 24 41 178 126 174 185 183 46 89 137 182 201 105 140 151 72 221 86 203 211 224 199 84 61 15 13 169 41 194 203 174 7 153 237 184 8 144 196 130 79 164 113 134 217 99 114 97 58 248 137 211 222 123 174 35 146 
127 97 180 161 236 221 80 228 49 117 76 240 250 45 41 6 104 45 87 54 157 75 13 69 122 18 227 224 176 44 15 41 41 104 37 232 70 94 83 188 84 245 96 94 50 75 204 58 11 24 79 245 96 182 103 27 24 42 84 22 98 155 28 74 
100 116 87 70 207 39 163 234 133 216 207 76 97 38 175 30 249 151 92 83 225 86 163 5 19 108 217 236 233 79 21 214 160 149 219 216 165 147 119 45 175 132 247 99 52 81 124 115 84 96 111 97 244 203 148 210 218 66 161 174 72 21 212 195 
177 179 140 201 161 154 239 188 58 45 193 49 6 88 74 224 68 247 145 132 60 99 1 133 47 150 31 61 190 93 96 19 27 225 94 198 116 248 130 195 72 15 213 21 58 187 12 241 75 190 230 76 207 246 29 99 177 176 209 162 250 204 181 249 
155 113 69 219 215 10 5 97 198 4 208 143 41 206 114 233 24 78 12 241 240 28 100 232 192 47 205 198 249 213 58 77 43 151 24 174 82 75 180 21 53 117 32 1 104 45 238 176 215 92 98 233 1 194 168 60 138 19 203 70 16 182 212 223 
173 165 110 240 229 20 180 240 184 97 91 202 195 149 29 241 210 210 34 55 239 105 58 161 151 45 140 188 149 179 112 202 227 118 137 244 50 32 99 78 213 217 57 219 167 54 165 159 109 199 134 62 221 155 189 4 97 62 164 200 190 79 212 68 
86 205 243 193 129 108 248 145 154 142 46 212 219 152 26 163 5 176 249 124 231 89 147 6 123 11 81 79 243 208 2 33 207 27 126 225 30 185 226 40 86 232 171 31 219 201 227 66 90 222 149 100 138 204 218 143 171 26 245 18 133 185 34 237 
49 126 72 66 223 235 180 115 173 7 8 227 12 67 53 46 72 10 69 5 221 166 231 153 112 118 114 76 123 105 210 149 201 183 113 151 108 213 59 230 118 211 232 168 142 221 105 25 71 196 62 119 95 152 111 218 101 31 215 129 7 86 50 99 
228 82 45 99 12 112 110 146 28 217 48 146 168 237 29 216 227 141 9 58 78 141 184 99 33 246 247 66 198 176 159 2 42 208 134 141 120 240 102 115 170 162 3 241 210 84 231 134 226 184 36 189 100 206 41 248 45 244 176 127 70 229 169 201 
51 32 124 174 145 63 85 80 61 248 132 93 59 177 216 186 186 212 51 211 166 159 57 231 168 135 229 200 185 16 186 135 101 158 250 55 21 246 245 42 17 35 130 79 224 89 195 34 213 206 126 122 249 161 110 63 105 21 88 148 113 205 227 203 
38 148 137 20 9 158 248 119 191 61 59 20 151 131 215 143 91 175 90 181 16 33 151 179 227 23 124 136 177 197 28 205 142 182 231 163 161 210 163 55 103 83 93 57 203 204 133 63 22 52 80 191 173 138 88 31 94 95 147 97 56 106 183 242 
212 81 116 105 151 124 70 171 127 55 81 120 209 212 11 126 180 237 149 148 133 205 212 25 204 151 138 239 240 10 248 186 58 225 121 123 167 123 44 71 21 235 58 97 20 107 162 137 201 12 214 19 113 236 223 134 181 63 24 123 239 239 108 27 
174 246 192 133 205 203 117 83 197 38 90 102 26 104 198 2 136 74 34 56 242 206 137 146 149 206 134 222 137 80 233 147 238 78 11 46 160 66 198 45 65 95 185 243 168 75 214 15 23 178 118 216 244 219 150 155 81 211 228 176 246 199 105 197 
125 197 211 183 132 38 237 234 238 115 89 230 230 42 195 90 97 106 37 133 210 117 71 67 61 137 111 161 199 222 108 98 41 65 99 89 42 230 28 126 128 82 142 60 188 158 77 183 165 194 149 70 155 47 141 105 95 0 224 180 140 118 178 77 
85 203 115 168 185 128 223 40 243 190 7 42 167 162 204 56 49 200 125 10 47 201 239 46 86 86 136 130 156 113 207 214 89 134 131 165 138 168 186 231 176 189 74 27 210 166 138 62 102 114 123 75 234 142 28 130 169 75 73 224 161 64 52 117 
233 49 172 207 9 156 248 234 213 29 107 84 117 36 12 97 38 24 90 198 201 204 179 161 181 49 68 150 22 136 94 134 106 166 117 222 204 88 183 3 244 113 87 8 206 96 115 246 188 68 35 208 81 112 214 106 102 217 79 210 119 84 54 104 
43 54 215 9 220 15 47 47 7 21 150 31 100 145 112 217 185 29 55 196 8 94 216 183 40 173 140 35 12 47 57 71 208 56 166 126 133 2 176 11 23 166 108 16 196 222 119 22 220 215 29 221 200 88 96 172 152 57 243 92 230 109 145 93 
212 187 196 201 147 71 169 63 232 122 12 200 8 17 136 105 152 58 0 119 130 134 187 115 11 197 173 14 82 184 3 39 83 0 98 148 138 203 170 162 131 39 38 2 201 216 111 48 11 113 71 164 170 95 33 134 23 172 243 179 212 237 52 247 
145 120 43 138 193 153 126 221 57 40 148 65 11 177 182 47 46 5 84 58 63 185 9 209 182 220 192 3 122 40 40 173 182 244 170 221 11 114 220 84 155 82 205 200 241 155 137 129 28 125 250 25 173 246 235 79 90 226 250 223 215 208 95 214 
198 134 103 8 85 68 31 134 188 160 105 207 234 103 125 121 79 29 79 50 246 214 119 5 13 21 99 28 158 133 145 59 58 182 245 146 214 227 7 27 194 208 189 195 63 109 193 203 14 150 250 186 16 246 25 57 190 244 158 137 42 158 22 151 
63 25 241 30 126 50 115 98 11 90 27 11 179 102 235 171 226 98 74 215 94 207 208 233 43 88 171 86 53 124 149 9 109 29 18 97 1 102 243 93 66 36 106 147 22 7 99 204 32 155 67 234 154 79 87 198 176 75 11 92 42 201 82 39 
29 210 180 155 52 125 171 221 1 233 34 117 115 24 15 204 194 218 41 48 169 65 14 218 194 232 81 98 4 225 135 227 44 142 219 0 127 67 133 238 22 101 163 106 21 91 191 89 34 123 154 224 203 171 6 111 151 222 16 205 40 145 99 70 
11 241 117 117 205 60 85 215 104 170 58 34 81 144 180 157 68 55 60 161 113 53 174 150 204 172 92 74 112 6 71 90 21 84 21 236 13 17 35 228 116 229 41 138 127 204 11 12 72 216 133 165 224 198 107 87 68 20 176 148 37 168 43 55 
12 195 170 167 182 0 121 49 135 97 158 142 247 226 216 207 236 204 85 211 150 207 36 16 64 74 16 240 208 108 59 55 31 3 49 167 226 91 184 48 227 72 240 133 229 88 5 125 236 18 117 242 53 102 221 112 235 59 77 141 176 215 120 139 
64 137 105 103 227 173 215 35 194 153 131 75 41 243 86 93 190 248 242 111 178 214 53 6 24 215 102 140 129 222 184 212 197 149 112 57 110 79 191 242 45 155 179 7 56 200 163 239 143 112 67 12 93 199 129 13 93 247 33 190 47 187 85 75 
77 28 119 97 1 142 27 58 96 238 128 56 51 79 63 54 174 219 28 94 240 247 67 100 123 166 45 249 197 43 73 161 14 24 236 160 198 101 76 85 83 201 180 250 9 165 39 69 175 156 216 49 232 170 89 50 57 177 83 8 92 117 71 69 
105 50 28 108 196 147 159 181 129 105 210 114 9 66 155 110 143 187 29 110 150 169 134 202 230 128 172 198 152 156 225 194 157 71 58 248 3 81 54 56 124 67 151 79 217 167 239 6 206 199 169 138 185 54 124 23 59 110 188 91 67 176 95 200 
66 116 51 134 242 108 241 195 228 164 3 69 142 23 104 190 230 19 43 32 96 50 231 25 161 20 191 220 4 154 194 18 85 229 100 27 16 39 143 185 238 97 75 249 59 65 9 50 59 23 100 67 226 99 9 153 81 149 173 107 113 5 237 75 
219 248 249 174 105 162 88 207 247 68 34 19 27 187 229 30 47 155 45 241 140 41 96 118 135 126 56 86 91 104 200 156 117 54 182 187 239 42 147 30 194 85 44 26 75 230 102 167 27 224 159 173 87 71 235 239 202 105 46 227 225 28 90 85 
223 55 229 119 95 164 6 33 160 67 37 208 168 118 141 206 2 30 140 187 8 173 211 247 134 121 109 172 176 65 184 69 90 215 132 2 65 148 239 189 16 200 118 160 91 105 73 109 239 208 234 111 182 16 151 206 161 20 37 99 45 108 157 181 
170 161 46 205 194 84 24 13 51 165 87 224 15 58 102 6 166 222 228 172 178 76 115 18 200 37 50 48 232 205 178 68 3 185 170 218 35 3 193 101 52 184 191 118 77 71 207 2 231 29 42 222 10 236 128 203 16 3 84 133 233 237 30 197 
4 39 125 247 242 239 166 110 69 17 93 74 65 103 164 119 66 216 14 134 180 222 42 88 94 162 250 19 199 0 156 11 80 49 31 245 26 194 68 87 34 0 6 191 120 102 186 132 116 167 145 143 7 130 14 194 202 86 28 96 199 158 85 60 
119 24 235 167 93 9 35 96 195 11 180 0 114 204 55 60 0 95 4 0 50 53 6 223 206 222 34 146 177 32 20 148 219 33 135 11 7 240 20 70 98 129 236 215 8 115 239 14 118 227 13 109 215 135 107 114 246 94 216 212 142 213 235 228 
47 197 240 36 219 4 130 108 193 65 203 58 183 211 208 247 213 159 90 46 65 47 35 41 26 124 2 135 197 208 214 247 10 106 144 27 76 60 167 39 45 198 23 105 16 116 92 208 143 140 130 102 181 11 87 243 113 202 69 81 235 32 211 223 
65 204 214 223 119 165 83 155 34 229 239 182 186 53 127 108 43 176 31 244 205 42 206 143 79 78 17 67 233 34 41 61 195 90 130 209 112 50 143 22 55 57 18 162 26 30 129 195 23 6 77 134 81 50 189 192 106 124 32 104 89 149 75 10 
223 184 169 213 6 15 217 191 164 38 181 130 118 64 186 183 183 136 119 38 169 203 98 69 108 117 41 46 80 43 207 195 68 219 59 72 148 51 181 217 173 11 131 198 51 183 175 90 81 247 170 97 190 60 57 192 235 29 28 81 243 163 227 135 
14 235 142 118 1 213 86 115 174 4 246 7 123 141 130 228 140 9 118 190 135 15 155 5 141 120 204 65 151 34 140 223 83 116 159 6 166 149 140 166 197 226 28 64 69 54 15 47 230 142 155 10 102 59 174 70 84 56 70 103 121 34 187 68 
189 84 245 61 200 90 124 192 66 145 213 3 172 123 140 39 149 40 30 59 7 170 105 223 189 144 176 197 94 218 129 69 47 61 132 197 165 229 1 159 235 246 6 61 29 203 109 180 196 172 79 6 218 183 28 219 245 31 215 159 215 45 147 67 
31 146 248 216 156 211 46 199 206 121 100 156 35 8 1 7 71 220 18 170 206 48 121 98 160 29 138 91 195 59 123 203 189 196 229 193 33 80 244 73 112 93 244 161 85 155 83 190 225 242 173 44 133 165 244 106 135 87 2 14 137 203 178 202 
176 137 72 250 113 176 62 100 118 82 100 43 110 246 100 20 180 182 142 238 178 44 166 228 73 181 49 144 162 41 110 128 19 17 181 190 100 205 59 211 156 133 62 49 76 53 3 60 168 53 99 51 82 42 67 232 45 87 50 67 181 192 236 127 
15 74 8 235 3 108 54 189 21 46 151 247 49 80 205 76 154 21 217 178 243 25 94 118 159 129 91 201 67 69 64 225 131 27 185 55 92 201 169 161 196 228 130 91 124 108 239 25 198 97 72 213 115 206 88 28 166 229 148 171 125 114 114 22 
219 152 49 67 240 115 184 72 10 118 130 5 146 222 181 160 56 66 160 81 94 70 198 113 239 113 132 148 0 156 19 249 217 126 238 152 173 230 20 43 85 113 21 75 48 63 24 173 166 63 24 123 79 36 225 137 170 153 51 106 224 173 183 140 
230 73 234 241 249 131 241 5 213 92 211 90 176 140 216 122 45 127 49 106 54 81 101 117 105 36 88 246 4 62 126 84 33 121 30 74 82 84 49 146 61 210 81 126 227 194 156 165 91 135 214 160 227 74 64 212 233 81 86 4 145 135 135 157 
167 26 184 75 69 96 227 196 8 56 91 236 141 55 25 187 168 141 186 35 231 98 44 179 188 19 48 247 176 72 231 8 96 31 244 165 182 70 152 170 33 231 27 38 127 153 86 222 63 44 74 23 54 43 123 183 140 181 116 42 15 52 84 99 
13 218 79 236 78 144 182 87 133 140 250 201 224 9 91 185 57 125 162 135 100 69 110 187 79 190 217 50 133 239 37 237 12 204 127 172 31 94 53 242 16 95 147 225 64 229 218 149 127 133 72 140 207 144 104 238 12 136 153 221 74 229 40 195 
177 170 75 12 85 156 187 165 89 118 120 193 45 230 83 133 96 238 12 148 41 71 60 156 121 7 238 169 236 30 213 7 28 232 86 169 146 236 112 59 153 7 91 181 197 248 161 218 175 123 214 45 76 76 54 242 136 246 136 122 69 102 234 203 
8 197 73 13 86 175 204 108 93 149 230 138 48 51 198 200 55 159 59 170 41 161 216 105 156 59 179 139 2 138 130 130 225 249 71 247 148 208 59 247 105 72 232 6 181 213 93 160 10 185 170 230 187 155 136 95 140 173 194 227 107 49 183 147 
221 199 126 77 143 161 225 147 115 18 58 203 20 55 2 67 101 237 148 10 101 228 173 86 211 131 237 24 233 87 133 78 86 158 230 79 220 29 185 132 66 239 249 38 127 159 211 70 45 232 235 44 174 104 167 247 166 201 127 63 189 38 94 40 
89 224 132 232 31 149 93 105 124 206 161 94 39 210 108 57 170 152 172 42 2 198 111 5 111 93 98 129 139 14 105 117 109 1 89 248 40 131 109 20 116 194 94 6 227 138 81 250 197 186 28 204 191 205 4 18 53 206 179 14 189 144 119 236 
102 98 152 188 143 91 127 76 152 0 210 242 177 112 81 117 73 66 108 200 100 210 86 41 231 155 64 14 195 99 153 216 139 108 220 228 79 248 54 158 196 21 66 22 34 158 109 156 103 121 94 177 12 203 188 89 47 80 19 193 214 18 75 222 
15 15 101 241 225 19 82 137 36 16 82 207 162 166 162 234 39 10 225 147 20 163 164 226 201 31 87 246 114 153 93 143 162 131 32 27 205 230 59 125 144 106 64 242 203 192 125 101 7 21 25 190 224 156 30 116 169 166 167 114 75 193 216 205 
94 212 22 84 48 220 191 92 213 98 93 107 164 189 9 176 118 162 147 240 169 50 175 5 233 44 124 134 0 95 70 158 146 155 213 72 157 216 228 209 231 188 158 45 148 230 112 237 17 245 174 40 210 103 36 183 20 118 202 26 218 138 158 64 
94 195 81 23 119 177 212 1 128 234 188 23 116 29 117 119 0 19 200 232 98 137 13 64 124 71 176 6 120 44 81 109 157 250 1 61 238 33 51 243 144 72 90 239 239 83 153 39 182 20 236 90 49 207 4 108 26 188 33 211 43 116 63 41 
124 179 68 9 152 109 70 206 126 219 190 35 8 25 87 160 98 99 169 157 52 245 38 6 58 76 168 143 115 74 50 195 79 195 69 24 152 74 27 120 81 95 59 236 218 220 95 186 96 128 84 52 76 27 6 197 133 143 224 3 96 212 14 22 
10 21 191 20 200 141 28 45 64 86 186 84 39 47 77 115 184 184 243 79 28 192 84 202 234 211 135 162 145 67 1 159 109 37 35 194 151 11 207 63 170 106 183 49 159 99 92 33 14 194 227 220 154 234 180 149 101 25 76 91 58 202 115 193 
125 171 140 91 96 49 55 41 68 152 239 123 161 47 144 181 173 20 112 169 2 94 31 187 141 113 27 205 231 69 42 87 105 45 112 82 236 249 170 219 162 162 158 54 140 242 183 61 107 25 156 199 234 228 163 155 224 193 22 7 3 235 81 238 
109 6 143 205 21 238 44 24 158 167 103 89 9 37 138 71 158 229 106 108 96 12 126 46 15 184 213 218 0 240 41 197 6 119 176 118 57 117 214 195 139 160 32 86 161 158 183 244 223 14 55 14 102 39 172 206 231 110 28 155 146 244 198 65 
161 123 132 77 0 72 142 245 74 186 209 95 81 51 227 103 138 159 187 115 203 203 86 127 30 91 246 162 96 62 174 112 126 216 215 93 67 16 109 32 157 42 147 93 49 205 121 96 250 171 54 103 108 169 118 42 105 83 181 10 53 134 234 149 
139 145 112 175 174 188 205 199 14 179 85 85 168 187 168 143 162 90 224 66 204 44 124 21 60 132 134 241 170 71 68 117 92 226 20 227 191 159 26 110 66 242 57 16 210 202 130 199 42 26 228 132 171 220 13 96 215 74 51 210 138 198 25 81 
54 6 157 115 9 103 151 178 188 46 158 9 247 172 209 250 108 204 73 35 187 237 98 211 45 123 213 163 133 118 176 226 81 85 117 2 214 86 151 188 135 217 164 193 42 87 244 233 123 98 143 36 86 193 185 32 199 141 167 112 245 166 58 196 
27 170 117 186 168 139 60 131 133 213 208 8 220 221 80 250 105 243 155 50 93 153 8 199 213 132 41 171 247 178 224 66 89 90 106 101 234 80 169 173 150 248 60 128 244 97 5 37 18 195 189 222 78 174 146 233 56 27 172 215 52 215 147 220 
169 87 144 215 32 93 113 55 116 210 119 91 188 5 115 213 55 62 79 86 0 174 213 213 136 147 161 36 169 170 4 190 124 39 21 71 86 191 25 34 98 16 177 227 38 38 27 67 226 91 118 32 173 80 19 11 57 78 218 100 144 119 242 228 
