91
230 124 211 12 179 102 147 52 131 227 90 199 11 132 121 224 55 82 131 18 31 150 203 152 249 172 236 226 123 86 106 124 122 207 84 27 32 76 247 45 60 181 232 243 126 104 150 73 125 157 10 119 96 136 217 153 190 44 82 178 139 23 235 136 40 77 247 85 119 168 166 197 15 57 247 211 248 178 211 105 93 92 63 162 84 176 245 249 81 163 212 
180 97 108 66 211 30 56 174 237 119 125 228 100 68 9 145 223 224 65 165 119 140 110 134 119 109 121 86 107 58 155 60 235 118 75 227 75 64 226 74 202 45 93 192 176 88 125 68 240 127 66 244 79 206 68 218 85 78 29 199 213 230 166 186 40 179 130 192 117 232 1 164 66 143 86 77 4 113 122 92 216 8 80 26 71 72 241 40 219 91 80 
207 54 136 209 21 193 169 81 172 166 167 11 71 167 142 244 227 167 38 34 125 129 56 104 222 44 157 243 54 86 56 223 169 103 117 179 157 78 76 19 234 105 16 28 93 52 247 228 57 234 3 105 240 150 27 30 226 163 28 50 236 83 19 115 112 194 93 194 139 19 18 4 203 96 163 90 134 112 207 153 170 97 236 34 240 224 170 198 80 169 92 
207 53 64 209 250 199 99 149 234 30 155 103 240 141 235 11 215 81 127 125 96 197 21 198 70 224 44 19 205 4 37 160 226 212 14 10 231 157 92 231 244 83 24 22 166 125 46 1 108 181 24 76 141 80 203 39 95 231 30 216 145 52 145 91 7 199 64 50 195 154 226 84 116 103 36 153 118 24 196 153 41 68 212 203 102 102 124 165 210 208 238 
197 103 249 55 74 98 36 197 130 96 143 171 12 187 55 226 211 88 231 3 208 199 66 113 101 122 87 180 145 157 69 0 38 242 227 86 19 178 77 230 44 72 157 124 26 182 236 83 35 129 87 53 145 21 144 203 165 27 106 0 244 53 146 88 178 9 213 224 152 138 102 148 234 196 29 5 6 79 101 33 214 15 80 143 67 45 141 78 134 242 154 
5 213 171 71 224 210 107 35 51 98 188 84 65 134 125 220 208 99 157 189 1 140 3 102 180 108 62 244 234 230 20 216 237 4 247 2 162 154 173 33 222 44 5 189 177 77 181 45 176 185 113 109 206 116 127 85 8 26 124 209 5 131 94 170 245 121 46 74 192 171 98 134 120 21 75 185 135 152 86 85 205 115 208 189 21 204 29 100 54 79 185 
27 122 127 224 8 129 220 24 164 7 216 0 128 132 52 150 80 144 115 161 82 124 17 242 146 174 60 141 116 206 31 64 34 138 8 166 148 222 91 44 78 181 160 111 162 69 10 138 197 120 152 16 149 208 70 75 186 195 135 229 4 156 92 229 198 20 199 70 174 137 122 234 223 72 143 46 110 30 167 68 144 225 156 2 121 240 77 173 239 94 129 
64 76 229 26 121 95 13 191 192 210 207 233 32 197 235 214 88 64 165 57 246 145 196 171 190 31 123 205 200 238 218 242 199 28 125 1 242 113 31 16 250 58 139 188 183 123 143 155 35 190 183 125 37 225 203 198 236 214 201 21 2 157 83 14 183 65 23 126 151 106 103 120 115 152 204 63 59 168 34 164 80 27 34 185 130 96 104 188 210 111 170 
246 140 238 234 126 238 156 241 184 165 72 67 217 108 189 249 132 102 8 131 69 117 151 165 43 88 250 12 35 10 244 74 27 201 99 219 213 112 213 196 106 16 113 167 209 122 44 194 194 109 227 228 204 208 22 58 250 85 163 157 216 101 237 75 97 194 152 157 9 207 131 2 95 186 155 169 51 68 136 29 1 236 211 148 189 130 100 123 45 102 21 
166 183 131 71 45 194 239 205 122 178 152 204 166 223 97 103 141 203 42 78 184 202 206 141 121 77 16 88 118 19 215 139 237 75 237 90 14 13 182 232 18 105 86 41 150 48 106 186 118 244 233 61 207 163 102 0 3 27 249 193 100 47 122 80 148 5 241 101 213 202 26 45 37 60 164 54 143 218 79 235 51 13 185 189 54 44 77 234 35 108 60 
37 178 240 212 133 184 178 67 57 64 171 171 90 53 86 82 219 217 126 9 144 97 28 181 138 241 235 242 3 45 64 139 181 17 148 74 226 38 2 79 179 145 212 172 18 161 62 60 170 21 25 237 190 6 171 157 19 97 35 128 127 45 74 91 176 246 106 21 154 230 101 25 118 247 135 68 248 147 68 240 203 165 159 248 6 9 74 84 1 168 35 
7 227 67 209 242 94 83 166 159 176 175 100 85 60 161 123 37 99 110 199 15 209 210 135 107 164 248 105 121 60 149 71 250 150 207 214 219 53 127 134 155 241 222 12 129 197 160 233 11 116 205 133 150 150 112 82 21 151 105 46 69 47 188 107 232 7 53 16 218 52 100 113 113 12 229 63 196 20 87 97 135 20 127 145 85 164 178 10 40 204 212 
197 241 106 50 203 90 218 204 9 249 21 147 68 239 123 101 85 247 108 107 130 212 202 39 35 98 66 95 12 69 72 20 64 52 175 229 49 23 71 229 66 89 160 78 69 105 196 153 51 76 233 89 182 137 25 210 164 154 233 46 250 158 169 95 223 21 173 30 194 43 230 13 78 21 152 135 235 21 117 225 227 62 169 39 68 4 157 49 166 20 196 
194 181 145 48 37 0 53 174 30 192 181 77 83 209 236 25 89 207 163 248 32 246 35 9 3 78 125 43 189 148 58 61 97 130 157 12 91 95 203 48 102 7 195 169 97 123 59 3 15 218 152 138 181 64 168 20 186 176 236 142 233 235 130 166 153 200 244 170 20 114 218 199 222 38 21 67 195 181 180 36 114 9 11 249 168 29 158 200 214 59 83 
78 183 194 152 42 211 131 62 45 154 130 226 7 154 207 113 142 15 78 128 194 54 229 233 242 202 231 202 19 14 0 250 34 12 90 190 217 87 68 53 203 114 170 76 144 168 28 154 31 229 48 125 213 127 84 134 129 163 110 248 212 177 145 18 20 165 173 16 59 97 235 141 77 240 221 163 198 95 177 111 179 89 210 35 38 142 123 155 240 24 101 
114 175 71 122 73 78 101 26 53 184 162 198 55 83 98 36 11 210 227 111 140 245 37 116 184 244 110 175 43 22 103 141 185 161 173 92 110 171 209 79 116 26 34 135 220 138 107 83 115 29 135 177 36 142 13 99 245 52 188 37 244 147 226 69 125 236 215 35 135 43 75 165 200 205 123 103 150 112 111 156 185 87 225 114 151 89 238 47 45 46 20 
168 89 149 200 144 12 200 175 51 242 20 233 157 41 203 122 157 181 44 143 141 42 152 86 173 205 93 144 234 244 98 93 21 187 76 172 29 132 168 91 66 3 99 223 76 231 80 51 108 142 226 214 37 60 174 231 149 165 184 150 125 26 165 36 175 73 5 165 156 99 50 228 23 235 180 135 202 2 136 143 109 151 84 67 151 105 117 212 206 86 157 
207 238 60 41 124 40 182 161 138 229 26 112 117 31 6 80 9 15 171 90 162 125 51 78 174 221 215 174 162 69 200 96 227 87 62 232 229 130 138 63 134 10 215 85 196 48 70 50 109 98 96 90 60 152 176 19 184 171 142 154 181 191 179 18 168 167 106 214 229 33 235 155 232 205 239 155 83 137 179 213 165 130 17 108 215 8 137 180 211 248 146 
160 71 34 169 168 180 118 199 83 165 193 237 171 12 27 94 211 198 94 241 3 217 21 37 209 8 183 146 152 250 194 149 16 17 74 137 213 10 241 130 35 50 144 218 67 88 218 196 200 232 144 151 219 71 90 28 44 203 58 109 8 135 96 8 0 248 157 97 183 101 214 215 24 198 76 14 202 57 40 165 112 22 218 95 42 86 106 115 214 182 121 
3 82 109 135 184 173 196 153 194 216 9 58 79 249 199 87 27 40 180 20 151 149 139 212 193 102 212 67 8 72 83 19 96 243 191 162 124 74 3 84 141 136 194 71 17 143 179 32 4 32 76 29 228 67 96 35 237 0 157 88 250 100 228 127 208 10 181 162 123 38 177 1 61 242 21 191 63 60 49 152 118 196 172 79 162 227 202 57 161 42 148 
204 205 146 28 200 240 87 197 214 14 107 231 23 147 158 61 179 56 6 19 234 220 133 197 39 61 69 44 167 80 145 65 181 186 113 139 40 122 122 179 234 94 202 184 98 108 250 238 55 148 197 207 55 173 68 185 234 199 234 224 99 185 29 120 60 25 209 240 229 69 212 245 9 183 56 66 136 66 221 197 120 103 228 13 21 6 93 126 222 233 7 
92 132 164 52 22 173 162 171 213 237 163 28 83 117 188 168 247 34 190 130 217 92 117 96 24 21 168 89 163 189 101 64 52 121 126 26 169 241 152 60 249 163 146 193 78 43 169 171 178 124 173 123 48 241 77 88 100 73 41 33 26 18 137 16 162 184 36 78 187 1 65 61 119 121 102 206 162 8 227 92 173 139 93 130 51 124 67 9 108 45 90 
213 147 135 117 249 242 152 201 179 150 187 0 228 190 127 205 128 247 177 30 42 240 171 98 234 178 35 243 154 60 215 188 93 103 128 38 18 173 22 120 222 237 43 220 156 250 104 102 175 140 134 61 89 122 22 174 29 56 91 157 62 44 172 247 75 73 153 70 125 0 107 166 54 127 36 247 129 102 112 62 55 220 161 240 60 190 182 33 182 56 164 
123 126 236 190 70 131 46 188 182 108 117 165 217 68 227 222 136 77 69 201 59 152 209 33 157 212 153 10 25 87 223 244 128 114 125 60 46 196 203 131 161 117 32 18 207 246 187 153 145 2 214 117 194 242 182 20 210 102 11 61 122 159 34 180 97 86 186 245 84 168 246 153 103 93 207 217 151 112 26 228 189 118 150 111 19 93 99 225 152 190 222 
83 117 152 28 148 108 83 83 120 142 153 156 186 61 75 188 53 4 82 149 197 4 137 189 98 165 219 172 11 129 21 167 106 240 79 203 196 1 193 36 12 67 210 249 141 227 60 129 105 202 13 134 123 70 150 166 48 58 13 89 106 30 207 250 38 38 167 167 185 114 18 239 34 234 125 38 73 180 233 165 2 18 38 20 178 6 227 49 126 198 200 
112 63 43 228 169 70 53 178 216 165 121 137 73 20 98 160 48 101 77 81 62 215 239 222 217 21 47 172 202 203 195 173 194 127 165 70 203 22 135 159 64 69 162 130 200 43 180 115 65 69 189 211 244 133 178 76 172 127 213 6 20 42 182 167 1 2 142 114 87 43 109 213 106 196 156 73 41 128 75 183 36 234 230 190 47 126 187 20 152 159 83 
15 62 51 126 66 30 106 52 211 110 83 191 243 92 83 181 36 96 163 33 209 165 117 104 103 55 216 60 35 23 138 101 77 217 162 9 23 82 245 86 11 45 218 124 3 146 40 19 217 232 107 125 222 106 49 3 156 64 0 242 156 132 113 149 114 50 86 240 97 11 39 157 200 185 20 54 247 141 144 139 69 67 165 229 229 209 125 95 93 217 210 
68 164 121 83 88 203 197 27 250 187 239 125 167 111 144 6 99 111 209 243 87 174 48 191 49 165 43 33 131 164 200 248 113 118 82 182 154 0 244 69 198 216 221 230 245 38 118 107 116 19 19 120 37 231 249 131 213 144 103 107 176 211 195 34 117 126 77 141 247 95 84 106 231 72 222 43 136 226 202 55 237 21 243 73 139 223 188 114 39 140 28 
180 137 165 230 216 115 240 98 11 66 38 60 93 63 181 140 76 135 219 234 113 144 9 147 113 118 186 237 103 225 167 245 58 95 244 212 237 76 168 25 182 224 126 146 87 213 249 73 105 144 237 196 72 135 40 139 61 137 88 11 244 94 47 148 65 181 243 32 206 12 15 76 136 232 58 50 77 96 76 75 194 217 7 184 196 242 53 27 9 206 194 
75 94 110 204 117 20 219 20 175 56 156 86 26 86 188 211 127 174 166 155 115 207 71 189 230 159 73 215 87 206 28 243 245 132 190 0 45 106 224 93 61 55 198 173 72 157 196 138 219 115 199 80 63 241 147 168 35 91 224 44 227 220 64 249 213 211 6 193 221 222 242 166 224 129 244 53 76 92 73 13 43 56 171 249 110 173 169 158 207 246 162 
48 221 193 177 98 5 122 178 162 150 209 174 2 127 11 4 190 88 216 69 234 9 134 17 64 92 22 250 138 60 147 35 239 41 80 29 2 11 158 34 80 190 124 83 137 120 177 126 244 91 198 46 28 209 209 208 104 98 13 94 4 205 89 156 224 124 230 174 114 218 202 54 118 141 222 152 152 233 199 158 98 162 190 27 44 97 240 238 70 73 201 
170 212 216 50 16 32 15 29 99 208 196 73 111 96 210 165 191 75 134 112 116 78 243 27 72 89 143 249 32 214 97 114 210 45 247 212 161 46 177 155 169 53 196 200 62 156 32 235 146 56 169 146 11 182 82 118 112 151 42 241 100 31 83 85 55 206 86 164 111 219 33 111 58 244 21 28 201 239 41 35 235 91 72 114 147 20 106 112 168 226 189 
155 249 129 226 47 212 62 93 250 73 247 19 40 61 249 200 24 102 39 176 45 23 155 20 154 126 125 203 131 234 240 78 216 172 20 175 100 137 93 47 83 228 134 132 73 133 155 205 164 195 139 235 191 101 7 32 228 62 190 167 32 9 146 146 15 127 210 206 221 224 95 59 17 250 161 75 153 103 214 184 140 103 55 214 89 83 106 200 217 213 140 
132 113 244 214 210 73 107 122 129 23 119 149 175 88 125 219 75 222 206 161 24 187 207 37 36 63 228 106 23 209 127 25 149 204 146 237 241 235 218 176 231 42 215 109 31 158 173 81 93 127 239 155 117 220 157 244 22 12 218 142 139 105 212 228 126 81 145 215 54 119 28 247 62 232 34 24 239 153 43 131 62 52 99 170 80 227 172 7 191 117 170 
106 10 103 209 60 183 182 83 90 45 166 204 16 80 218 14 15 185 168 212 141 25 52 208 114 84 185 93 55 104 152 247 87 137 43 141 135 150 139 217 161 199 143 124 79 106 109 32 137 238 10 9 156 108 75 129 67 59 227 59 224 152 132 126 42 107 49 5 25 134 90 88 186 242 6 242 69 236 38 118 52 151 245 234 176 53 79 199 86 20 62 
205 167 187 157 39 243 49 12 119 195 66 31 106 89 171 131 185 232 106 189 151 87 89 155 109 99 183 189 50 242 117 230 194 27 223 92 167 50 116 145 179 78 247 23 218 118 115 139 0 72 92 41 169 54 13 122 186 161 135 149 7 50 237 122 202 32 55 170 58 41 60 178 88 105 164 210 162 48 130 226 32 171 106 209 12 49 52 201 139 241 243 
214 108 90 134 123 15 154 157 49 201 218 102 76 197 54 193 150 181 85 75 59 172 212 234 17 148 154 140 170 172 223 143 200 110 75 172 221 119 209 90 226 165 61 177 134 168 173 197 28 243 212 144 212 129 130 100 103 103 154 158 58 230 67 24 227 165 148 221 30 176 115 156 185 236 176 74 216 227 173 113 160 14 247 105 204 162 39 31 205 188 78 
46 22 229 213 43 187 156 13 71 158 57 133 3 165 195 69 162 164 182 245 28 198 104 182 189 201 228 131 184 194 183 125 250 18 138 22 77 14 4 146 56 226 187 139 27 222 118 90 161 46 135 140 211 119 77 108 84 31 122 63 93 101 156 193 1 3 91 171 148 207 22 63 47 179 34 188 211 135 161 86 210 238 170 3 233 205 216 179 173 163 140 
181 232 36 209 142 248 4 188 210 114 207 236 14 246 105 26 180 5 195 101 98 37 128 127 4 58 116 8 123 224 99 222 145 223 217 186 244 83 195 170 82 153 208 67 179 132 163 111 244 191 92 60 37 17 81 89 136 242 222 1 1 96 73 240 147 143 82 22 0 18 250 227 145 167 106 35 142 38 25 197 231 67 75 90 80 137 13 134 124 101 87 
113 43 75 241 95 248 24 127 161 234 17 118 60 140 32 28 28 115 5 191 215 114 74 209 157 100 181 44 97 133 95 5 168 24 143 4 10 48 175 88 34 233 19 47 45 93 74 15 73 12 250 189 231 216 233 30 1 150 150 92 111 37 228 34 119 184 19 140 120 105 135 226 7 15 171 117 202 137 161 38 147 27 24 73 122 125 52 24 231 13 61 
45 3 143 22 189 191 248 80 209 187 65 191 41 198 227 27 68 146 110 138 96 228 11 232 130 154 18 175 125 99 248 199 6 154 14 30 140 218 97 168 165 15 100 98 231 195 130 200 32 0 119 147 96 136 40 171 233 17 176 174 77 122 106 40 78 56 109 117 216 95 23 0 80 225 193 139 214 82 173 241 183 74 183 201 189 87 197 209 0 239 10 
39 89 105 36 231 30 35 118 214 25 78 151 16 100 227 180 247 89 104 225 204 157 174 122 196 78 144 6 110 129 211 40 200 137 4 248 160 200 7 164 45 142 246 220 64 190 217 111 116 28 44 227 206 123 170 198 217 20 48 170 170 198 108 197 128 159 110 229 103 86 140 47 143 47 58 22 226 50 137 151 11 178 196 51 98 247 24 238 99 122 67 
72 77 93 177 176 120 127 19 208 85 184 182 180 102 80 133 57 154 89 26 227 183 129 158 117 41 63 222 58 96 123 10 186 37 2 86 161 196 25 103 104 78 185 204 117 29 126 237 43 92 92 191 200 175 82 218 120 167 127 202 167 143 104 96 94 236 97 6 79 55 235 148 71 235 166 150 167 8 195 190 203 123 195 200 60 0 206 79 26 171 96 
76 84 194 19 64 90 182 199 165 18 92 177 16 79 219 111 12 116 10 176 127 34 180 133 43 23 222 185 136 59 115 178 79 120 125 248 197 123 142 209 29 237 155 38 224 53 112 96 209 129 225 184 104 10 174 30 245 94 11 220 147 167 59 202 227 181 228 126 247 89 96 245 244 148 247 21 235 115 143 121 147 33 6 27 2 71 220 235 113 9 241 
94 67 133 151 88 179 83 109 127 222 199 58 42 195 52 219 145 86 205 87 31 226 232 136 123 22 96 51 231 1 204 143 132 76 132 218 189 36 221 156 58 228 243 12 17 39 231 2 140 36 173 44 225 104 4 52 25 47 39 98 10 115 172 90 239 40 34 11 107 66 60 178 200 2 12 202 132 141 0 35 55 249 173 8 169 48 161 40 113 148 55 
140 0 239 39 124 29 225 50 229 211 75 142 152 219 227 184 218 90 159 164 230 209 0 76 146 107 208 10 126 137 73 82 22 48 15 99 167 155 81 107 138 13 235 57 7 20 113 223 1 163 138 56 12 75 222 220 193 149 36 160 176 122 142 206 155 84 234 161 169 184 98 191 176 235 125 48 165 77 52 250 145 213 80 233 36 74 15 170 21 191 22 
104 39 242 81 211 74 69 217 102 140 116 180 147 71 135 225 79 191 78 247 40 119 74 170 243 119 217 1 237 179 3 57 161 108 182 218 231 82 72 107 206 122 248 181 117 139 10 228 27 54 27 18 64 65 219 105 107 70 116 47 141 34 66 187 89 10 148 77 241 230 86 36 112 211 163 30 45 224 19 229 80 124 155 107 52 29 93 168 64 124 212 
22 133 12 41 97 50 209 209 250 168 15 228 109 104 88 242 249 105 129 171 199 243 63 110 200 18 64 118 166 35 123 151 109 213 119 33 195 153 116 128 28 227 223 31 199 178 117 232 18 24 70 139 6 91 198 127 187 175 105 136 116 43 88 8 3 131 66 219 236 11 246 234 30 239 45 152 159 23 82 128 222 32 130 166 170 128 228 25 249 45 239 
171 62 22 87 218 157 195 208 37 132 218 44 123 143 195 42 232 19 206 242 114 216 199 22 23 104 164 52 53 247 227 99 71 190 27 210 226 14 75 214 69 47 12 104 159 34 56 111 217 126 233 102 24 229 94 63 199 195 202 146 88 229 6 188 87 153 26 109 248 241 88 196 165 162 207 41 156 167 175 191 215 26 132 245 163 90 196 44 20 120 26 
199 103 227 57 8 213 224 20 119 33 73 136 182 122 111 125 47 47 187 78 217 180 10 130 180 30 37 47 87 94 5 19 249 21 48 222 237 192 154 177 65 125 154 44 18 219 130 121 37 25 133 98 110 150 130 147 163 105 244 40 98 144 117 240 114 171 47 130 233 1 219 76 9 112 172 62 180 141 88 234 166 13 62 87 208 22 226 242 139 214 154 
27 56 55 123 134 141 22 207 184 239 152 94 109 41 113 215 208 131 24 55 23 143 39 244 157 12 77 58 61 205 87 17 193 21 181 192 188 203 18 143 23 157 243 221 166 126 230 162 88 83 35 83 71 146 109 44 178 183 93 5 231 55 155 47 133 13 113 238 181 83 116 201 141 96 194 160 114 12 195 10 137 59 58 105 121 227 16 235 200 64 78 
65 4 81 45 43 90 46 64 46 56 248 146 7 209 200 153 85 171 234 85 167 52 147 84 73 105 246 9 106 23 137 135 22 129 153 7 193 190 126 98 74 149 97 147 184 92 124 20 162 17 35 175 136 148 163 224 77 106 161 151 9 129 206 15 90 62 116 235 29 112 191 133 41 94 210 114 42 66 180 131 146 124 70 10 108 247 81 185 196 87 59 
35 128 58 79 90 61 153 188 112 232 109 190 63 143 185 66 171 42 228 220 84 217 121 204 249 13 119 37 157 18 72 118 15 41 142 68 62 6 109 150 82 55 109 36 225 58 103 45 136 208 106 62 132 109 147 157 104 90 142 40 64 244 0 92 80 175 137 1 218 38 213 50 12 104 164 50 109 165 135 8 19 172 135 127 88 210 234 153 115 134 235 
112 68 15 178 235 185 208 168 41 202 234 74 38 133 129 171 158 161 220 95 62 204 114 226 134 100 171 77 214 134 152 97 26 84 203 35 26 223 234 181 116 111 240 96 225 6 190 158 89 178 197 143 241 35 157 91 241 196 101 167 168 231 210 64 9 232 140 192 181 234 51 19 228 197 179 188 92 16 149 107 185 217 46 44 24 232 229 102 193 73 56 
190 26 98 73 104 67 195 233 23 228 162 13 154 105 94 190 138 230 196 10 212 130 47 47 170 26 121 194 66 102 239 211 198 119 104 81 250 81 15 214 204 27 127 83 213 140 96 239 206 117 144 35 22 151 168 1 61 222 150 108 39 115 58 179 127 202 80 122 29 43 40 68 132 184 165 216 213 249 144 9 230 95 174 42 32 206 94 48 122 107 191 
213 48 51 33 12 207 116 120 173 98 229 10 73 60 174 154 51 199 148 6 15 74 142 24 237 12 109 140 36 159 222 114 20 130 112 217 77 167 112 168 237 39 38 109 61 68 140 238 148 83 161 230 67 218 59 68 201 196 231 154 56 180 192 35 222 123 145 11 233 45 100 203 50 183 194 100 164 61 124 192 122 82 18 137 30 164 241 198 75 106 235 
242 74 9 194 185 37 165 222 115 50 193 22 113 68 235 156 170 229 28 202 166 8 100 111 21 167 24 201 160 182 239 224 76 148 168 89 13 8 7 107 207 24 107 134 15 111 111 206 208 17 88 193 9 29 13 245 185 153 137 105 136 246 50 179 107 164 202 169 171 185 106 74 84 17 38 95 118 173 155 110 133 112 225 30 17 236 85 230 248 203 181 
191 8 156 60 128 81 6 246 110 35 245 75 177 143 100 70 191 233 247 236 71 156 24 34 39 115 28 44 188 42 216 178 83 148 59 56 183 217 146 244 84 130 228 109 132 146 158 45 2 43 98 64 192 196 146 48 71 130 132 112 137 199 98 189 90 199 107 224 208 160 230 134 37 169 50 245 236 58 206 10 17 149 105 200 149 190 184 175 57 187 141 
209 2 205 13 192 84 237 38 163 28 64 69 95 119 250 111 198 176 126 45 94 225 233 11 147 60 222 103 159 112 4 87 23 76 42 196 68 233 75 244 69 27 129 87 143 230 90 92 73 17 147 67 92 150 202 213 149 39 141 183 31 102 208 205 176 246 38 59 37 104 249 82 16 44 45 136 160 117 10 57 226 122 130 97 0 205 171 175 105 136 119 
181 81 174 144 178 25 132 200 141 159 55 228 70 205 108 142 185 139 173 198 11 153 93 175 195 35 177 219 56 20 113 115 154 231 172 6 226 116 116 115 107 64 79 172 62 8 190 142 46 19 214 118 237 73 138 142 52 165 230 58 191 220 181 51 79 88 107 49 71 133 215 54 186 100 139 154 29 247 110 34 52 177 16 243 165 212 136 55 239 218 40 
105 139 58 89 125 101 192 115 165 176 185 208 155 18 33 181 136 204 221 73 176 221 148 90 41 99 176 50 133 23 61 115 126 196 179 208 160 125 40 151 221 148 91 81 164 27 38 1 96 155 119 249 191 91 1 248 2 143 237 48 122 155 74 174 22 148 184 231 203 0 233 56 95 82 117 140 13 209 171 155 135 82 75 100 15 74 22 92 83 246 40 
45 63 117 2 161 230 68 80 1 164 78 56 69 27 151 87 174 123 149 181 122 202 240 56 92 132 250 207 182 156 189 29 243 241 244 114 105 84 215 223 127 228 68 62 138 30 5 51 243 59 250 92 49 79 246 221 207 182 42 43 7 45 197 239 170 136 227 202 82 109 3 24 185 218 78 81 159 64 168 178 57 244 223 154 216 63 172 2 166 22 84 
166 41 44 42 32 151 188 48 23 236 160 229 214 133 62 212 174 228 178 137 176 230 54 97 139 31 201 202 123 248 71 91 67 26 243 40 45 224 164 2 216 106 12 51 139 189 243 11 90 191 127 193 124 141 143 36 250 5 198 130 209 42 179 79 76 90 33 201 7 172 169 88 174 229 8 54 140 117 31 35 165 193 131 139 76 27 248 157 149 13 0 
15 102 4 237 216 56 233 80 157 64 146 201 151 187 216 80 155 132 212 142 244 220 51 204 218 54 145 33 166 200 175 241 59 208 241 0 214 35 10 161 34 156 201 216 181 4 117 29 81 89 14 138 55 178 6 160 102 31 164 21 20 114 235 6 121 94 199 32 145 210 135 230 86 147 238 182 129 237 9 66 4 128 244 223 175 237 146 132 14 14 26 
226 162 152 30 123 134 228 151 23 201 148 131 80 122 3 189 151 185 160 40 112 182 108 160 108 48 219 60 104 119 168 220 226 9 152 72 189 139 183 30 213 181 68 244 137 40 108 90 249 85 102 24 250 46 116 187 23 76 122 89 207 49 108 67 215 176 4 15 11 81 222 210 165 178 73 97 182 130 22 105 120 172 66 166 158 198 246 84 39 27 180 
240 36 46 187 224 124 201 56 87 209 241 82 225 222 185 216 127 232 47 193 48 224 34 17 236 99 22 131 10 85 177 99 25 103 31 114 83 11 105 69 239 208 13 35 186 133 154 210 214 29 60 192 144 49 137 96 154 2 208 104 56 116 206 198 214 76 247 130 25 238 153 212 170 16 81 76 155 32 150 212 170 86 17 186 208 122 152 132 209 183 199 
150 47 88 217 31 50 128 133 26 9 247 99 11 94 194 158 225 103 15 208 79 0 226 69 68 107 163 227 144 230 24 32 213 164 134 110 233 164 10 192 155 212 46 217 125 11 40 103 129 99 187 19 159 122 52 114 44 100 225 244 190 181 216 21 131 154 78 13 230 224 233 41 29 150 42 224 51 4 49 187 208 25 206 29 64 224 219 58 197 221 81 
106 10 133 38 106 109 138 217 160 96 194 135 28 169 242 81 84 82 86 207 249 70 74 128 147 117 137 48 167 120 149 115 24 38 105 30 39 160 181 200 24 108 204 217 40 195 143 249 92 65 191 113 125 90 200 33 157 5 114 164 77 49 156 189 219 96 92 229 45 63 190 73 54 204 139 106 217 197 227 84 145 60 204 9 173 156 229 45 58 59 101 
33 125 198 25 80 15 3 161 179 231 127 42 145 50 71 52 231 128 232 247 212 118 113 105 104 171 144 250 128 187 166 200 226 190 131 167 213 186 237 238 149 162 61 18 69 128 219 216 222 220 114 117 197 156 174 96 103 89 96 55 171 59 188 175 94 110 211 46 106 166 246 79 73 40 131 64 180 53 159 161 238 211 15 90 103 207 242 85 11 56 89 
90 39 179 184 147 140 44 58 7 108 200 34 190 63 183 126 121 143 140 188 113 130 197 134 104 44 88 127 236 75 31 17 143 195 242 219 9 89 9 48 6 222 159 149 39 150 208 25 99 245 148 126 98 122 106 72 198 81 109 142 145 241 140 110 6 224 122 174 180 231 184 170 240 195 119 58 33 121 95 169 17 133 210 176 112 165 202 76 63 20 202 
22 216 84 134 99 98 98 149 214 28 66 231 188 144 81 90 155 150 141 108 148 212 169 245 226 140 95 225 64 235 79 135 166 88 189 88 84 23 174 147 41 40 204 239 22 196 202 244 91 83 15 11 160 42 216 148 128 28 89 163 86 245 219 6 239 249 208 62 34 69 188 68 1 209 32 47 154 152 169 31 243 188 135 74 192 167 81 23 70 92 134 
60 21 25 160 184 59 7 117 76 24 68 173 237 193 43 73 136 40 135 102 240 17 215 9 203 84 229 21 6 235 127 12 191 40 30 148 76 114 95 199 129 42 132 127 100 197 52 85 220 164 82 92 205 132 219 160 50 107 157 156 193 244 82 45 160 114 103 204 125 0 144 139 47 173 15 99 247 52 227 162 178 221 233 109 52 91 90 226 114 15 42 
138 16 52 11 107 196 189 80 109 97 231 119 247 130 153 93 132 247 16 173 178 185 121 128 232 6 207 105 239 193 146 241 206 83 174 246 114 21 203 183 145 34 42 214 9 230 16 98 70 85 88 153 163 111 162 96 47 91 217 68 171 130 82 132 209 12 250 116 80 233 153 132 98 176 133 50 244 135 58 211 130 145 236 32 13 195 198 16 182 245 192 
34 193 36 216 192 170 59 81 217 180 121 94 65 164 115 58 28 0 15 77 83 205 248 232 213 85 70 228 145 68 223 23 62 210 91 160 214 130 210 202 110 64 138 112 10 147 67 121 183 107 195 178 31 211 140 223 152 222 23 197 166 153 137 250 74 230 221 56 160 223 91 146 225 97 173 98 55 186 150 124 20 36 151 124 63 16 216 97 1 22 134 
82 0 127 27 120 74 82 220 115 129 155 227 192 65 234 119 69 162 34 3 218 159 60 97 122 191 131 8 173 84 121 144 92 102 228 225 169 75 137 43 212 186 211 47 225 178 134 6 27 89 124 42 90 237 53 87 33 23 167 86 110 63 238 41 28 136 233 122 172 79 88 146 131 187 229 210 5 210 213 53 76 235 209 235 49 211 208 171 3 151 239 
196 231 76 170 169 76 18 89 157 113 74 121 198 180 88 156 11 64 169 71 177 182 225 98 212 36 115 46 169 40 143 77 205 94 225 63 71 159 35 97 169 86 133 13 13 168 70 92 233 143 150 67 78 129 190 194 172 211 212 22 185 103 68 173 170 201 147 79 16 88 59 101 218 212 104 235 140 231 71 47 232 81 30 97 25 244 223 182 9 93 221 
51 107 127 129 143 129 160 57 171 7 244 173 59 194 169 210 64 213 53 169 196 250 48 118 185 235 243 26 176 142 64 217 191 115 109 135 226 244 208 154 223 218 209 4 180 214 120 156 51 201 13 135 188 52 31 172 93 187 97 45 167 100 52 205 31 8 183 113 45 75 9 67 65 54 14 157 157 142 11 208 247 204 142 250 198 185 159 137 188 141 162 
61 73 31 188 159 174 0 146 233 54 167 228 180 189 48 210 205 94 41 56 180 96 169 81 131 109 214 217 53 176 110 106 62 40 228 225 236 246 53 39 199 217 151 98 10 125 48 188 204 122 142 248 240 115 202 83 40 54 4 67 67 121 37 218 215 144 114 87 70 183 214 108 97 47 156 137 232 93 4 28 79 215 5 112 83 122 34 147 172 111 192 
186 242 157 124 227 246 35 138 102 84 81 81 221 48 29 90 213 131 153 192 10 136 28 89 71 196 42 213 178 7 242 100 54 77 239 187 112 92 55 175 75 73 210 59 152 77 84 28 66 137 96 215 57 202 215 188 131 126 110 57 228 51 98 176 77 84 55 240 130 160 26 181 247 2 209 88 98 160 171 99 157 30 114 185 54 149 89 189 197 103 189 
211 157 168 23 109 63 102 241 130 226 113 111 79 21 64 59 79 120 196 48 215 218 30 32 151 82 185 238 93 109 42 44 64 43 31 83 20 184 235 240 232 170 153 13 202 74 191 93 146 217 42 69 205 29 67 47 58 14 202 93 135 66 224 220 87 149 200 203 249 211 116 186 250 31 92 91 57 119 125 181 109 100 202 146 54 120 36 77 48 131 35 
245 152 203 64 168 212 119 125 10 6 178 104 80 118 72 241 198 160 161 85 223 92 180 92 230 27 47 77 132 192 118 126 178 101 237 125 158 114 38 197 121 6 193 86 163 71 109 248 7 98 116 144 191 10 155 145 140 216 36 222 16 143 100 132 86 35 24 87 114 123 246 37 9 182 121 174 196 32 73 48 145 146 149 161 25 182 203 174 169 111 108 
16 54 108 10 164 160 105 134 51 242 46 49 245 106 90 218 137 233 57 10 42 205 207 27 191 205 166 83 135 11 101 184 62 139 190 205 173 241 28 219 193 242 16 50 165 189 33 152 28 243 10 224 149 71 128 160 58 193 89 121 154 75 237 230 19 142 231 4 112 79 186 70 197 27 26 0 36 235 44 52 85 220 150 132 11 75 217 212 19 206 154 
184 248 10 237 154 90 36 235 175 216 13 87 94 133 95 58 220 148 214 8 35 139 167 61 187 37 67 12 136 120 138 234 0 93 28 148 108 127 32 151 18 192 112 185 109 70 228 179 106 72 247 131 76 81 157 105 243 10 12 131 77 205 211 249 152 116 7 63 213 126 32 74 36 153 159 93 102 6 228 117 118 85 17 11 129 54 65 106 237 210 134 
137 9 31 242 210 88 232 207 54 108 177 29 152 242 192 80 216 49 13 44 135 46 178 228 190 237 40 19 219 218 173 35 1 31 216 137 206 21 240 211 224 61 179 102 28 42 204 65 183 163 64 122 137 111 32 143 16 107 242 202 109 198 236 45 129 32 60 107 176 96 188 183 145 141 64 141 5 168 3 80 176 2 138 146 168 119 113 250 234 158 57 
156 40 155 85 160 98 114 68 0 128 57 39 166 121 154 132 43 182 195 30 52 84 193 214 224 133 56 105 32 61 149 247 132 32 155 25 248 178 193 36 93 211 24 239 61 147 205 180 57 85 144 37 154 95 146 25 240 91 186 84 221 38 121 101 232 239 165 16 123 12 14 94 95 122 232 143 170 132 79 0 130 231 171 62 249 116 53 133 216 160 37 
193 107 27 146 12 111 191 140 160 234 244 2 18 134 160 186 185 45 14 192 162 48 97 169 171 96 185 37 122 169 102 88 27 29 239 84 101 207 145 232 85 30 144 238 88 206 103 207 216 192 127 133 222 227 77 55 242 127 52 47 145 244 224 69 193 90 77 37 152 4 221 162 137 70 185 233 140 116 182 30 184 165 52 76 206 242 224 133 104 53 48 
134 147 193 162 58 152 168 1 219 36 238 4 90 88 175 125 183 66 39 85 19 215 43 155 91 248 128 20 167 240 114 196 132 90 51 50 5 240 122 17 47 122 226 179 212 110 231 180 106 64 127 108 12 214 141 27 113 21 198 181 130 215 95 14 28 64 47 80 22 236 25 185 13 42 65 72 19 154 173 118 163 7 153 133 210 100 63 211 13 110 239 
225 223 151 204 213 67 211 15 183 150 134 172 247 95 220 123 190 112 83 74 107 59 244 155 21 145 161 28 136 118 99 33 223 220 157 72 86 82 88 59 244 50 166 177 34 210 30 21 142 58 60 38 77 177 133 27 148 85 110 174 98 44 157 171 151 188 85 119 227 240 217 211 238 5 239 128 38 143 108 212 125 120 187 90 90 92 170 236 221 83 71 
163 188 119 190 115 247 56 103 73 131 250 94 22 121 179 188 170 141 200 165 224 64 111 32 128 113 127 226 241 176 67 15 12 245 60 178 210 163 191 79 112 131 62 215 135 235 3 220 29 180 92 211 21 62 138 80 82 166 87 202 132 198 157 207 207 71 234 84 59 50 102 86 234 231 29 84 5 140 59 12 225 16 100 209 229 245 165 164 43 145 189 
246 72 81 243 98 137 173 210 39 158 242 155 219 179 25 26 82 177 82 101 26 12 158 59 160 27 243 59 121 214 62 0 58 129 181 47 58 3 235 207 19 151 4 183 238 44 243 145 148 220 52 200 36 82 162 103 132 37 198 153 235 2 56 198 61 63 70 173 163 84 226 0 226 65 86 58 46 238 109 150 94 175 64 242 68 20 240 99 189 141 45 
71 204 144 239 229 98 41 4 30 123 156 54 151 163 174 21 164 30 3 180 145 106 227 119 211 65 142 63 57 23 135 160 177 186 73 163 129 99 194 224 3 246 149 208 29 97 187 39 82 103 8 104 97 87 28 76 110 107 98 16 20 90 221 90 202 160 116 58 182 2 23 211 153 233 32 23 148 226 65 62 218 96 221 99 110 103 42 62 176 239 164 
