98
115 218 248 227 16 1 26 231 171 248 87 10 137 19 142 118 52 11 94 120 236 234 52 103 91 44 89 27 61 159 152 139 106 110 238 77 152 128 160 228 4 215 4 242 150 13 159 17 175 166 142 84 222 111 21 34 80 57 62 134 140 249 103 165 137 181 238 7 27 137 122 25 102 165 149 99 5 168 246 150 232 92 229 2 182 99 114 40 202 66 231 173 73 15 73 183 4 24 
245 154 85 227 104 102 203 93 221 226 5 163 228 186 141 137 118 15 127 95 89 38 244 80 84 247 107 233 163 224 132 246 238 117 131 82 110 55 132 91 80 72 216 116 107 198 31 228 50 103 28 1 79 73 245 75 2 14 227 75 12 83 47 84 102 230 126 15 87 86 9 127 100 209 130 67 118 8 241 129 18 63 146 23 119 193 223 112 55 15 193 224 130 46 103 193 6 86 
52 39 101 37 189 129 207 9 89 119 126 10 127 81 76 4 57 16 110 19 248 203 236 147 204 44 85 138 235 143 119 26 131 123 196 143 13 175 28 202 26 218 217 173 52 187 217 6 6 86 128 164 196 249 30 26 62 198 225 61 164 83 57 26 31 14 195 199 174 140 72 153 117 140 156 26 86 112 4 68 237 213 138 113 110 54 7 14 68 192 167 164 20 152 98 152 59 199 
144 176 157 77 51 107 104 57 101 13 210 237 6 121 202 183 200 5 70 93 4 135 60 215 95 99 163 102 241 83 7 22 79 13 21 126 168 123 160 5 205 21 240 118 75 191 208 97 232 217 158 203 159 21 93 248 167 167 9 105 219 67 53 124 248 128 176 5 206 169 240 96 221 58 64 23 135 122 13 215 216 104 86 6 62 160 104 17 12 182 21 90 66 88 15 33 195 10 
209 202 76 241 64 169 189 78 72 132 197 208 50 226 111 192 246 71 74 64 60 109 178 16 57 217 165 23 214 246 63 215 82 70 86 7 127 211 145 83 117 75 182 75 45 63 13 107 20 113 56 179 11 15 118 33 21 237 110 181 49 222 88 49 196 79 29 141 198 205 4 174 7 102 74 237 3 79 171 50 134 61 74 49 250 166 204 132 52 31 209 158 215 212 4 190 10 138 
191 113 94 216 164 128 44 111 90 227 60 146 201 160 125 193 86 11 180 123 19 128 74 205 233 163 104 249 73 248 148 12 181 138 55 36 222 187 48 137 44 29 206 65 239 29 174 83 14 27 9 100 2 150 170 133 104 64 89 66 243 146 52 122 83 74 111 7 123 227 53 243 122 106 144 221 199 121 85 240 65 26 232 157 16 65 158 81 237 156 9 233 79 222 181 65 15 208 
39 171 37 215 189 210 73 50 161 131 203 14 191 46 123 208 224 107 37 104 38 114 115 189 222 85 23 90 12 179 171 215 141 176 26 202 67 70 43 16 72 145 69 194 236 21 13 220 219 142 97 75 140 28 118 101 226 103 85 159 195 126 14 10 213 245 204 199 114 35 91 68 8 2 247 35 45 46 59 41 89 163 133 151 144 58 229 77 44 14 14 20 216 153 35 114 203 85 
107 242 173 123 81 10 118 163 81 113 92 248 117 59 28 40 235 195 155 56 74 35 193 93 122 141 140 100 91 115 195 188 245 106 247 119 120 84 215 181 94 169 43 25 202 181 165 134 242 24 16 161 171 129 90 201 150 86 202 26 41 77 233 178 23 65 8 8 240 247 193 211 120 219 54 140 116 192 249 131 174 234 79 188 42 225 172 108 125 169 138 228 150 191 159 146 237 248 
102 186 110 118 2 156 165 73 49 60 130 71 113 168 23 194 48 188 248 135 114 24 86 66 21 36 231 70 225 212 237 126 127 228 189 80 150 217 17 159 9 191 98 33 35 40 7 246 233 184 66 27 222 44 166 120 30 62 16 4 135 226 94 195 110 190 32 14 58 149 47 5 93 103 5 231 27 227 73 16 202 217 44 4 17 183 62 92 244 149 85 32 38 125 225 175 166 242 
116 64 219 235 177 223 120 213 148 108 155 242 104 6 42 166 140 208 46 223 196 240 206 182 5 51 187 89 193 100 161 138 46 223 83 96 164 69 174 41 83 168 209 200 119 208 46 248 59 58 82 60 135 237 213 211 106 205 177 109 55 214 230 222 21 138 193 247 197 175 33 236 95 241 8 64 224 65 174 56 41 134 3 195 118 59 16 76 203 35 249 33 214 123 94 122 2 81 
111 203 48 151 162 76 113 160 214 243 28 200 75 77 84 212 67 106 0 73 49 79 248 142 172 142 36 3 171 231 57 200 164 62 16 28 10 194 243 144 164 200 99 14 133 126 126 116 72 95 121 236 156 202 41 222 242 242 203 65 51 183 24 182 180 136 199 250 210 173 49 38 59 117 15 130 246 244 65 177 195 223 48 21 232 215 111 225 51 205 105 86 15 192 86 196 41 90 
71 213 67 62 196 126 230 42 131 184 250 47 236 34 246 150 148 155 101 63 42 196 10 94 90 177 92 157 56 194 37 227 227 226 132 66 15 108 203 228 160 224 176 63 40 126 22 87 110 38 23 78 173 54 217 226 119 125 234 85 154 220 32 241 239 85 226 64 176 12 53 219 37 94 21 233 197 80 170 69 234 69 41 45 143 18 35 223 240 164 199 174 67 87 205 61 10 26 
190 108 168 32 66 152 248 91 152 57 64 183 240 187 7 158 64 154 48 231 28 111 198 34 148 141 131 78 176 34 79 8 102 56 120 132 99 8 155 127 33 31 218 204 17 124 213 103 40 130 171 16 72 136 133 41 32 215 67 65 171 13 91 152 63 238 22 16 59 6 28 124 83 112 121 42 121 244 246 103 178 42 66 120 162 1 65 131 153 171 41 112 161 38 126 95 103 28 
26 120 95 178 199 77 69 33 48 57 4 25 7 50 221 11 242 115 243 66 213 215 216 185 246 157 24 20 25 78 16 104 122 188 98 167 220 104 69 128 132 7 189 75 188 142 93 107 146 231 1 250 54 220 128 7 79 11 214 208 232 232 83 5 28 229 190 230 33 38 107 213 120 223 120 95 169 142 167 6 128 172 169 112 167 39 116 151 199 213 187 227 248 67 202 127 1 56 
119 135 198 33 145 79 238 115 100 216 13 235 157 31 30 184 66 186 164 79 249 57 109 24 119 42 222 172 132 130 169 62 140 81 150 86 171 98 120 183 71 136 186 161 172 207 96 36 192 28 84 141 58 144 250 190 68 12 210 219 249 147 32 183 120 171 227 27 29 69 17 197 198 145 235 31 166 69 18 90 174 210 76 164 215 69 128 174 36 174 201 174 1 132 230 47 213 56 
159 191 211 247 99 58 5 2 121 10 99 4 221 222 33 43 127 79 245 42 93 145 28 215 67 173 216 30 15 239 136 44 199 57 9 200 154 177 79 61 190 156 87 72 121 241 2 184 228 108 247 213 248 127 220 103 234 167 129 249 24 212 175 144 161 222 93 101 62 96 151 11 21 238 218 119 111 239 192 122 3 3 168 241 33 121 190 239 64 2 64 67 123 207 205 13 14 217 
85 137 190 3 189 80 228 74 201 169 112 169 198 87 165 145 188 219 57 188 28 92 164 59 244 113 70 119 177 223 200 247 244 74 132 204 71 24 232 104 67 186 202 159 13 106 148 7 117 25 238 192 246 84 84 153 136 136 197 210 194 161 136 169 99 152 205 133 99 31 214 39 71 225 56 233 3 104 15 139 111 46 218 205 112 81 185 117 195 195 180 101 68 30 218 50 106 244 
129 140 96 35 141 60 109 59 129 163 216 125 53 128 89 235 220 115 42 39 2 191 33 135 156 75 212 22 121 108 96 101 151 197 86 15 97 63 67 118 156 173 48 221 96 207 227 75 81 2 128 25 233 148 92 233 48 166 24 60 83 36 63 234 226 91 52 104 217 209 108 39 16 105 142 31 8 215 102 61 215 220 199 158 22 55 157 123 235 239 47 174 82 246 207 243 20 161 
227 5 3 160 206 144 86 227 170 192 124 46 64 239 76 239 241 239 20 244 228 239 87 81 204 78 217 192 132 197 199 135 201 102 67 124 95 54 123 6 14 242 83 9 227 23 172 104 233 139 213 100 195 18 45 228 228 90 93 214 67 199 125 221 240 57 220 140 33 160 196 63 250 101 2 206 141 3 7 116 241 204 155 103 69 35 42 88 126 208 216 2 32 95 66 215 69 75 
104 80 138 169 135 93 141 14 82 87 234 190 136 53 246 80 179 157 187 15 211 124 182 229 230 88 43 145 27 82 43 76 243 171 120 43 101 124 41 8 182 178 76 88 192 244 243 69 187 104 80 186 41 241 104 11 232 111 169 232 217 47 55 87 127 171 245 117 69 237 24 179 67 250 127 56 60 110 25 78 95 54 36 227 0 221 176 89 41 179 120 22 227 112 62 53 62 199 
131 246 155 201 143 59 247 106 207 59 241 148 245 225 4 231 248 132 13 121 184 95 246 166 21 207 92 239 92 197 226 20 7 10 219 139 31 100 165 125 23 116 193 189 175 4 160 180 47 16 197 145 71 188 210 220 240 216 247 191 10 189 208 220 66 105 152 159 60 141 9 51 208 102 160 65 233 43 195 210 225 81 229 141 32 85 101 24 6 175 217 143 93 37 15 14 62 68 
14 54 235 109 57 133 103 200 87 154 118 136 247 152 9 8 219 117 141 154 190 19 123 74 47 13 147 113 52 52 145 128 246 232 53 97 183 220 138 125 238 86 3 16 12 239 112 157 210 178 6 215 94 92 169 155 48 122 67 136 35 109 33 6 16 172 166 201 14 103 186 33 204 89 35 133 27 150 180 81 165 25 59 184 91 129 189 24 136 49 126 103 63 228 36 34 156 197 
120 245 205 94 171 0 59 99 72 70 214 3 224 190 31 115 136 199 64 170 133 1 163 163 132 56 77 213 69 178 96 108 204 31 178 232 15 208 178 98 56 36 181 141 62 50 63 17 206 147 89 110 85 6 177 228 135 108 123 133 234 143 131 235 119 132 144 23 75 35 155 25 56 54 53 54 166 244 36 161 9 90 117 29 51 122 98 214 176 29 101 238 95 1 116 153 103 37 
13 134 41 117 10 100 148 168 103 243 141 117 14 247 74 81 126 227 175 10 161 156 171 133 84 68 91 36 49 155 169 201 121 238 38 196 221 219 55 130 68 220 130 12 166 107 172 179 150 118 35 105 109 82 28 37 21 173 183 27 160 21 173 222 217 72 57 223 120 137 21 58 111 78 101 75 13 129 55 130 147 159 190 121 26 220 109 230 79 238 149 110 133 202 237 167 30 178 
202 26 143 140 72 153 84 218 115 243 248 124 122 60 121 127 22 94 61 224 126 120 187 141 180 61 64 168 206 59 212 121 219 228 118 224 248 129 237 50 57 135 53 213 127 115 188 43 67 174 87 23 237 49 134 40 16 126 24 242 58 178 141 89 39 234 161 116 220 191 201 210 237 27 125 143 170 51 238 174 55 33 184 247 114 234 50 93 176 116 167 35 109 97 111 38 104 102 
157 75 213 217 3 199 63 235 135 205 27 238 135 198 29 60 49 208 219 240 181 75 60 215 18 98 180 228 186 60 67 51 209 157 189 35 91 29 155 131 69 228 107 125 229 191 210 64 243 125 92 103 112 245 106 75 112 131 249 185 149 152 160 68 159 0 128 229 125 38 216 194 94 164 205 62 241 59 85 151 202 89 105 241 237 126 86 100 98 236 20 67 212 137 209 6 88 22 
167 96 193 156 48 87 11 88 36 45 142 5 216 5 217 70 52 197 175 8 50 136 98 130 118 24 73 27 8 245 77 230 233 146 145 145 135 104 45 21 53 106 199 153 201 235 69 244 198 0 43 28 31 111 91 63 203 164 168 85 6 62 52 234 123 38 72 134 145 64 227 132 87 235 158 109 170 78 9 4 44 219 82 93 54 50 4 142 29 44 37 34 149 145 109 63 86 8 
18 11 145 172 214 166 74 156 201 176 59 79 81 28 188 95 76 197 176 64 125 117 111 67 244 124 249 100 245 76 232 0 59 156 186 104 76 67 232 135 131 212 170 16 124 148 12 106 124 22 208 220 209 0 96 103 4 220 223 50 164 9 164 98 237 106 82 201 120 151 23 186 39 43 152 3 122 57 187 109 121 1 97 120 68 22 134 120 95 72 193 105 241 169 79 103 80 235 
95 59 87 73 224 153 112 196 192 55 146 207 23 227 33 58 157 116 114 191 36 132 220 79 203 91 201 241 56 93 162 125 9 24 64 57 166 57 63 216 40 154 249 140 35 41 214 159 31 159 232 137 91 153 189 100 93 177 163 212 237 48 2 26 158 24 128 110 241 211 237 236 87 139 217 208 167 204 219 156 211 3 135 53 168 149 135 45 214 56 184 23 129 6 12 98 83 119 
203 182 124 48 249 178 167 23 107 249 33 110 179 13 135 218 126 37 195 132 3 158 40 57 36 40 17 249 6 44 215 63 28 139 212 64 194 113 84 28 63 6 72 9 76 23 215 226 12 123 162 225 126 88 140 184 249 151 172 168 171 79 246 142 174 234 70 199 198 32 232 131 115 34 224 236 106 42 86 78 129 38 166 60 234 108 249 152 214 197 148 118 98 225 179 16 232 146 
218 19 238 231 242 215 207 24 195 59 127 158 202 162 32 164 187 159 113 201 54 78 111 90 145 244 208 162 106 241 123 79 74 165 71 60 102 185 125 45 151 148 63 127 121 19 161 56 106 232 192 179 218 147 130 209 125 182 146 248 148 18 137 1 46 52 170 80 85 241 210 38 155 215 201 46 211 175 200 247 126 32 25 3 248 120 73 122 225 197 7 9 247 173 222 74 95 19 
224 138 64 233 239 219 201 174 156 180 34 207 90 108 107 40 89 241 66 71 221 222 218 142 0 145 159 197 190 65 118 178 71 159 56 83 166 127 151 191 52 199 58 181 135 94 250 198 46 244 49 236 200 57 114 186 181 106 244 47 134 190 147 184 72 13 8 208 46 54 75 62 161 149 37 68 124 7 18 192 20 57 163 42 153 245 203 180 56 203 212 176 13 192 240 249 124 30 
95 51 23 133 35 80 113 42 232 18 249 57 186 178 3 183 250 84 10 30 68 138 86 119 127 181 50 84 239 57 27 42 68 220 109 58 24 54 115 193 163 237 214 141 70 212 34 189 147 73 35 158 22 51 189 101 164 37 205 22 245 203 114 168 74 211 83 158 33 214 129 244 152 177 243 99 146 184 96 60 221 231 211 61 21 228 86 207 134 55 79 211 122 78 61 58 145 4 
28 154 206 49 218 124 33 77 42 156 3 190 94 233 178 71 181 94 5 167 96 124 183 223 113 134 204 91 100 193 53 76 234 14 210 124 31 220 207 108 184 105 49 225 176 244 105 239 156 184 159 161 134 205 216 3 215 21 124 203 144 15 191 143 66 221 146 10 245 180 231 250 210 64 132 4 212 81 235 98 123 17 75 122 170 8 34 132 92 127 168 80 150 145 144 183 90 59 
249 228 94 187 164 124 15 50 230 168 19 23 23 163 59 14 192 67 207 17 156 192 233 39 148 191 136 111 66 226 104 119 24 205 156 233 141 66 135 157 239 74 92 171 120 188 202 209 248 63 241 228 78 170 125 132 216 172 246 19 191 159 179 57 159 50 123 0 6 47 118 71 134 197 196 85 88 70 228 44 146 95 120 235 189 236 167 0 185 100 114 229 236 214 161 21 99 172 
61 196 109 56 73 121 83 63 60 55 216 217 85 76 23 63 147 184 148 58 106 173 156 43 82 42 184 195 144 89 8 96 217 247 79 92 21 231 111 179 191 203 125 210 85 234 5 94 34 50 197 163 66 92 16 126 0 83 230 82 86 125 100 222 77 111 116 129 67 149 6 50 29 212 4 240 195 60 20 92 226 72 249 131 179 249 162 219 79 136 138 112 8 114 62 170 228 61 
86 219 9 109 59 10 197 110 107 46 70 24 120 249 207 203 214 184 228 153 197 235 186 140 87 150 121 196 163 112 48 111 32 80 243 239 159 106 32 3 239 141 11 187 236 136 112 106 226 228 162 62 132 7 221 164 108 232 216 93 77 3 198 27 35 34 135 78 38 182 186 226 89 28 114 154 195 167 118 177 2 31 131 201 187 106 153 140 216 49 148 176 31 37 64 232 150 125 
13 62 10 11 101 101 126 182 113 72 241 60 103 75 103 189 23 58 35 108 49 214 23 237 214 75 26 112 97 141 175 145 233 87 239 137 208 88 244 211 228 34 35 240 7 178 46 165 225 43 37 101 196 41 128 47 220 224 73 111 200 136 237 69 168 77 92 2 58 51 145 38 47 165 228 216 177 58 166 123 158 184 36 124 171 109 60 215 120 97 11 139 146 211 99 159 224 145 
183 139 65 200 185 7 103 154 134 246 112 42 68 150 208 113 83 78 26 208 98 41 18 22 205 221 98 138 12 108 156 8 247 125 154 219 39 124 125 34 129 213 198 171 128 17 76 153 82 47 193 101 82 202 227 13 87 200 22 56 22 225 201 66 59 112 144 73 184 229 242 58 207 35 232 213 167 229 153 0 205 243 187 160 204 82 197 142 171 99 139 120 167 195 242 220 131 11 
1 199 216 131 88 124 58 146 226 35 176 53 109 66 65 232 172 195 195 198 188 49 83 41 180 145 182 229 196 54 17 107 69 219 88 192 214 8 96 181 172 148 40 54 143 73 22 142 146 151 13 16 189 220 185 219 3 181 94 68 34 227 101 66 129 226 220 246 53 113 127 88 14 108 220 112 0 23 246 21 19 65 133 240 184 2 233 180 182 92 149 204 71 124 200 43 62 3 
162 185 196 112 97 59 56 57 131 215 214 136 244 175 126 247 184 198 159 151 81 152 223 27 239 7 245 184 201 76 32 45 16 248 159 104 0 50 213 167 148 17 183 24 234 13 241 26 39 247 140 192 34 55 227 240 153 86 4 6 230 126 57 42 197 7 56 78 241 119 221 181 164 221 67 196 172 225 43 201 7 0 73 78 38 95 63 140 62 193 148 49 234 30 39 93 104 46 
125 7 229 166 88 167 218 146 77 227 69 158 116 120 187 70 121 12 204 214 246 70 73 239 128 183 242 72 198 180 220 115 202 207 133 183 239 102 113 62 233 98 211 32 87 91 56 160 181 245 245 39 236 12 35 108 50 217 63 189 209 78 145 83 73 120 54 70 114 23 61 34 70 64 230 160 109 189 140 72 230 234 94 113 42 25 216 18 90 31 250 1 195 98 46 69 42 146 
23 70 31 178 220 98 66 188 197 128 39 194 195 109 84 118 115 198 0 147 64 225 96 229 46 183 72 22 84 70 245 116 103 36 49 152 42 31 238 193 69 163 240 134 180 14 72 250 235 166 24 185 71 228 95 184 13 219 67 38 123 202 217 63 33 44 118 157 155 43 79 42 76 57 23 223 153 9 99 8 52 178 201 232 74 139 240 19 239 22 102 179 198 2 30 154 195 36 
167 192 177 249 16 187 183 30 202 41 217 98 243 122 221 122 14 184 183 204 92 149 205 63 104 235 150 41 45 124 236 101 233 57 154 138 42 20 66 75 216 182 25 28 60 137 112 58 64 113 141 63 70 183 176 104 190 104 80 80 168 224 151 58 35 186 174 141 154 185 210 196 117 185 207 92 213 127 219 111 71 171 239 82 23 235 84 238 185 173 16 185 138 240 244 124 187 235 
47 118 42 241 196 117 35 102 21 218 6 34 182 116 109 62 49 33 2 176 216 185 164 158 14 90 51 215 73 125 101 72 19 80 1 224 36 61 148 247 138 103 204 65 1 134 13 207 19 181 228 215 240 159 222 92 152 185 105 157 126 97 226 135 0 178 94 158 205 219 239 175 15 209 111 124 249 121 122 223 9 14 131 244 170 120 95 102 236 156 211 112 97 164 152 76 20 172 
86 49 221 101 220 53 210 152 240 234 12 204 161 112 247 75 24 116 194 68 242 190 69 246 64 225 127 39 1 176 102 232 60 241 37 34 60 215 33 225 248 191 21 142 131 34 64 178 98 172 39 192 191 31 151 58 71 106 230 204 204 194 249 187 221 71 133 193 249 196 110 146 199 13 67 27 77 240 99 244 84 64 25 117 71 17 228 183 208 191 31 118 124 103 7 215 77 213 
120 238 182 92 153 64 130 114 17 3 116 149 234 1 143 181 43 156 97 222 149 12 167 182 242 1 191 59 232 237 114 230 247 222 117 158 87 232 102 112 204 154 127 204 39 83 238 136 136 37 103 10 241 39 55 6 193 35 32 169 56 161 104 154 232 146 246 229 246 80 181 59 224 30 36 169 5 235 129 94 43 137 42 177 195 240 78 133 206 225 185 18 139 190 8 1 139 209 
53 214 244 44 192 29 165 192 79 61 250 40 158 65 206 110 56 122 73 175 179 188 19 151 114 209 204 170 223 214 74 222 119 232 230 115 232 163 70 224 202 51 114 11 158 244 107 41 232 240 162 238 11 94 35 35 218 91 80 60 132 28 240 174 224 52 29 49 147 156 5 232 68 163 150 158 218 245 34 211 58 156 10 101 229 188 197 58 157 161 220 156 231 131 150 118 30 222 
233 134 166 11 160 110 160 66 43 212 214 217 89 234 201 217 147 167 81 103 5 139 125 69 105 151 71 71 80 140 68 50 41 214 192 127 106 243 174 146 40 0 172 107 14 32 111 116 55 115 214 54 100 224 242 16 185 217 109 19 36 59 184 218 133 56 231 58 190 112 181 199 228 175 11 142 120 14 153 145 35 155 195 24 203 224 99 64 52 111 184 197 192 65 105 130 75 185 
174 176 57 61 214 98 149 165 12 200 83 85 44 1 7 84 59 232 61 210 135 237 42 81 76 44 218 216 181 35 9 115 112 132 105 30 37 158 145 32 59 121 96 0 170 22 183 178 195 121 212 80 182 50 199 174 124 103 105 82 41 20 241 212 229 9 200 33 222 191 249 61 173 218 27 230 32 13 1 53 66 14 241 50 249 181 1 143 164 173 25 197 73 102 147 106 226 205 
29 209 233 214 232 25 192 53 208 31 188 92 111 114 174 164 140 194 3 250 75 59 229 44 67 248 161 215 147 46 90 141 8 28 121 51 171 75 187 5 90 126 121 146 95 30 228 14 85 103 174 212 70 161 102 221 173 151 242 213 246 174 93 98 233 36 66 243 169 196 160 179 86 54 227 202 237 55 58 222 25 100 82 22 240 30 125 146 162 100 130 108 84 145 101 95 175 125 
98 48 141 121 61 205 41 201 123 114 246 24 97 231 1 239 30 60 171 200 228 169 155 206 189 209 233 239 166 51 143 75 45 104 185 14 91 164 124 181 142 247 131 53 150 187 249 107 186 6 133 234 64 185 70 96 194 227 77 113 59 151 224 48 85 124 157 26 100 24 96 45 239 70 7 108 68 65 25 139 117 40 103 174 90 65 237 8 92 47 33 174 12 164 19 246 149 143 
223 70 6 208 210 156 120 110 191 17 115 242 167 126 91 19 106 227 225 0 185 228 45 24 39 189 151 159 103 176 221 18 27 167 96 214 214 200 114 174 167 158 51 187 41 103 208 110 241 2 70 136 173 144 165 231 213 196 92 117 196 48 218 101 216 152 122 179 239 202 103 109 134 183 149 234 7 17 26 39 71 137 207 114 109 32 18 177 163 64 33 70 53 2 9 93 86 25 
213 75 120 32 70 156 7 147 181 90 140 51 246 65 207 145 241 176 247 93 16 50 169 28 31 175 7 153 206 60 162 190 91 200 49 193 11 98 39 186 28 142 145 237 38 57 115 27 7 32 174 182 82 222 178 79 15 118 142 190 196 120 68 99 203 236 183 17 42 133 174 242 91 93 50 230 141 3 247 121 93 160 88 48 118 71 163 171 127 166 6 78 223 224 123 204 49 79 
204 248 183 216 216 184 158 159 40 111 236 70 137 169 17 75 52 107 62 68 109 83 12 97 158 46 162 132 229 187 101 228 108 171 201 22 28 206 207 208 100 218 108 106 172 222 44 162 203 214 59 188 212 119 167 22 91 135 52 234 61 177 75 191 86 29 99 80 112 199 91 18 249 68 122 194 203 144 81 23 126 148 132 70 150 149 58 71 46 154 15 61 94 107 216 250 207 71 
217 34 0 165 115 207 112 13 60 169 241 176 124 214 150 67 199 212 88 223 8 41 85 234 30 107 82 205 58 137 209 48 207 220 187 49 48 114 82 247 89 38 182 43 158 196 62 18 12 33 70 166 176 12 156 53 121 244 244 49 32 12 4 128 25 37 6 106 87 187 239 207 141 215 140 238 240 110 50 25 190 181 90 179 46 190 140 243 238 226 226 61 155 199 247 221 211 142 
65 88 48 87 121 239 132 66 244 80 219 67 137 216 235 134 50 200 49 1 3 152 63 119 235 119 109 72 54 93 17 94 240 217 229 148 249 94 15 113 214 56 5 127 250 213 243 2 151 189 103 243 176 112 40 63 160 55 37 236 28 130 31 42 58 13 151 242 131 210 136 192 161 216 206 232 176 240 28 136 200 163 208 9 208 77 158 170 178 247 120 97 107 56 242 202 209 217 
87 77 116 21 33 203 250 236 199 157 170 13 64 234 121 35 208 240 231 230 201 173 94 107 203 222 148 227 182 235 213 220 75 168 28 57 230 243 210 23 201 47 19 119 7 160 120 141 97 86 182 6 135 141 105 226 111 90 87 230 93 9 195 103 107 26 214 9 35 5 79 122 136 142 160 231 124 88 135 54 77 246 214 58 67 183 142 9 210 96 41 10 67 48 228 113 18 89 
26 58 150 102 104 124 181 198 241 166 134 221 117 55 118 191 87 242 118 233 35 51 200 33 141 11 92 167 250 122 0 208 16 26 69 39 171 144 203 60 212 139 157 164 4 155 247 120 102 165 69 8 142 161 171 190 153 212 71 2 15 84 30 15 101 65 236 151 4 39 2 131 57 75 236 6 21 238 28 69 212 213 47 22 115 4 58 27 187 97 236 151 217 100 13 43 177 61 
106 111 177 199 85 154 178 65 21 98 40 24 76 94 130 213 58 180 14 207 245 114 45 191 207 223 222 176 164 225 200 181 118 39 197 117 70 63 223 130 107 204 59 219 240 134 77 197 101 232 112 36 249 194 19 247 213 236 10 181 170 191 61 18 40 245 229 86 30 208 155 105 128 188 142 210 3 170 166 4 86 13 189 90 210 6 148 218 229 168 214 21 158 79 130 170 210 62 
16 152 216 88 21 151 165 160 13 178 137 34 27 219 16 125 228 71 73 220 147 25 150 143 88 119 44 228 22 176 194 158 100 202 232 115 74 228 40 64 211 87 218 49 169 4 192 246 133 186 59 177 150 165 155 28 198 185 129 67 139 41 198 174 218 222 201 60 154 108 241 243 214 58 64 84 196 156 68 57 134 80 188 235 205 100 228 83 194 222 41 196 85 58 247 190 57 93 
57 220 134 248 242 2 131 193 164 219 3 207 244 225 209 199 131 162 101 83 213 205 224 186 46 52 98 235 33 194 181 195 185 202 84 192 87 26 107 52 121 160 52 5 165 80 55 169 176 98 129 233 157 175 134 141 191 216 83 50 131 161 126 106 109 233 174 86 80 56 9 190 236 148 56 84 87 86 11 97 189 65 117 229 88 21 189 76 142 46 14 109 176 31 189 16 167 121 
91 90 92 11 102 79 123 245 132 228 8 161 94 138 124 147 79 220 129 123 1 237 8 168 214 0 161 216 113 198 153 194 218 158 223 131 26 63 123 13 37 196 136 248 212 213 235 38 185 149 80 235 198 237 189 90 238 5 67 6 20 100 87 168 52 3 164 208 87 33 213 223 145 34 141 245 137 176 80 114 100 165 141 81 132 53 203 229 67 170 226 222 140 181 92 247 73 140 
71 32 108 79 106 191 183 147 87 116 204 45 144 213 219 76 27 215 220 125 113 31 154 71 10 111 25 124 136 218 6 185 84 179 165 69 4 101 128 140 173 109 126 157 186 246 217 138 176 46 136 245 136 123 35 187 158 10 14 2 13 70 196 243 156 56 137 243 249 235 18 151 142 241 63 194 27 89 113 119 230 129 2 126 10 209 187 245 107 211 105 225 224 133 92 190 239 248 
74 212 54 240 68 219 31 214 152 213 180 226 55 140 172 161 35 150 98 203 53 113 134 154 103 159 176 68 206 101 168 98 95 193 31 61 200 84 80 26 59 108 40 191 166 125 177 76 188 41 16 5 32 194 58 121 222 168 249 207 1 207 183 77 241 76 47 153 108 153 180 95 226 59 178 108 159 77 149 235 46 32 76 11 47 115 129 103 4 211 78 97 248 49 129 104 91 68 
142 201 62 63 148 46 12 83 123 160 175 126 78 37 227 178 208 38 233 143 210 19 46 167 149 246 202 152 74 57 10 197 35 182 97 138 133 56 143 75 30 246 93 208 99 229 2 121 243 143 121 0 134 6 198 213 165 175 65 209 123 76 41 235 218 248 228 81 123 23 0 47 9 152 232 99 155 24 21 134 183 120 191 249 235 239 153 198 97 22 56 37 190 225 224 27 10 189 
134 85 238 122 92 128 64 213 90 108 97 149 123 172 72 75 98 71 216 168 180 141 192 71 117 70 0 66 243 232 139 60 53 127 213 203 24 167 20 244 3 65 58 86 24 123 180 47 71 8 248 113 218 120 40 92 193 89 236 110 140 7 148 241 232 11 87 146 7 163 237 153 28 69 173 41 19 147 96 197 143 190 2 4 144 43 208 8 87 75 230 115 231 44 39 209 88 55 
46 161 249 35 139 158 212 215 112 4 136 236 32 161 40 59 108 122 158 95 19 165 142 159 147 117 115 203 90 206 142 104 180 228 24 148 111 236 29 192 174 80 139 28 161 32 115 202 87 52 12 85 54 237 102 174 119 244 132 184 60 248 187 231 82 118 212 15 133 163 15 207 151 53 145 248 136 16 159 202 192 122 13 118 137 21 199 214 47 199 182 15 170 40 139 52 226 78 
103 6 43 88 166 148 21 239 109 57 198 164 240 17 19 216 78 77 34 224 18 199 190 196 214 80 92 43 14 115 191 1 209 156 70 17 7 16 124 75 216 153 198 171 229 53 250 118 196 136 96 1 42 16 120 249 115 123 0 16 105 17 221 123 107 121 183 108 170 61 237 173 37 118 106 223 147 33 49 49 109 103 96 149 70 34 165 1 147 141 149 61 66 164 192 212 100 48 
117 120 98 197 168 119 161 72 138 227 188 70 155 142 186 136 194 241 128 154 189 190 230 19 112 113 55 218 141 154 86 113 46 88 103 103 107 244 6 7 212 234 178 199 47 197 46 64 190 200 249 237 72 173 154 44 130 49 199 180 151 13 27 116 53 242 187 240 220 46 223 224 228 98 96 55 153 178 47 243 239 63 183 208 116 185 226 20 162 152 144 217 214 67 243 89 98 159 
39 126 2 138 145 191 158 209 226 221 216 212 195 227 125 52 243 195 242 181 70 168 159 179 189 119 230 220 235 201 4 72 198 98 137 89 158 151 195 156 209 112 139 122 39 198 228 175 155 13 178 1 163 246 148 248 225 95 205 85 106 0 217 69 103 221 198 54 84 135 195 44 51 1 198 228 113 72 198 26 104 119 51 94 84 228 33 128 233 242 216 112 212 1 186 92 154 26 
19 35 247 114 239 9 1 88 67 104 232 70 224 218 170 83 207 21 159 231 181 88 26 177 78 21 29 172 132 69 12 44 171 32 39 11 13 82 237 29 7 196 27 15 205 227 57 150 35 105 64 12 74 249 14 105 91 97 114 240 157 194 223 173 64 220 150 67 110 109 226 59 113 218 239 160 192 63 32 124 158 224 236 226 70 101 181 57 106 27 209 147 209 156 231 124 112 182 
2 44 147 115 122 4 1 117 92 60 185 45 55 193 46 61 120 149 80 117 164 83 2 178 104 167 201 219 73 212 134 210 22 64 82 244 61 126 221 72 223 215 135 136 127 157 41 55 30 120 150 62 241 29 77 94 18 103 106 176 182 38 173 127 137 7 47 113 31 2 128 195 104 63 28 33 197 234 127 183 22 185 13 90 27 115 76 162 16 160 96 221 195 115 125 168 195 80 
229 69 128 9 73 17 147 208 167 104 234 88 232 55 216 246 152 188 132 10 241 250 81 113 23 242 189 212 212 144 97 203 246 98 69 112 190 220 208 221 37 24 177 207 240 209 148 204 59 184 27 237 142 145 49 21 137 66 235 117 41 178 67 112 152 132 189 174 183 39 231 3 176 153 92 218 33 23 4 120 206 235 140 93 14 202 76 108 233 72 58 130 206 24 119 102 159 225 
115 227 52 186 166 172 80 20 0 202 98 183 123 106 1 245 83 91 220 59 32 145 143 104 27 183 219 148 141 59 181 76 156 232 65 9 0 33 140 213 8 176 84 105 192 144 38 60 30 130 11 141 75 161 87 172 199 5 170 104 115 139 9 1 26 35 189 8 141 16 72 215 78 165 135 126 186 70 123 66 137 74 203 167 112 126 183 76 105 58 142 13 147 223 0 81 88 165 
6 84 15 46 12 157 7 0 206 47 44 245 164 222 84 0 34 93 132 180 244 112 95 237 19 131 65 23 42 106 122 40 246 154 51 129 111 50 77 139 143 186 79 221 152 126 17 125 97 18 138 30 199 193 208 17 19 240 148 100 74 215 53 68 111 97 206 15 5 108 145 141 26 159 114 6 235 141 143 236 71 222 26 24 86 95 150 96 191 98 231 66 186 88 224 117 77 77 
163 132 28 70 96 82 177 133 76 25 137 196 205 147 127 219 227 125 228 25 181 68 223 234 231 65 96 134 23 158 196 97 247 103 217 132 152 78 10 167 214 25 54 144 128 130 75 52 25 13 151 207 91 227 128 49 140 72 162 227 169 116 0 219 58 138 206 211 250 79 106 110 192 114 236 21 144 107 25 61 85 145 20 156 71 1 67 95 239 215 248 4 71 167 159 64 139 132 
70 144 16 39 249 145 73 249 58 204 246 149 29 184 107 226 54 42 51 114 190 249 152 151 241 240 143 148 231 134 109 217 44 20 76 139 123 17 202 132 234 207 211 217 239 18 193 63 18 9 160 61 166 230 168 193 66 156 109 124 68 31 172 115 224 230 152 236 195 2 118 18 197 177 136 115 3 79 199 60 25 221 56 77 170 91 166 208 97 112 104 147 40 9 20 236 248 148 
199 198 54 242 213 210 104 196 112 186 91 40 1 72 132 58 50 161 32 104 103 112 96 229 77 238 154 54 95 19 113 142 245 129 184 85 52 187 60 207 34 121 60 174 40 221 228 135 243 100 21 101 197 80 19 70 226 53 42 20 109 42 31 241 175 130 48 189 207 119 122 47 192 32 70 38 41 212 238 33 212 143 231 62 86 238 238 11 31 28 74 128 100 84 231 204 42 38 
176 174 173 145 155 178 187 124 239 79 26 48 149 112 53 211 16 127 124 117 163 29 94 60 232 122 203 41 156 174 65 181 22 193 208 79 191 239 196 28 10 197 39 151 77 103 225 36 36 19 204 180 54 80 24 16 44 130 39 211 208 221 235 170 135 209 150 67 72 23 136 174 116 9 167 58 136 163 116 26 72 225 240 219 233 155 56 75 12 221 161 103 196 15 14 227 94 155 
107 136 171 119 137 220 171 90 68 82 124 40 104 17 210 160 174 59 51 163 210 238 242 50 217 39 215 162 125 119 51 218 215 78 102 141 245 207 111 54 72 208 64 96 218 200 226 71 71 25 76 122 107 102 140 165 241 203 130 248 204 1 38 126 127 135 244 192 148 128 71 142 26 206 215 75 139 139 82 231 35 95 71 236 9 173 111 176 52 153 89 15 119 78 60 15 204 45 
48 213 88 64 68 58 67 250 171 78 244 32 249 156 194 53 44 118 130 217 232 233 49 186 105 94 48 12 208 111 130 106 158 183 79 1 151 56 249 136 223 37 235 220 218 227 163 202 183 38 180 17 121 212 78 8 15 207 71 6 1 104 204 248 5 4 123 223 245 141 88 106 146 243 58 93 51 26 81 142 214 50 228 8 161 231 161 230 46 172 42 217 241 16 203 41 47 223 
85 242 101 250 211 61 133 125 149 207 240 50 64 10 187 116 14 46 217 79 151 249 71 46 209 71 97 238 246 5 158 122 165 2 227 174 128 109 111 44 41 233 185 158 209 8 220 30 109 143 193 173 108 49 137 210 44 160 64 217 49 86 182 24 36 29 182 122 65 3 87 117 128 244 1 17 81 132 0 61 109 243 125 243 198 225 186 23 78 124 188 169 24 170 128 133 168 12 
186 213 237 154 222 166 47 129 115 87 3 235 235 199 95 90 248 84 158 88 114 91 231 132 195 50 64 6 85 249 206 26 94 76 231 38 96 10 86 3 155 209 175 64 169 11 230 54 7 148 68 241 21 206 236 238 146 231 89 154 137 3 243 141 172 141 137 82 44 143 66 247 161 119 171 169 185 68 7 239 226 111 71 156 194 181 41 102 173 71 58 39 37 176 238 207 146 180 
87 140 65 43 51 198 94 41 188 89 98 163 236 188 236 231 192 89 182 69 117 49 101 32 250 116 53 158 139 47 212 128 250 129 8 196 114 30 76 13 236 194 116 250 126 213 153 96 135 63 234 217 155 143 72 206 106 78 206 238 217 0 203 93 240 0 242 147 34 207 150 160 83 127 92 164 42 117 43 126 104 71 14 153 91 92 64 249 218 68 214 15 41 139 214 242 23 212 
215 163 203 66 221 154 13 209 182 49 51 46 140 107 188 107 144 247 208 72 134 211 165 201 46 22 210 223 146 88 87 95 104 67 240 79 206 134 99 73 41 203 228 152 70 171 120 35 10 117 177 59 239 247 171 153 53 224 243 244 10 22 180 127 217 211 84 229 80 225 174 20 48 185 127 110 65 84 190 175 2 0 142 44 25 223 110 224 185 103 41 220 44 151 6 232 216 169 
53 213 96 185 207 122 52 84 46 183 125 194 2 48 30 242 184 70 183 17 177 169 93 149 186 53 221 90 243 169 87 160 204 186 51 169 9 163 87 107 195 196 59 180 208 85 208 126 180 212 171 214 61 28 1 249 56 76 186 50 241 160 199 105 173 219 121 156 117 172 144 100 21 226 233 200 246 143 149 117 174 112 77 43 196 150 166 106 58 37 90 147 191 140 146 152 249 53 
225 132 31 97 1 233 71 140 98 53 129 248 172 239 1 26 117 78 214 2 86 29 197 125 185 188 190 222 4 158 99 164 12 163 59 161 182 231 101 141 91 88 20 249 42 235 68 197 131 212 91 99 242 51 83 196 0 216 157 237 207 29 244 3 162 144 197 29 235 172 218 143 201 224 70 225 137 211 240 117 203 169 94 125 174 140 187 37 160 77 127 216 100 212 227 67 160 155 
78 229 85 230 161 230 237 39 246 171 207 155 184 67 32 219 44 7 5 80 81 119 50 141 23 250 101 216 38 15 118 196 205 60 229 105 177 178 68 104 121 97 113 179 121 212 131 223 5 102 234 50 218 156 176 141 129 30 78 113 221 191 66 16 115 78 45 93 193 103 211 204 18 1 184 31 16 147 98 140 122 87 230 209 40 242 146 97 12 154 133 195 66 157 43 119 212 179 
120 21 237 125 200 129 189 210 111 76 2 101 1 247 58 5 250 209 207 107 162 56 238 43 237 185 71 1 204 219 73 86 148 25 248 203 246 0 175 152 16 121 221 70 106 117 230 1 242 83 230 236 178 64 60 205 103 51 204 57 89 131 231 205 249 110 29 224 152 114 249 47 151 220 250 56 114 2 73 62 183 179 62 52 229 89 52 87 47 172 180 133 184 145 127 112 153 246 
245 16 109 213 122 233 190 181 83 139 39 53 11 130 232 240 60 165 29 187 247 123 239 115 165 85 114 129 96 21 97 196 37 67 224 122 107 132 75 233 126 152 72 240 219 87 20 224 16 250 212 150 130 203 75 111 243 202 82 247 147 6 161 213 108 233 40 90 247 210 16 4 114 48 196 49 1 104 84 234 177 189 141 125 90 83 33 138 173 147 2 150 100 77 147 165 151 2 
63 49 30 52 208 198 15 118 217 91 80 94 98 23 3 194 189 60 53 24 205 100 26 51 48 187 107 134 3 245 176 73 222 89 160 1 101 233 54 86 240 80 189 75 135 82 111 46 21 67 181 84 235 74 127 20 237 220 58 78 84 164 151 70 198 97 36 106 10 196 191 73 18 177 16 164 87 141 200 17 67 176 243 95 232 55 113 210 246 98 132 185 19 78 101 150 156 71 
33 122 4 229 231 108 41 21 237 22 92 53 75 179 180 0 63 78 142 43 157 100 135 89 153 87 179 150 172 106 59 150 197 193 0 137 46 168 32 157 132 157 114 145 249 20 124 62 73 150 38 233 243 36 73 246 32 146 102 192 70 238 145 242 194 197 154 81 17 239 28 77 186 144 123 19 154 68 54 126 202 244 172 19 10 131 80 223 245 47 249 157 109 73 38 84 247 153 
78 5 27 188 101 141 61 46 136 72 120 31 145 88 179 39 214 7 243 133 157 40 130 248 129 106 114 108 236 176 152 203 229 197 192 31 239 226 108 120 9 208 69 196 83 7 116 11 55 63 6 208 5 145 15 214 185 137 40 151 118 17 223 171 35 188 198 174 130 40 155 108 200 46 45 52 29 197 55 88 92 126 7 123 86 118 242 113 190 163 112 46 245 70 205 116 188 83 
10 162 175 19 142 32 204 1 150 149 99 66 121 60 164 10 173 224 93 190 54 105 84 243 145 138 84 193 16 143 231 111 240 6 217 145 208 59 186 45 201 40 204 25 16 201 103 188 12 115 156 38 46 211 96 219 79 141 225 249 112 79 110 136 216 72 127 76 158 21 137 228 33 120 15 174 231 104 202 91 219 26 28 111 232 9 203 52 109 115 143 57 98 145 79 210 85 62 
230 136 66 229 129 163 100 93 25 98 25 122 226 136 168 68 187 57 193 79 205 144 197 55 198 120 143 141 150 179 176 43 98 8 144 77 15 97 197 39 21 191 30 201 116 213 133 239 144 228 5 91 101 200 38 24 113 33 182 182 173 76 54 51 86 121 154 63 128 203 116 93 144 85 210 54 208 43 175 93 206 244 34 221 218 115 16 140 41 209 45 91 169 227 1 7 220 20 
170 1 109 101 242 101 35 38 161 56 133 57 188 24 19 155 148 70 185 146 70 67 218 103 32 249 17 63 93 207 67 115 189 12 100 108 227 7 232 166 167 216 51 204 43 148 101 153 128 232 51 27 240 236 68 134 1 141 125 222 164 70 139 196 196 172 27 80 73 148 128 166 133 244 215 93 48 104 203 21 127 93 75 204 154 214 128 243 157 186 99 216 146 162 123 27 68 8 
155 98 168 197 156 215 18 46 18 138 147 135 107 47 6 99 204 126 177 17 111 73 75 82 106 183 14 112 171 68 32 173 234 96 136 201 51 190 32 148 189 88 202 114 86 151 109 141 104 143 152 58 154 50 111 244 27 95 177 206 139 108 241 52 245 56 102 144 158 165 166 69 14 246 66 123 25 224 60 130 60 142 77 123 62 81 34 96 250 64 149 140 177 224 117 188 160 98 
