32
116 85 124 222 140 108 16 102 227 37 247 102 136 46 32 73 208 101 195 211 43 163 185 61 119 226 83 167 166 91 115 57 
107 143 225 29 103 159 21 208 117 134 121 126 190 145 28 177 250 4 191 234 71 72 36 100 184 101 235 109 209 173 69 44 
120 237 209 28 105 234 58 223 9 130 113 144 48 28 150 55 237 164 131 41 156 51 76 87 120 199 243 150 38 2 118 104 
23 219 116 183 36 238 211 129 141 145 205 100 108 3 98 52 157 111 65 27 144 218 231 184 231 239 98 148 82 112 92 35 
53 53 112 97 226 39 235 177 101 6 28 147 125 226 238 127 214 75 135 86 152 191 136 17 32 45 55 43 175 224 75 53 
236 101 207 140 7 119 208 236 241 249 104 99 119 246 194 250 98 41 29 198 138 149 10 70 161 153 83 243 20 114 243 224 
246 103 199 85 207 28 12 13 54 247 171 53 136 91 140 174 157 110 218 79 59 44 190 185 249 86 112 109 86 4 122 205 
66 36 98 216 160 194 13 117 73 89 91 94 177 62 199 157 149 196 7 11 108 22 78 151 238 124 51 105 200 232 131 186 
31 154 65 160 63 23 108 7 160 0 211 76 36 125 181 2 222 116 46 31 242 170 173 26 46 94 79 98 163 79 155 245 
76 100 82 153 186 87 142 141 119 234 129 107 225 132 244 132 24 120 123 37 109 188 139 59 78 45 35 79 63 30 131 51 
128 172 221 53 239 183 224 202 12 139 164 18 185 113 143 99 172 125 194 74 204 80 55 57 107 34 218 5 239 124 21 183 
98 100 147 212 214 239 20 90 249 223 37 6 206 125 35 120 168 111 108 164 198 67 71 120 222 7 166 200 32 99 217 180 
117 78 207 100 235 75 203 103 236 32 10 111 171 164 106 199 37 143 170 150 221 106 130 194 100 137 208 136 186 164 108 220 
54 81 109 175 33 3 83 194 180 236 145 54 200 168 26 189 102 92 75 89 189 96 24 143 93 218 225 109 63 245 138 181 
219 238 107 248 47 178 129 178 28 189 27 203 97 40 225 226 211 60 200 249 29 245 107 50 13 82 219 102 205 95 186 33 
94 115 148 217 75 11 11 138 11 59 90 32 60 198 93 81 6 157 82 140 164 69 207 186 118 200 50 195 16 117 115 36 
11 193 25 230 212 225 176 66 184 19 91 81 147 124 152 122 183 179 33 116 200 165 84 12 126 77 39 221 216 144 17 147 
2 225 61 101 77 118 164 18 234 104 160 48 236 49 129 90 44 21 67 107 108 161 151 187 166 140 246 176 179 63 114 35 
183 228 167 172 26 129 112 194 165 154 60 11 174 172 206 11 104 208 170 21 3 151 53 166 151 182 116 165 152 226 192 136 
20 222 44 100 220 212 54 136 132 232 17 14 241 235 201 80 19 106 5 200 223 216 63 1 250 10 187 81 28 84 15 25 
153 12 208 72 201 147 236 100 222 30 72 213 132 17 49 135 204 16 194 114 120 26 237 23 231 41 36 59 69 79 148 223 
79 27 128 225 53 7 169 2 69 81 129 44 156 6 239 244 178 91 177 101 204 35 27 152 230 138 209 61 163 104 77 101 
204 63 175 132 135 71 218 133 5 69 88 101 204 219 177 222 229 153 133 39 222 240 86 76 31 164 238 36 14 22 102 173 
220 4 19 2 25 90 42 54 1 129 166 239 102 157 147 210 44 242 205 4 102 98 71 36 99 143 111 136 31 193 26 199 
134 23 145 43 91 5 121 46 231 74 170 145 220 81 52 208 163 177 176 65 149 222 138 3 115 213 19 138 25 237 246 212 
179 89 74 139 14 236 47 162 92 25 63 87 25 40 1 242 120 37 137 74 96 108 225 119 208 156 29 50 150 4 91 228 
20 175 155 229 101 100 181 73 111 88 42 142 171 187 11 0 42 176 234 155 205 220 202 58 33 75 213 56 196 173 214 193 
149 112 128 200 103 95 69 74 33 136 10 154 244 108 82 204 200 206 122 58 228 133 249 68 90 232 248 149 68 113 27 20 
226 237 195 116 6 98 114 31 67 18 82 132 172 82 185 4 81 60 132 171 74 215 29 143 168 58 249 220 129 3 160 197 
207 113 5 134 50 169 225 119 164 214 169 243 73 102 35 160 202 120 52 148 105 74 14 235 115 119 245 223 153 11 136 118 
75 188 201 39 146 72 25 130 207 248 145 124 203 190 152 43 95 118 87 224 90 235 1 71 115 155 125 222 21 57 112 106 
40 18 63 178 234 83 124 82 106 91 149 81 249 33 31 248 27 181 37 17 19 42 4 233 88 89 78 232 237 73 227 89 
