15
63 35 234 210 215 173 241 141 107 218 233 108 133 48 22 
3 69 8 189 35 120 10 237 209 99 144 184 186 104 143 
119 191 107 178 90 41 26 83 241 121 34 189 140 211 30 
56 77 134 149 91 130 50 49 248 26 98 18 200 35 123 
138 133 74 122 224 180 0 185 163 146 174 32 160 209 23 
201 23 238 112 85 196 189 175 126 103 176 2 165 119 151 
60 72 223 38 222 183 156 56 88 76 85 230 67 72 80 
211 118 71 56 211 181 248 161 191 22 225 223 42 167 219 
17 127 233 128 8 74 242 233 16 10 41 33 212 75 239 
133 228 130 120 208 70 179 158 242 70 190 148 103 110 117 
250 46 221 52 155 13 181 234 102 168 92 113 101 52 77 
96 189 64 62 33 236 160 79 233 22 220 219 27 68 102 
172 192 168 65 223 230 189 191 179 14 46 133 250 17 115 
227 204 19 46 131 32 59 167 145 14 160 222 232 16 141 
171 232 178 144 39 208 127 21 26 199 9 170 242 161 45 
