83
229 24 98 217 183 96 77 110 12 130 191 228 132 111 245 250 235 2 101 168 142 236 173 92 211 228 83 2 212 11 229 180 191 207 83 60 98 124 193 210 209 91 185 112 178 171 242 111 201 102 234 211 99 116 150 187 216 122 138 81 97 147 240 67 175 93 66 236 37 99 18 83 92 2 44 47 71 1 62 140 153 54 207 
214 12 177 118 180 32 193 152 68 158 239 21 210 231 196 10 236 44 95 73 224 233 246 25 134 141 208 203 215 43 119 165 172 131 184 247 53 220 3 104 226 147 153 158 71 39 172 13 111 196 37 173 129 250 189 105 145 247 211 165 166 51 145 131 134 233 103 74 212 15 75 115 208 241 204 101 153 229 156 178 138 118 199 
109 21 173 39 226 161 9 38 185 46 197 79 116 182 213 127 6 219 24 250 138 101 78 124 184 17 204 74 232 124 84 38 202 49 58 222 69 128 45 208 178 173 69 36 202 0 125 215 147 104 206 103 142 53 51 157 105 246 47 48 182 138 48 239 55 130 35 132 239 162 236 176 16 229 125 93 137 141 58 23 121 155 72 
247 202 213 129 96 159 64 130 121 244 231 156 174 28 27 54 38 37 229 240 185 161 194 187 39 160 204 147 47 37 241 168 154 138 70 242 238 26 89 10 91 32 153 30 121 163 157 163 44 223 93 197 192 215 126 207 87 126 38 49 197 78 141 184 50 209 172 128 149 45 23 142 115 228 170 209 197 148 48 132 204 114 242 
156 106 147 119 234 126 55 144 178 36 41 72 164 211 139 250 43 59 54 43 87 135 228 230 5 189 157 214 126 88 106 95 200 165 41 184 35 105 231 109 138 49 52 235 225 108 44 249 177 110 200 38 49 148 190 145 51 52 145 109 67 76 128 248 130 138 94 75 13 107 156 212 185 47 189 43 69 194 106 218 38 105 207 
19 76 70 133 212 55 242 150 13 235 28 91 172 168 198 35 232 115 110 163 39 16 216 183 76 99 81 22 69 66 212 196 225 91 228 182 27 136 198 207 49 124 224 161 104 59 182 137 131 155 164 61 221 38 20 248 181 103 174 130 241 145 78 9 31 191 119 224 242 174 213 105 145 132 47 226 140 186 138 56 36 88 154 
58 119 26 147 228 32 82 141 38 179 215 22 37 9 170 32 24 234 73 220 239 57 5 169 238 171 38 78 10 222 238 212 160 64 145 139 30 167 217 2 90 112 160 207 27 45 87 74 30 21 250 84 47 62 223 113 94 98 212 19 45 229 107 131 82 54 22 50 185 184 149 227 46 227 211 86 74 245 111 228 44 115 194 
106 179 160 230 80 204 127 92 166 210 166 27 222 143 205 29 190 125 207 105 95 42 28 103 227 77 179 41 31 106 205 223 244 160 233 92 29 167 219 230 159 199 56 222 99 249 200 209 162 227 163 212 30 64 12 48 190 22 38 127 131 168 15 121 1 216 140 231 35 249 215 134 44 13 101 61 162 249 215 92 104 138 112 
65 157 52 245 163 127 76 11 114 38 12 49 210 247 155 56 186 54 188 72 230 250 214 153 223 46 160 182 72 79 73 74 89 95 35 108 7 197 91 60 221 197 241 229 119 24 56 229 77 68 214 203 218 197 79 225 72 22 3 227 222 51 81 24 222 164 2 134 70 160 234 160 116 143 178 207 165 152 101 80 12 11 42 
34 32 174 25 171 224 229 156 42 181 228 12 217 208 94 34 195 237 95 39 83 96 240 238 76 149 119 145 205 87 181 222 13 225 176 93 237 112 8 175 202 243 205 129 52 214 158 128 31 54 9 54 62 39 165 80 240 175 80 205 191 230 138 144 118 195 124 186 194 217 14 51 227 243 43 10 10 53 211 138 159 238 123 
72 57 136 201 138 203 84 113 136 97 126 111 157 21 142 10 214 38 30 127 203 153 247 152 157 211 32 142 202 192 122 29 232 118 156 221 215 128 167 133 233 45 188 199 83 27 174 57 86 202 121 91 56 36 69 159 223 25 16 137 199 142 42 36 97 9 212 163 182 63 20 0 64 219 48 215 199 51 182 27 225 102 90 
78 225 176 4 5 213 222 123 149 234 128 147 91 30 113 89 76 236 214 57 186 23 27 208 197 28 57 124 27 38 168 49 128 145 53 34 170 93 190 111 108 0 182 16 92 96 161 92 168 87 186 69 119 92 55 198 117 229 127 4 104 45 189 169 84 68 248 55 163 106 71 10 107 144 91 84 25 188 160 247 72 228 182 
213 200 131 177 217 73 162 136 64 141 63 35 140 53 174 132 35 156 237 68 246 1 154 172 192 220 128 18 186 15 135 196 163 173 157 122 46 83 129 246 111 83 209 106 56 203 9 233 52 112 232 141 23 188 85 169 153 57 120 150 4 217 162 218 128 71 3 217 249 101 69 13 176 134 111 26 188 87 164 172 240 154 138 
154 193 212 157 112 10 242 87 199 248 29 140 1 85 93 167 242 41 156 126 207 90 119 33 88 185 144 201 60 21 221 54 234 90 217 150 24 133 235 208 53 198 186 63 206 135 151 123 237 152 212 122 139 138 29 217 31 124 17 187 223 218 120 137 235 248 14 54 7 24 76 8 30 219 199 39 106 194 199 0 86 7 180 
151 20 45 43 158 148 23 223 51 115 241 116 64 214 175 127 5 155 225 160 177 248 235 35 218 119 91 215 154 130 73 151 216 243 143 151 106 63 84 49 179 79 132 212 117 9 73 47 146 210 77 107 58 91 155 162 177 18 21 129 125 156 138 221 133 45 101 122 47 18 12 82 163 172 36 213 97 66 29 121 196 71 163 
140 112 119 45 162 26 151 121 74 104 230 10 194 230 131 212 191 166 189 117 225 42 162 52 48 66 83 92 7 21 150 168 97 202 187 194 157 113 172 17 180 182 106 210 37 54 30 19 64 216 139 212 122 103 162 159 169 234 146 50 83 247 61 168 12 147 97 36 195 129 129 221 96 239 121 83 80 29 61 39 228 92 130 
63 80 172 151 164 224 150 150 241 213 152 48 64 181 203 210 241 55 115 117 56 109 105 19 174 188 231 155 159 72 36 3 183 141 172 162 181 141 82 22 144 79 15 151 178 203 68 179 74 71 164 180 191 18 220 40 198 28 177 39 104 109 240 76 191 71 120 89 191 49 176 218 51 28 86 21 211 8 135 194 126 21 25 
20 240 45 203 24 115 64 141 98 241 191 30 37 176 240 227 98 20 241 23 150 190 148 38 166 206 169 220 219 23 96 195 51 223 151 41 133 88 50 88 190 230 146 181 206 210 26 15 91 95 52 68 34 47 102 95 48 110 5 197 8 71 87 125 100 12 67 219 7 36 218 150 186 98 30 213 116 70 136 89 20 175 4 
77 91 37 33 237 14 11 135 54 219 198 22 95 152 139 209 69 235 64 125 8 110 135 183 14 164 184 243 111 159 160 102 90 173 107 10 29 7 216 202 104 138 51 241 22 70 160 174 217 82 13 129 117 10 169 63 245 100 137 29 178 71 105 189 189 4 65 225 43 165 127 204 188 242 217 153 31 86 240 147 240 94 220 
75 14 25 118 159 49 80 15 135 135 22 44 105 32 160 240 131 182 210 15 108 39 28 213 219 96 23 109 1 224 161 224 49 141 24 9 187 139 113 235 88 137 51 3 180 25 137 180 26 208 115 201 245 176 10 43 180 84 126 247 201 223 163 111 17 75 124 159 61 138 59 41 222 72 250 250 24 74 138 215 42 157 61 
159 26 223 57 117 144 60 72 26 210 119 80 220 81 186 159 111 61 212 66 78 83 237 73 188 173 85 155 240 22 113 221 94 107 17 114 176 37 113 55 120 110 198 14 248 116 107 122 45 232 40 89 147 121 212 204 234 145 56 188 8 90 39 176 37 58 126 201 43 9 176 68 85 106 36 69 106 107 186 56 236 189 137 
103 51 48 136 197 235 178 250 131 163 173 220 68 220 1 156 16 212 238 127 35 165 180 51 155 30 211 60 139 170 6 176 151 150 46 242 162 31 206 206 212 205 49 145 160 5 31 5 195 113 81 160 34 75 232 58 31 166 179 181 171 64 222 242 135 105 74 131 56 169 34 81 17 224 103 54 234 185 202 54 61 26 208 
129 138 202 114 95 249 162 109 72 132 5 180 231 236 83 32 34 139 32 41 139 249 118 116 156 119 164 105 120 126 159 25 39 188 88 68 180 230 250 71 151 147 162 79 218 204 162 87 165 66 173 206 243 51 6 98 59 55 54 164 108 142 205 40 23 11 182 61 99 105 152 165 155 222 165 214 166 246 145 203 90 193 223 
224 22 129 141 132 222 90 136 73 197 82 208 247 184 43 221 192 13 183 176 233 173 129 32 172 86 228 56 200 12 233 127 211 43 213 84 121 152 2 170 107 177 224 206 199 12 61 240 182 213 235 21 73 196 153 61 44 241 8 174 165 29 85 116 119 182 12 151 56 161 245 250 198 178 44 15 42 66 218 58 23 231 94 
163 176 107 95 247 119 16 91 161 24 221 61 19 27 158 210 98 235 150 3 95 13 42 119 91 241 183 93 105 2 66 46 27 31 105 97 98 173 108 161 16 143 133 87 183 206 193 136 145 60 70 185 52 145 120 3 168 208 117 214 185 36 109 234 230 16 84 138 152 9 162 65 227 24 159 34 224 228 3 210 225 30 72 
4 99 142 151 89 240 52 41 234 195 196 147 138 52 238 34 94 16 81 12 248 205 48 70 63 239 135 0 32 147 32 93 109 0 165 183 125 169 158 10 18 79 89 243 44 171 10 152 236 126 180 6 18 11 213 42 224 46 121 94 136 19 246 231 121 118 187 1 195 245 220 158 57 66 121 182 96 153 122 101 172 72 138 
245 117 159 150 34 198 249 118 105 95 13 48 129 64 133 98 242 47 106 87 207 215 203 152 163 81 231 140 117 42 199 27 39 115 233 60 161 61 139 179 79 135 89 25 108 188 152 104 206 84 132 10 70 208 3 131 126 162 172 63 128 157 224 227 44 131 59 220 196 204 150 174 222 21 215 242 47 82 222 53 96 81 87 
168 122 90 123 13 51 81 176 105 86 98 166 214 124 111 9 78 43 181 225 241 93 139 101 71 242 202 174 225 1 125 248 234 30 135 147 94 98 137 126 249 36 79 205 174 237 175 38 95 113 72 137 141 25 221 86 155 228 152 161 36 198 171 150 103 207 233 95 198 26 206 160 172 180 47 168 206 233 223 26 27 113 240 
172 215 104 137 170 37 209 97 2 112 135 60 57 38 193 31 10 58 171 142 7 161 70 243 3 234 158 211 46 78 39 224 64 147 148 63 7 240 196 30 29 78 137 27 153 164 33 180 55 21 136 63 79 8 96 223 10 205 4 23 126 231 222 65 230 6 202 238 150 40 202 170 42 68 242 21 99 205 30 210 229 211 74 
139 151 71 214 1 244 214 165 162 184 39 225 225 55 25 247 191 33 26 24 97 119 190 16 243 41 47 155 42 101 182 226 20 183 26 91 200 124 84 20 198 248 239 105 111 228 100 247 186 118 9 177 223 109 12 212 173 61 169 32 41 98 2 153 142 138 56 248 190 115 238 58 139 171 155 52 135 164 34 184 46 115 75 
27 222 174 40 114 124 22 104 1 128 89 41 135 141 159 56 0 71 12 171 156 136 143 109 247 168 145 164 184 123 50 107 212 208 70 139 192 114 143 112 179 247 163 190 38 148 132 43 158 136 8 203 128 236 87 167 128 229 166 191 80 69 10 154 248 109 101 238 228 244 133 215 56 101 14 152 76 26 237 197 227 199 64 
212 145 194 221 64 9 180 139 81 17 211 136 35 50 15 237 211 205 0 91 242 98 234 8 24 124 53 30 182 132 10 134 5 116 171 115 15 11 141 191 149 28 24 216 234 21 89 126 7 37 88 95 26 98 184 203 172 179 85 105 141 103 39 221 47 217 128 53 19 185 249 24 170 188 16 54 45 171 97 59 165 117 162 
205 0 237 92 161 39 35 98 73 94 60 59 104 49 82 164 91 214 118 178 127 198 3 102 161 240 30 168 222 120 232 179 210 250 78 240 49 224 195 206 81 232 231 211 131 55 93 132 26 171 158 1 184 46 106 186 56 17 97 237 160 181 82 108 36 222 74 160 205 214 30 220 160 214 225 178 247 209 8 204 41 213 79 
40 123 155 28 36 128 97 123 151 140 203 39 25 114 194 44 30 139 61 142 184 64 246 188 150 203 84 98 173 218 139 87 133 160 213 142 49 228 26 47 32 232 110 102 68 113 209 3 148 210 66 168 85 47 1 180 176 12 173 200 141 94 69 28 62 176 216 63 155 169 118 90 235 72 223 25 203 213 135 3 84 10 165 
240 101 20 121 180 145 242 3 56 182 66 60 113 63 27 249 62 189 80 248 196 61 27 188 127 28 176 100 187 90 206 46 243 4 224 56 164 92 135 86 169 249 30 33 75 61 44 219 212 194 64 26 71 109 122 48 65 8 186 63 209 12 22 43 244 20 175 48 128 206 202 184 70 204 127 248 6 189 110 80 68 125 127 
165 218 110 52 234 19 215 25 180 28 23 61 240 13 132 205 47 62 45 36 136 214 132 138 179 137 29 128 43 88 161 12 192 110 179 196 7 224 52 97 19 235 87 177 94 35 81 146 173 35 210 88 157 250 187 89 147 54 31 193 146 230 246 110 54 35 110 184 250 94 102 142 26 21 166 191 192 103 222 59 81 4 209 
70 213 23 246 170 152 230 243 139 176 116 127 113 85 224 26 218 114 180 244 181 230 222 34 59 232 110 49 15 80 61 203 36 53 168 85 36 175 230 121 195 199 106 209 226 7 50 13 139 3 17 77 102 79 62 138 129 108 44 37 49 21 179 142 218 92 132 97 112 69 182 38 98 122 174 189 6 176 65 44 228 189 237 
10 25 239 77 0 196 137 211 223 213 139 21 26 213 222 103 102 185 89 12 35 164 231 98 39 69 219 32 220 65 232 158 120 105 46 123 62 59 193 33 68 119 57 77 129 104 83 152 98 137 117 23 133 179 152 102 4 122 86 31 204 133 142 201 217 228 0 13 216 85 135 119 88 4 181 186 94 157 36 52 186 175 103 
131 210 30 112 38 83 56 157 79 214 28 145 174 35 121 181 161 125 32 110 176 87 117 151 122 86 218 8 50 91 226 136 68 155 184 9 92 8 69 150 95 21 184 95 122 89 11 109 138 8 29 151 1 57 216 82 148 168 38 190 226 195 68 36 56 223 6 65 217 99 4 14 111 146 115 31 110 35 237 25 115 90 150 
187 6 249 158 135 130 89 160 194 41 211 148 57 120 177 20 5 64 232 54 246 15 146 218 105 246 221 71 181 210 190 216 195 31 25 225 71 152 46 190 27 201 42 246 176 55 129 159 75 231 17 180 50 187 222 4 29 66 142 75 184 105 32 246 67 14 197 82 140 139 82 6 31 80 214 105 215 159 190 52 237 118 41 
38 30 1 100 145 161 48 32 124 224 204 247 39 41 172 66 171 69 129 66 131 129 166 81 73 227 16 232 175 218 11 69 186 192 132 2 10 229 100 135 21 250 172 131 147 174 122 155 202 46 232 107 158 4 211 7 139 224 168 55 15 189 95 170 151 226 217 94 124 15 233 214 140 28 230 49 230 95 206 229 6 114 160 
83 24 95 122 44 184 67 177 22 78 182 3 197 141 0 107 214 190 131 117 74 113 201 203 242 66 216 168 216 17 90 131 144 52 141 3 200 6 37 27 149 34 12 10 82 1 4 237 216 61 95 82 187 140 243 14 31 133 186 149 143 135 158 125 40 170 71 16 3 183 178 20 240 87 130 182 37 44 232 28 37 31 168 
182 68 117 96 187 72 217 95 164 23 181 236 10 138 206 100 137 116 90 67 123 77 29 225 40 37 184 43 44 166 16 157 165 28 228 133 124 124 243 152 181 160 75 4 88 11 123 3 160 93 226 69 67 78 45 21 73 104 77 17 127 136 234 25 7 151 177 132 82 228 91 89 91 218 18 173 136 226 212 180 178 206 76 
217 154 204 152 5 37 125 122 62 200 136 181 196 216 104 82 211 77 124 109 188 176 88 83 224 71 96 6 129 17 109 173 215 26 162 46 142 66 227 153 221 208 76 14 166 70 109 83 74 72 174 203 57 123 110 189 157 134 210 29 108 112 230 224 87 118 246 163 160 207 20 250 17 231 0 114 23 26 94 219 36 105 167 
75 22 130 169 215 49 21 19 170 62 239 26 154 30 216 7 244 236 81 171 108 215 29 93 157 166 156 248 115 155 160 36 13 242 223 185 153 139 229 57 164 188 7 10 191 190 136 133 233 45 250 1 182 98 82 193 104 77 175 187 202 26 86 233 148 153 150 3 241 247 166 56 181 162 93 8 244 26 107 125 14 175 132 
92 30 198 54 66 85 56 223 112 16 224 197 123 94 4 169 6 178 203 209 98 83 76 203 60 68 247 24 93 47 211 52 154 245 145 162 116 52 149 16 221 166 232 143 214 112 241 35 70 104 226 52 176 21 197 144 171 133 84 222 232 115 186 200 199 81 213 40 187 244 190 119 200 119 29 213 63 108 176 215 68 101 155 
158 241 181 86 101 231 143 4 154 49 121 160 202 144 117 51 121 6 49 134 102 113 142 117 236 39 157 105 230 56 247 184 119 74 94 147 25 245 224 161 142 77 193 106 94 127 177 102 152 131 194 143 68 14 58 176 199 224 196 142 54 196 62 64 99 69 94 144 63 194 177 28 62 34 19 203 123 64 160 2 180 239 164 
17 107 206 117 121 105 155 8 56 115 203 51 241 56 121 94 165 190 196 122 82 56 223 87 88 81 241 183 4 50 10 33 81 153 19 60 167 235 115 186 164 38 115 192 233 191 218 13 35 30 10 221 99 24 234 53 176 94 202 129 24 17 110 23 186 84 238 44 216 147 144 125 20 40 173 135 61 217 63 59 232 197 160 
95 176 132 108 200 229 54 94 3 111 37 145 32 221 55 139 176 193 192 66 170 250 5 6 169 129 195 14 76 90 107 120 16 60 5 224 189 63 76 113 63 21 126 110 235 215 10 92 161 79 238 5 180 202 130 187 183 116 133 190 30 112 157 230 214 110 46 218 174 208 132 238 4 70 15 22 60 158 234 211 5 167 187 
45 161 117 190 2 201 11 204 184 247 226 35 216 195 211 143 246 152 226 222 2 219 87 127 22 246 173 24 5 231 219 6 73 110 214 62 108 220 227 147 17 70 240 204 239 69 116 54 26 222 71 14 38 118 75 245 242 135 213 215 124 133 32 205 190 85 131 103 195 105 223 100 217 98 236 64 53 184 177 48 73 7 53 
43 124 108 41 20 149 79 117 58 207 23 168 40 238 5 157 93 130 48 209 29 60 68 145 229 1 248 229 238 190 136 157 175 35 239 7 77 62 211 218 72 103 54 23 205 11 125 101 25 198 12 55 230 147 145 67 124 23 2 43 91 103 236 18 61 109 66 14 109 57 76 119 109 85 203 95 66 220 24 140 71 37 163 
17 180 43 116 233 79 18 137 127 122 66 77 120 83 130 104 192 179 32 208 138 156 148 206 104 85 32 56 245 125 111 51 183 143 63 107 145 45 5 124 29 17 127 243 49 103 74 109 143 240 113 195 144 168 197 110 130 35 49 46 40 219 238 131 200 109 160 148 245 94 140 200 29 77 49 39 99 161 33 213 173 106 111 
133 163 121 73 180 59 141 250 72 176 198 33 120 232 225 224 133 32 48 132 211 161 227 17 158 199 214 166 189 41 73 201 65 177 188 94 199 174 13 231 207 223 227 106 89 82 124 88 140 34 91 112 24 156 47 94 9 103 79 35 38 133 155 248 109 85 130 64 43 26 129 9 1 60 46 29 116 231 2 59 174 126 25 
79 156 17 140 111 190 111 235 108 85 19 200 203 133 46 31 10 179 173 65 242 103 184 226 39 105 4 229 161 234 207 197 21 167 48 54 198 63 195 85 129 236 69 75 185 191 199 45 250 87 96 97 48 119 47 184 249 116 140 227 98 184 232 7 20 247 149 3 75 204 189 219 139 101 23 113 213 99 162 81 100 247 83 
125 246 69 208 37 46 223 20 86 186 170 9 20 92 200 244 218 16 166 147 118 245 19 71 166 236 96 196 22 23 97 38 203 67 229 125 104 209 122 218 144 105 64 49 179 33 240 94 139 26 163 86 138 92 226 32 18 143 192 74 201 124 77 8 245 20 246 223 29 114 250 47 238 224 89 52 64 155 233 162 188 136 62 
52 100 144 237 79 58 66 132 213 203 184 24 139 17 75 48 169 35 95 193 187 27 29 162 22 74 216 29 133 173 65 111 171 152 137 110 187 97 153 101 18 221 199 196 41 6 17 220 145 72 163 126 77 93 246 65 85 156 20 174 124 17 38 129 98 76 11 94 189 73 146 89 124 51 8 175 120 146 114 114 244 156 162 
212 47 196 13 71 207 173 2 216 20 134 57 204 210 136 30 184 130 100 124 99 214 222 19 45 53 208 22 135 200 233 5 186 224 131 52 74 160 137 167 67 167 55 141 189 151 229 161 56 97 164 223 81 176 77 81 121 132 65 204 220 173 168 44 181 150 22 120 189 170 236 25 58 64 178 217 197 141 218 215 180 168 133 
38 200 6 158 4 28 189 229 152 166 243 23 239 239 143 197 162 44 248 34 183 144 35 239 241 134 153 50 172 155 14 193 121 30 87 32 97 162 36 46 39 161 36 73 172 71 172 225 174 206 5 118 97 125 190 18 110 32 209 214 219 126 123 69 240 45 138 82 125 29 131 12 191 131 26 33 82 106 233 233 185 246 248 
107 151 136 229 206 219 99 37 123 213 189 69 203 128 38 125 67 14 103 142 193 42 126 122 87 82 98 1 77 107 240 130 149 128 230 174 245 64 91 179 22 56 209 142 90 225 104 106 19 119 164 39 99 83 138 41 196 230 82 174 43 182 155 82 47 150 231 73 175 210 144 182 123 25 224 204 148 250 200 211 231 153 29 
73 10 190 156 21 58 97 226 239 113 128 110 157 114 101 81 45 244 151 100 131 66 123 98 96 169 153 236 230 172 84 83 141 222 183 155 10 43 214 176 110 231 44 139 247 232 101 108 65 209 82 194 106 216 84 199 181 131 132 115 247 167 203 117 52 90 127 248 155 87 41 47 66 100 88 242 133 198 42 203 192 219 134 
44 191 197 21 137 107 144 160 206 235 108 187 82 215 232 166 180 236 157 20 195 20 35 103 109 96 105 133 163 9 32 146 248 126 79 175 31 61 241 35 124 205 239 71 18 78 193 109 19 176 130 33 211 124 89 109 209 138 238 16 179 55 160 7 71 88 239 52 80 150 149 23 104 161 165 77 137 145 0 88 41 69 129 
114 70 151 37 83 98 43 223 105 151 217 107 9 15 62 137 226 103 233 154 110 57 88 91 179 9 97 147 161 198 128 238 206 115 67 4 64 113 165 118 57 31 187 38 193 113 65 136 196 162 181 217 142 185 145 43 117 136 60 197 165 202 144 147 182 209 202 157 146 2 23 114 66 180 125 133 48 83 230 209 96 123 133 
201 239 29 62 83 14 123 118 119 101 9 143 172 161 110 61 138 237 148 131 132 69 4 71 82 182 51 199 172 243 196 229 195 33 175 141 68 16 236 129 113 146 58 245 71 45 76 39 104 169 120 36 175 125 221 162 111 238 213 223 35 220 225 172 140 22 211 129 134 76 165 119 71 28 184 142 191 92 161 33 187 207 189 
45 197 139 123 186 175 161 175 169 191 40 112 211 205 208 242 190 96 117 68 29 56 26 81 53 160 237 241 32 40 172 73 127 185 161 51 150 197 4 130 82 110 77 241 184 101 165 183 6 108 241 17 81 104 152 128 24 212 237 71 50 37 217 205 12 6 186 115 157 76 247 210 157 156 191 228 85 119 74 245 6 71 217 
221 100 201 163 85 90 22 61 227 177 117 35 77 186 44 90 89 29 10 36 16 150 156 61 231 189 147 29 14 48 110 40 118 217 241 84 185 118 91 98 14 113 47 65 243 228 78 114 31 145 156 150 118 203 79 99 12 156 225 187 94 135 15 218 28 106 186 220 13 65 185 122 116 234 198 135 44 139 102 232 17 8 129 
230 113 25 211 237 107 81 86 70 190 190 181 131 96 120 59 100 211 150 36 145 104 44 244 117 183 171 66 1 188 204 49 126 131 84 8 201 241 175 204 157 145 39 30 137 4 164 8 60 191 127 166 91 131 156 72 52 169 74 37 202 37 12 234 175 242 184 50 52 41 37 240 10 29 106 77 127 32 225 209 107 69 102 
100 52 161 175 170 187 15 47 232 106 217 193 26 4 115 214 7 42 221 148 224 180 170 210 24 92 57 151 207 185 122 168 196 187 93 248 77 201 181 184 169 132 56 153 152 103 213 117 174 137 33 185 81 127 0 223 151 79 81 135 240 2 225 122 218 221 36 200 39 199 89 224 162 189 10 234 170 216 200 65 158 138 214 
231 100 139 29 75 30 147 104 94 18 182 170 87 166 225 131 117 143 45 22 56 97 244 222 58 229 180 113 245 135 155 53 120 146 149 86 79 55 199 152 249 17 212 14 249 56 125 74 82 88 178 172 80 179 218 149 7 22 219 149 186 90 27 124 23 204 241 206 6 15 129 75 93 172 31 221 224 58 91 61 190 156 172 
29 110 64 206 154 59 240 33 27 221 234 144 182 216 43 141 41 37 208 197 179 3 194 27 84 42 120 174 144 68 157 210 56 52 232 184 192 41 151 152 129 44 216 98 193 224 106 140 109 230 100 74 84 147 18 62 230 51 8 82 68 39 171 124 93 247 100 175 211 128 143 129 16 118 169 230 210 151 162 169 220 176 216 
22 8 209 48 199 197 25 223 178 244 105 185 229 159 210 11 183 191 90 118 27 72 187 213 134 132 215 117 231 47 14 37 223 3 117 13 172 174 151 135 22 35 101 134 9 186 187 12 25 104 41 17 32 151 100 100 185 125 4 242 56 104 191 95 165 222 170 44 186 101 201 187 37 4 69 57 144 176 196 167 20 223 176 
185 222 42 200 84 47 109 85 50 2 145 137 86 240 151 123 15 137 118 34 172 209 248 169 73 138 77 198 173 57 22 33 8 203 132 109 164 237 107 200 205 212 233 140 165 195 121 228 203 221 22 227 3 37 126 225 225 30 189 183 171 151 110 103 10 160 78 135 110 207 157 21 189 172 59 213 227 113 126 238 143 222 249 
241 46 222 199 26 179 74 77 20 114 59 17 163 81 207 212 200 155 41 130 86 170 228 113 156 69 129 124 187 228 184 125 193 229 100 141 51 196 112 121 122 13 248 38 119 166 39 235 20 187 211 167 104 154 167 216 148 192 12 44 5 195 24 171 227 77 58 249 125 196 217 63 101 78 177 239 46 163 3 56 57 43 136 
24 101 127 25 130 55 63 211 133 217 11 222 113 208 80 42 114 161 122 240 116 195 229 83 33 225 23 223 241 5 202 134 241 89 132 90 113 70 176 132 193 66 218 57 149 30 169 110 155 92 247 163 6 113 91 39 239 132 179 13 86 9 85 226 176 8 198 201 27 205 40 25 134 64 171 114 192 171 107 248 150 110 225 
31 183 240 128 67 119 74 1 122 95 114 137 42 29 239 216 170 187 114 98 169 122 185 63 132 71 233 214 141 230 213 223 204 54 155 59 215 155 204 249 235 134 194 59 55 20 203 211 170 73 30 47 22 63 177 80 76 116 126 132 57 42 244 20 238 99 127 162 120 154 115 189 199 133 191 184 228 52 174 41 92 16 12 
10 16 44 182 86 211 69 185 56 164 94 54 191 83 150 126 240 129 21 184 243 172 124 220 112 54 219 100 46 222 105 18 109 234 90 41 112 140 20 55 124 18 177 88 135 196 106 82 196 108 198 233 141 53 80 27 163 23 241 56 158 29 224 51 167 93 47 233 162 46 98 115 233 11 108 166 109 115 92 18 213 77 9 
220 25 21 81 70 120 97 116 5 43 246 181 196 137 243 49 132 50 185 98 104 29 154 119 124 158 97 161 171 40 21 195 163 216 195 109 5 168 231 132 88 183 194 139 176 98 192 205 69 177 231 206 62 130 178 90 122 4 159 148 89 113 105 210 176 73 245 207 175 151 213 162 127 29 45 237 107 26 236 222 123 145 3 
37 103 136 38 96 237 155 222 186 5 133 38 94 47 195 208 162 11 248 100 11 106 233 227 121 202 20 132 224 233 66 159 85 131 62 189 158 105 220 186 153 8 160 225 181 70 63 106 122 38 62 134 203 67 214 224 229 225 183 33 29 26 103 88 155 154 193 181 142 144 227 237 115 32 188 201 7 80 51 70 64 96 205 
55 105 154 131 63 82 247 185 32 180 222 190 192 76 0 47 45 104 11 232 50 128 210 122 7 16 197 246 188 8 154 214 155 75 116 96 54 167 146 119 174 207 48 162 130 121 220 10 212 228 28 151 98 223 200 40 53 72 195 109 183 89 198 22 22 155 136 223 37 1 136 206 236 230 60 15 242 175 225 18 214 150 193 
131 169 243 13 93 219 100 49 141 157 50 96 148 25 206 215 74 126 28 18 188 175 202 215 27 160 160 26 156 80 23 156 198 72 117 50 229 0 112 18 234 160 62 188 140 64 103 201 99 193 184 231 84 148 215 193 173 195 235 169 52 20 5 187 117 181 133 242 215 231 226 144 129 104 247 57 151 226 211 92 239 9 183 
218 116 101 28 39 18 210 203 88 235 95 145 55 201 217 85 15 22 81 89 86 34 165 250 148 70 242 15 92 83 76 89 70 35 1 20 156 242 219 62 23 231 245 140 96 147 32 135 3 184 101 173 201 16 25 197 124 232 220 225 188 174 161 167 98 210 183 178 102 56 46 170 196 226 105 169 75 190 109 108 113 7 75 
176 177 77 182 223 197 11 8 17 32 32 150 211 171 141 14 165 172 117 45 13 89 131 149 202 7 66 94 8 88 77 243 142 183 10 169 176 175 176 183 214 26 100 225 46 169 225 159 34 45 45 174 186 146 93 72 219 29 211 111 221 10 92 216 72 102 53 193 238 160 207 72 32 29 77 221 187 25 152 119 210 120 135 
199 48 144 91 6 138 67 8 135 249 61 5 80 0 164 13 81 199 144 113 231 55 153 239 132 197 36 161 62 86 249 231 204 100 77 155 223 11 51 26 90 26 29 17 57 43 200 12 111 240 14 137 167 221 33 63 189 18 143 59 132 134 171 182 35 234 181 219 99 100 243 21 208 51 7 238 219 59 41 185 118 100 207 
98 67 222 89 160 153 143 56 223 102 12 58 81 0 88 250 206 129 202 13 148 102 45 207 191 44 97 9 108 176 156 114 242 104 174 34 68 182 190 52 181 83 51 3 207 47 159 21 80 119 130 75 113 163 95 137 32 222 138 135 145 185 126 161 5 13 157 125 39 219 21 67 172 83 205 140 146 229 158 155 207 134 107 
