67
244 50 119 22 21 191 146 31 75 150 24 52 9 166 73 55 44 102 182 115 36 107 103 81 52 190 159 209 192 108 244 111 205 102 169 249 45 14 68 23 149 65 82 37 80 202 64 205 212 135 149 196 32 80 192 176 87 7 59 86 139 217 153 207 222 18 212 
85 57 47 148 60 79 73 16 147 238 236 157 173 80 94 234 136 100 241 150 129 52 187 31 208 47 116 39 106 31 174 249 49 174 205 198 157 138 149 126 213 202 112 73 143 12 192 114 100 173 134 46 59 228 128 102 113 215 86 132 19 71 250 130 139 132 122 
17 221 218 111 129 242 106 6 135 60 45 132 84 84 128 217 194 1 222 28 86 91 136 35 215 227 171 180 116 190 206 118 103 175 248 24 44 226 228 215 185 233 163 135 14 136 142 205 51 95 169 155 175 23 83 130 32 108 85 57 1 182 200 122 122 227 58 
178 8 214 219 81 247 111 115 248 123 139 139 120 96 202 201 132 135 76 104 61 185 74 119 170 165 67 5 144 208 194 121 59 68 169 34 183 27 122 185 184 112 123 210 161 70 243 75 244 186 106 80 241 198 173 26 228 113 166 149 145 147 236 65 24 20 133 
121 61 103 168 31 92 219 163 130 47 205 83 126 5 167 2 5 91 132 36 230 77 49 138 81 160 67 62 65 58 246 27 0 41 99 134 169 14 127 239 217 200 170 76 221 170 15 11 83 144 93 45 211 106 178 6 179 112 21 212 215 119 91 76 135 179 87 
63 105 78 180 21 75 188 120 193 24 140 175 129 203 170 240 224 241 214 107 48 7 172 155 61 215 74 163 116 173 150 28 158 38 183 17 110 236 189 186 130 130 236 166 238 48 223 6 163 158 207 108 14 55 208 65 21 185 136 56 44 242 244 94 8 5 246 
207 77 212 45 196 234 140 186 96 250 33 77 197 121 186 162 133 250 60 30 21 90 107 131 138 33 12 106 172 61 102 81 245 153 10 145 23 134 207 6 152 146 183 122 137 60 208 31 177 205 205 210 224 206 225 239 216 48 118 206 111 169 105 241 185 130 57 
149 0 65 83 97 243 14 127 225 168 125 162 70 185 106 139 177 26 18 119 195 100 175 198 102 146 21 48 26 84 183 198 171 128 80 106 230 6 128 170 145 86 232 215 27 163 61 161 74 11 165 157 126 149 96 235 227 230 102 229 152 110 173 153 189 100 160 
223 191 167 176 26 100 85 47 76 134 127 69 222 12 147 31 151 233 53 16 184 2 6 6 186 197 85 101 88 104 242 28 60 62 172 74 111 178 127 188 15 94 67 222 35 104 217 236 14 171 138 33 135 70 1 39 183 168 179 65 5 35 165 237 234 26 154 
65 99 98 90 147 30 80 44 148 150 108 87 79 243 133 212 97 122 219 246 152 37 198 128 223 87 205 15 233 129 77 175 158 202 180 23 142 79 113 43 18 26 215 72 17 190 94 105 7 97 30 14 75 6 31 244 157 172 246 165 11 63 75 93 239 226 185 
124 208 44 241 9 11 49 148 59 159 224 230 175 250 130 7 92 0 169 68 119 23 9 102 196 38 225 239 11 248 53 152 172 114 6 143 152 211 220 72 248 123 59 174 193 140 112 129 224 167 79 234 79 176 72 152 202 208 243 115 170 174 214 213 219 15 154 
18 58 161 1 168 140 234 217 202 228 12 161 108 190 178 195 8 175 103 54 240 32 246 221 19 110 142 39 231 182 94 77 155 231 33 34 138 125 22 193 20 30 78 57 244 56 223 145 186 9 84 160 178 148 83 166 234 243 82 101 114 179 241 174 45 59 198 
158 22 69 208 63 167 180 117 130 122 80 170 146 170 162 220 236 79 48 12 226 58 119 72 239 140 242 68 200 71 222 202 47 4 179 66 120 60 127 31 213 222 125 88 117 148 232 248 160 191 194 59 196 41 210 148 221 33 30 140 179 197 240 218 42 107 177 
198 199 19 132 114 196 173 96 92 143 187 222 67 105 30 84 161 69 194 235 159 248 122 20 6 37 229 234 65 129 123 42 4 208 243 98 240 12 222 118 54 105 56 204 171 52 61 161 24 243 131 39 70 30 63 114 29 115 86 143 221 176 158 234 147 235 244 
2 42 77 131 31 177 173 235 58 129 10 237 226 147 121 93 230 156 238 233 189 169 197 106 95 142 40 228 191 42 128 159 178 188 114 55 232 135 93 233 225 130 73 199 82 106 7 204 85 34 74 240 76 57 49 232 69 60 240 203 44 199 100 180 248 177 211 
213 86 37 151 224 0 95 140 160 168 25 125 227 227 244 4 29 101 90 33 248 105 100 222 183 170 11 37 156 154 156 90 220 152 238 102 190 143 122 116 174 7 25 165 129 243 164 1 197 231 207 168 74 61 104 107 139 50 45 19 132 118 118 12 50 49 240 
19 11 14 2 138 19 176 110 132 168 138 37 188 136 14 30 129 21 227 47 66 22 111 143 209 196 196 204 250 13 64 12 15 209 58 176 1 132 127 154 36 113 191 6 83 167 138 206 184 152 135 5 248 83 86 23 47 117 80 99 234 162 72 107 47 95 154 
115 132 18 40 107 172 65 47 146 43 182 43 46 123 77 224 180 156 28 215 82 208 59 166 248 198 53 109 2 225 156 228 108 6 4 107 206 115 141 86 218 106 75 76 99 158 193 227 116 223 223 56 166 72 68 13 115 142 36 142 90 34 220 206 14 24 4 
73 43 61 126 200 53 76 224 5 153 222 220 76 170 181 180 223 195 80 224 33 166 247 14 75 78 86 133 242 199 163 181 165 233 222 207 51 33 63 82 24 153 156 138 105 162 61 178 42 158 248 221 151 248 219 218 61 151 204 51 233 193 18 192 25 155 160 
162 24 87 208 67 218 38 23 95 150 206 95 15 114 104 37 82 145 236 155 29 119 241 124 61 227 202 25 187 179 115 164 182 3 131 45 50 230 83 33 204 209 14 36 93 211 185 180 49 250 235 50 105 40 180 9 107 20 6 195 227 50 237 188 128 61 71 
206 135 95 111 151 158 47 132 4 122 245 200 26 183 98 224 9 124 13 123 113 183 215 81 95 175 154 134 133 56 51 115 221 72 221 95 133 67 87 191 105 154 60 39 114 59 27 41 189 64 172 201 196 86 223 178 79 26 178 89 15 245 86 227 94 229 47 
15 194 194 200 53 144 164 60 180 15 197 104 156 47 38 148 87 159 195 211 205 141 119 159 222 151 195 47 247 183 175 184 192 125 158 181 218 15 36 83 175 67 44 78 219 89 192 94 181 74 245 225 121 133 130 7 236 161 55 234 140 228 169 174 151 109 189 
204 86 223 240 86 135 250 43 223 37 52 191 188 87 4 230 243 96 140 0 150 63 35 250 145 250 103 28 87 24 34 135 157 124 147 38 171 180 41 211 141 103 109 52 85 110 75 200 203 181 13 209 61 152 239 86 120 142 240 138 4 160 195 25 172 62 103 
54 23 57 7 113 90 148 139 233 93 38 234 148 243 125 99 48 31 97 62 147 12 35 72 222 175 175 137 190 192 59 166 2 206 53 100 72 106 81 204 83 235 98 71 64 227 215 137 14 85 170 22 184 80 248 66 238 81 185 204 218 100 65 226 21 235 144 
170 199 130 247 46 77 56 216 199 22 247 103 242 128 207 46 88 73 29 2 2 32 135 38 145 185 179 232 239 231 240 231 138 179 97 162 21 46 95 168 110 137 201 238 86 226 218 96 226 136 48 106 122 242 192 158 35 53 29 235 120 118 22 52 242 5 220 
96 6 51 17 14 72 5 6 176 230 47 219 0 187 171 187 41 145 116 203 244 6 148 80 96 120 112 192 34 158 188 76 213 62 162 157 81 28 46 54 138 86 66 142 22 34 150 207 106 186 60 110 100 71 87 180 246 68 4 65 178 27 4 56 152 124 177 
92 125 97 149 238 26 40 106 184 54 127 250 196 104 138 186 123 158 143 138 81 114 96 236 200 181 170 141 186 90 183 30 44 30 75 100 45 250 111 99 116 74 160 193 91 144 54 169 129 210 160 61 217 159 203 209 163 187 136 216 184 204 40 90 31 187 83 
100 211 213 69 65 203 231 118 127 52 71 74 0 200 141 32 217 110 198 98 58 28 122 195 220 147 191 201 159 4 238 58 26 188 15 121 141 231 235 97 233 125 19 206 6 157 190 142 117 105 76 133 38 201 153 51 99 146 59 18 26 121 86 104 139 116 18 
188 191 132 16 245 98 134 175 163 225 29 134 139 113 20 220 55 146 227 111 111 50 250 79 225 113 17 194 82 205 234 173 180 237 75 74 180 227 225 57 74 210 50 82 127 56 162 164 203 26 140 5 53 42 88 51 234 84 227 197 217 159 114 249 87 243 25 
2 140 75 100 5 60 139 121 73 87 242 105 156 13 167 154 160 122 119 178 176 247 168 143 7 80 224 63 34 93 125 160 249 166 229 89 136 12 247 55 16 201 90 174 236 111 0 162 9 69 232 67 31 52 65 38 212 97 51 106 67 234 74 207 233 15 100 
14 9 178 48 97 211 71 76 154 208 144 25 22 131 81 249 155 12 125 10 160 119 14 173 225 75 152 107 239 39 82 139 160 216 154 233 225 166 174 69 168 153 117 53 202 225 84 126 158 112 105 211 207 120 222 73 182 63 202 170 209 83 146 13 111 248 160 
115 46 196 131 137 81 68 132 112 144 28 45 99 12 135 119 86 27 104 25 21 5 45 72 125 81 188 172 1 142 123 46 83 4 104 73 47 236 237 123 19 28 70 167 179 166 89 180 25 214 155 23 78 19 93 201 72 174 205 16 180 133 6 188 238 188 170 
238 129 215 173 26 145 54 74 212 87 41 184 228 74 142 148 124 169 35 187 208 18 139 209 102 224 90 19 14 146 194 42 69 214 22 167 175 138 207 249 74 82 108 140 193 104 79 80 22 27 82 63 148 130 42 87 186 168 213 248 169 70 191 117 50 122 176 
198 225 120 84 210 6 187 88 33 106 244 86 221 83 171 114 180 123 180 63 143 192 158 10 211 180 126 173 245 172 220 210 100 12 142 166 227 187 113 210 37 168 114 229 144 29 145 24 76 25 92 231 53 17 118 56 224 195 37 141 111 111 99 246 23 43 1 
190 110 33 124 47 196 109 16 78 240 13 123 111 103 151 30 232 235 85 61 228 210 16 138 112 221 110 220 42 221 46 201 243 216 240 230 44 98 6 83 76 109 227 103 147 137 1 66 22 161 235 168 54 139 220 166 229 226 247 2 78 11 30 148 154 224 167 
155 117 6 51 215 201 205 115 61 87 171 22 245 72 60 172 72 218 217 15 244 92 147 211 32 56 60 218 118 97 52 21 230 198 31 194 19 149 95 108 88 97 130 102 66 244 166 127 233 46 169 62 181 129 151 183 193 190 234 36 164 85 77 0 160 59 76 
42 189 106 10 108 236 86 184 62 194 125 194 195 164 145 34 17 155 218 214 149 215 46 148 37 113 78 93 216 173 247 2 33 155 85 77 87 124 223 65 53 198 58 159 90 194 200 94 95 122 142 83 62 169 23 156 7 234 155 11 227 250 155 208 104 1 1 
88 68 159 127 93 106 64 129 246 83 3 195 231 54 34 185 226 183 26 25 92 232 9 124 35 24 79 56 171 126 223 211 196 64 189 78 12 189 31 164 129 72 237 153 40 225 7 174 73 89 129 91 134 17 228 177 215 42 75 3 171 152 157 42 143 183 232 
46 42 61 28 143 244 38 106 47 168 88 24 37 179 80 53 161 79 211 45 212 135 1 208 219 121 185 194 250 37 50 82 188 45 230 166 194 57 71 229 142 128 169 53 45 80 70 191 160 16 40 87 31 208 41 99 36 143 169 236 213 227 58 185 30 46 67 
99 15 49 191 106 3 210 211 0 227 142 12 57 168 168 183 232 124 131 188 157 171 94 45 79 30 104 192 236 229 150 160 62 217 167 200 29 204 170 56 86 197 25 163 159 76 199 77 80 128 59 35 169 53 167 225 228 235 122 164 172 178 225 175 148 120 236 
112 72 168 57 167 16 210 206 108 74 83 132 140 197 44 45 35 116 242 98 175 123 145 13 37 214 76 57 54 34 201 170 177 128 140 191 174 50 187 115 236 1 182 61 216 143 192 157 217 141 58 21 27 143 120 72 238 64 214 228 169 61 74 36 202 248 196 
17 41 102 111 222 128 52 33 26 228 212 205 73 100 231 33 171 30 65 230 52 167 35 174 155 189 61 67 190 81 162 31 235 185 31 236 239 17 140 248 66 176 23 170 10 249 72 234 165 142 117 150 211 237 146 122 240 176 199 242 182 132 91 218 198 102 214 
165 105 35 161 58 205 209 82 20 236 154 248 19 229 222 94 194 21 168 217 224 213 50 132 91 205 85 25 65 68 62 112 50 193 121 116 62 111 86 158 197 70 80 32 238 48 72 137 64 96 21 51 238 126 162 22 183 165 22 176 22 222 211 174 137 114 122 
176 171 97 106 172 84 59 31 247 68 38 63 250 86 144 164 232 147 155 93 124 112 108 151 78 154 23 7 127 5 137 203 140 163 132 207 38 114 192 173 206 117 134 220 80 89 11 9 237 109 127 76 124 216 168 5 131 6 236 70 154 166 53 180 12 47 11 
36 182 232 30 111 58 166 117 62 221 137 244 6 63 18 214 240 81 68 171 171 117 101 84 125 221 158 191 189 187 200 63 148 141 6 134 105 162 15 49 223 121 25 181 64 75 18 118 117 152 134 92 154 46 53 232 203 79 27 82 105 248 44 31 39 117 81 
240 28 4 9 154 32 183 245 178 222 222 177 9 138 30 60 165 164 226 23 177 167 79 235 226 191 250 94 141 129 151 138 193 226 223 143 231 240 61 9 5 96 72 60 29 77 189 105 1 61 56 9 237 80 140 161 94 226 206 66 189 176 201 211 219 8 80 
217 29 62 159 167 21 8 84 29 232 175 179 203 204 154 239 248 230 33 45 5 121 3 182 246 233 161 40 154 180 28 73 42 152 115 44 221 219 40 105 14 212 155 144 188 93 179 225 12 148 122 83 169 211 44 249 141 78 197 178 97 147 128 125 231 217 227 
192 118 92 242 226 197 159 159 1 185 6 51 137 198 139 149 5 136 148 181 1 145 73 230 81 246 39 73 16 31 199 189 128 217 131 72 93 142 218 11 139 56 79 194 226 249 76 165 207 80 165 171 151 190 162 145 67 106 12 74 189 248 9 234 154 140 54 
120 103 120 4 147 41 192 90 138 44 23 249 121 92 40 150 67 92 241 70 130 205 6 183 250 176 18 139 173 76 170 234 176 66 167 97 175 47 184 90 34 82 21 95 35 121 220 198 50 203 147 13 150 35 97 189 162 125 170 237 88 66 228 63 223 84 108 
36 207 89 143 75 76 194 168 93 40 131 0 153 42 82 127 137 145 201 91 54 239 223 59 0 16 2 93 135 54 138 81 186 31 107 102 76 69 32 234 125 198 56 148 167 239 226 172 135 159 138 231 241 123 61 179 249 217 126 211 58 148 240 126 56 197 22 
51 138 191 234 231 129 119 58 57 247 214 90 52 138 99 67 132 198 232 166 83 191 55 63 62 217 133 108 161 26 181 83 136 196 46 153 53 82 82 13 79 190 103 128 9 181 190 96 30 86 219 154 98 82 125 244 229 98 216 38 167 184 63 71 140 181 18 
63 59 104 141 117 146 182 31 47 223 171 232 123 205 233 58 190 229 102 9 188 144 38 180 213 123 137 145 86 242 127 216 137 166 24 112 27 28 114 204 214 17 45 65 157 134 103 41 219 236 59 40 250 54 191 233 246 189 184 42 151 188 10 147 51 91 136 
217 202 171 155 93 191 37 9 33 219 212 143 193 224 183 194 76 60 143 205 131 245 2 124 92 79 249 86 247 203 53 2 133 192 9 189 114 44 129 196 21 162 243 146 166 129 38 34 122 54 27 83 175 249 220 52 142 239 137 105 226 216 47 230 89 217 147 
136 233 8 153 94 109 45 17 24 204 186 17 39 109 4 166 99 221 191 207 119 126 111 66 234 97 17 215 147 126 246 144 250 222 71 237 33 187 149 187 161 221 198 194 211 119 57 228 108 199 196 250 105 243 10 112 202 192 127 169 98 30 122 213 82 135 233 
183 212 96 216 198 221 68 198 104 26 74 232 19 199 77 202 157 69 222 82 49 240 151 56 10 87 152 134 180 223 162 162 196 196 197 7 239 55 53 86 56 184 50 78 181 20 204 91 110 145 13 212 99 68 101 218 147 64 207 26 39 2 243 27 39 57 133 
105 135 96 181 81 115 178 221 73 72 107 132 24 141 147 149 72 49 212 130 138 39 92 50 41 244 209 11 27 180 98 10 34 135 109 84 232 180 153 162 210 233 208 171 20 92 11 150 120 23 35 66 29 220 52 92 224 69 101 192 172 51 20 76 170 102 23 
33 52 205 139 194 26 154 124 189 215 216 200 21 130 134 113 238 119 95 182 189 186 35 168 0 228 147 19 221 159 204 13 92 232 34 107 28 208 86 250 183 59 59 86 235 93 91 197 70 147 16 143 172 90 201 116 190 248 220 110 242 169 119 48 176 8 136 
60 67 62 22 103 38 31 113 169 249 62 4 104 68 153 220 64 11 225 196 218 78 138 138 150 149 127 203 141 232 129 158 178 151 71 11 170 242 114 164 50 21 109 242 41 200 107 25 63 107 228 121 184 227 23 149 149 126 229 150 161 108 209 159 227 238 72 
20 226 106 17 11 237 7 104 78 30 194 47 93 201 213 226 226 166 55 171 226 135 115 18 60 243 49 218 42 195 168 211 47 109 125 243 96 136 23 85 231 20 189 8 150 178 221 249 196 152 203 133 160 54 152 197 219 34 118 108 132 41 130 34 53 220 142 
61 110 142 114 114 38 151 123 26 79 245 19 88 45 17 105 212 159 115 243 104 151 145 218 208 210 162 88 17 171 210 2 52 236 83 197 246 52 192 155 0 165 38 78 102 83 151 209 207 149 126 41 3 136 248 161 131 239 226 211 19 141 69 164 197 115 10 
183 70 14 234 110 175 150 149 55 180 69 202 138 148 19 43 239 36 161 133 83 164 197 87 177 119 185 166 127 173 49 0 196 236 166 139 41 160 156 62 246 216 65 138 219 150 136 172 54 210 128 184 209 160 136 23 66 62 196 138 40 39 241 76 61 132 145 
35 103 147 56 136 0 220 57 231 104 159 7 49 109 121 236 212 69 234 115 183 125 11 117 11 195 163 151 37 176 114 209 132 96 233 124 76 34 249 101 0 172 44 115 40 236 149 36 36 145 161 78 106 125 163 78 226 19 126 47 243 20 212 116 38 244 51 
9 238 90 220 144 47 98 107 21 233 182 33 237 221 89 51 246 227 224 98 83 225 53 69 172 47 4 115 226 178 224 85 132 120 43 111 151 89 103 103 159 117 28 172 53 154 45 41 131 4 109 52 154 223 224 190 116 240 181 58 4 5 174 67 68 201 183 
97 108 34 82 128 70 149 231 162 50 167 160 134 70 103 218 79 128 16 56 28 175 57 162 22 221 102 33 167 145 173 146 179 20 23 206 239 167 188 175 12 223 142 100 160 191 233 193 225 216 117 238 187 165 144 68 52 64 57 245 152 141 222 153 39 223 196 
182 53 191 59 39 173 102 109 95 229 80 238 6 3 61 3 0 83 210 3 144 206 216 243 211 217 216 5 157 227 211 232 168 210 40 64 171 224 29 177 242 169 153 51 111 201 27 154 247 47 242 28 0 216 13 208 162 64 211 229 19 226 5 6 49 173 64 
158 164 153 2 218 75 176 133 14 13 78 230 20 29 160 174 197 82 8 44 27 15 184 143 160 250 149 86 117 59 178 223 91 191 54 77 166 105 128 36 50 200 244 140 210 213 201 59 164 135 112 222 246 238 9 83 13 161 187 180 219 226 13 245 37 118 238 
60 9 48 113 74 201 174 76 200 211 238 97 109 2 34 177 242 129 22 217 176 194 96 20 201 231 13 157 183 61 92 82 31 26 128 115 3 97 245 88 16 81 43 241 19 99 10 245 207 160 104 85 41 100 197 227 138 71 48 206 47 202 155 209 122 178 50 
