59
242 60 77 128 166 28 132 82 193 187 140 162 49 58 237 81 189 24 133 141 162 31 175 198 58 58 101 227 145 148 178 231 145 165 2 75 67 185 55 161 137 250 45 38 18 199 156 124 206 138 248 182 118 69 221 143 174 188 215 
209 153 67 238 162 117 236 46 37 91 211 240 20 52 195 3 177 84 35 230 244 120 180 225 174 210 103 109 83 73 50 83 250 81 200 124 202 236 56 80 112 175 198 96 142 137 166 152 141 16 248 73 219 59 213 144 95 46 184 
103 80 24 63 71 185 196 239 93 198 41 123 215 248 40 80 1 19 203 67 72 144 142 239 78 219 73 123 9 117 39 180 247 199 229 221 45 37 120 112 34 217 147 28 183 177 224 244 154 173 49 174 220 30 147 159 247 24 26 
129 28 142 189 178 58 160 63 2 209 29 239 186 154 170 77 75 245 60 150 125 33 98 62 145 114 138 237 69 101 22 128 77 76 232 219 200 30 140 234 185 7 122 60 146 114 132 245 110 151 21 187 195 71 138 144 55 216 129 
90 163 74 18 191 194 56 221 194 83 164 61 122 103 213 136 140 125 159 243 68 172 103 216 24 180 0 221 8 44 28 165 226 152 86 76 50 168 158 199 12 27 105 123 118 32 107 246 57 135 156 24 43 124 66 56 208 139 35 
21 157 14 203 72 204 92 185 30 16 230 146 203 152 134 127 95 124 238 142 186 120 192 71 77 178 115 96 176 199 14 40 196 142 108 53 196 91 235 194 242 162 172 196 83 95 208 110 225 142 90 11 212 66 1 38 102 203 226 
201 52 195 35 152 249 95 74 56 239 47 119 179 142 105 24 145 29 79 150 133 7 2 111 44 4 79 46 152 59 46 12 236 197 234 59 101 106 172 234 86 238 58 158 230 64 117 195 189 51 228 110 210 35 194 12 204 177 241 
164 124 106 111 55 154 6 158 204 124 124 147 48 97 183 198 120 102 93 25 73 56 219 196 156 84 165 44 150 189 240 61 71 95 141 210 154 38 86 38 98 30 29 96 236 205 117 20 183 134 58 189 163 117 221 192 232 143 19 
118 101 79 119 15 193 229 195 71 35 181 114 21 189 212 192 200 5 19 46 65 66 99 110 204 74 144 205 3 133 244 168 120 176 250 93 35 226 210 227 150 44 25 68 184 97 26 243 58 223 233 4 247 247 68 238 58 197 225 
81 240 73 184 89 84 83 52 120 95 114 4 152 62 202 112 48 103 104 212 193 16 20 1 244 99 226 179 165 78 102 203 122 86 227 188 239 175 41 212 52 40 239 36 226 221 27 145 74 103 121 84 20 166 70 227 80 182 99 
243 3 138 89 228 19 156 227 234 7 68 114 51 12 10 123 103 145 129 143 153 225 90 237 139 134 242 16 18 3 188 93 203 145 205 27 226 83 127 82 45 117 80 240 190 223 122 160 13 105 19 136 143 197 181 66 227 205 97 
188 15 202 90 8 70 107 178 173 117 154 224 147 129 19 230 176 160 209 137 146 234 135 94 241 83 148 111 237 101 210 25 127 236 22 106 220 10 191 33 13 28 141 207 215 28 211 246 126 93 83 130 209 144 157 118 126 137 88 
178 231 142 13 70 162 184 77 85 199 240 159 237 88 41 48 222 13 138 115 14 59 12 235 224 92 206 183 178 140 249 74 24 99 235 136 116 44 130 250 196 218 43 196 130 188 193 76 244 74 124 5 24 181 33 175 101 227 197 
31 0 220 92 246 176 103 10 219 97 6 15 81 58 57 166 76 84 56 35 246 30 38 160 64 45 134 81 122 91 120 220 165 7 146 139 69 249 125 101 47 82 14 155 198 120 195 154 160 200 8 227 9 91 137 3 103 141 20 
10 55 150 228 108 87 66 202 212 105 77 176 121 148 148 231 172 111 186 79 94 165 182 152 171 248 184 85 84 47 50 169 160 138 33 221 4 49 236 60 20 110 56 115 64 104 107 106 158 114 10 146 225 209 183 68 135 79 201 
196 199 42 165 48 136 52 231 140 142 199 0 5 68 116 166 181 200 206 198 174 1 93 61 130 22 37 38 209 12 223 44 194 53 53 119 210 111 142 205 11 81 69 162 59 140 166 111 174 6 185 72 41 119 37 119 164 73 243 
211 29 104 202 220 188 51 78 169 4 81 173 71 140 84 90 187 147 3 32 82 194 113 90 176 147 66 48 179 97 216 93 15 242 208 113 90 183 217 201 236 139 222 140 249 29 173 16 187 140 29 93 199 29 6 57 250 110 97 
42 52 7 245 175 183 20 92 152 34 14 154 184 77 27 116 9 178 239 218 161 39 113 74 181 87 220 91 102 174 190 132 167 23 29 102 23 172 46 79 204 48 196 168 77 211 15 2 139 24 4 189 110 223 118 229 156 128 14 
11 83 118 41 156 29 86 131 52 163 125 96 39 90 128 225 9 34 53 135 147 166 5 48 25 147 192 155 236 7 139 86 0 113 45 180 149 126 129 169 60 68 40 247 52 44 54 123 199 99 187 69 108 17 190 145 195 149 109 
14 53 18 102 68 242 236 133 118 66 211 98 109 238 154 2 50 91 109 21 110 188 168 189 17 220 211 227 65 182 177 96 25 115 150 60 192 49 245 140 250 184 215 83 133 246 176 215 145 71 176 166 59 227 14 180 127 193 144 
99 137 23 70 81 128 194 59 54 169 155 76 15 229 124 96 125 164 19 132 67 61 176 45 73 125 174 67 160 66 244 19 231 94 37 60 35 133 26 188 75 196 239 71 224 167 30 112 73 44 244 231 242 86 104 121 119 220 52 
39 100 47 19 13 204 165 170 40 92 48 30 156 61 64 183 45 191 125 79 128 142 147 212 47 140 9 232 129 47 0 185 121 13 39 243 221 111 195 217 189 238 204 248 176 182 224 97 225 94 63 239 120 96 80 176 90 219 241 
238 248 189 97 238 9 171 29 78 85 125 214 15 156 173 232 237 75 42 0 77 93 92 158 173 44 77 43 132 239 135 52 15 211 216 3 186 219 224 235 77 89 239 144 230 135 214 18 243 190 245 206 99 190 81 128 142 250 73 
112 234 110 184 45 146 125 166 31 173 172 31 158 97 222 197 122 231 136 136 113 78 127 120 139 92 71 149 79 139 96 11 38 56 146 77 205 64 156 224 140 51 7 98 129 162 18 161 203 30 250 6 242 45 125 136 64 132 141 
128 9 246 183 106 44 1 3 7 67 183 81 94 35 232 26 219 52 179 78 151 221 114 250 200 149 228 235 121 13 141 188 162 238 24 195 37 156 165 64 241 223 221 34 148 212 108 185 85 25 66 193 102 111 107 10 198 216 107 
229 198 141 227 64 140 144 118 191 107 74 168 81 4 221 150 43 131 129 208 181 203 191 51 81 103 82 40 239 52 167 132 116 38 40 107 8 153 18 166 166 246 160 211 131 108 225 166 222 180 162 216 9 122 218 174 175 232 14 
198 112 203 227 136 32 180 228 19 202 178 27 195 80 156 116 113 174 120 113 3 160 0 60 242 50 36 164 22 21 134 234 79 76 135 9 20 124 239 135 165 172 7 175 145 186 248 172 30 158 82 11 15 26 65 37 95 115 240 
230 218 107 174 183 34 151 85 55 177 243 43 161 111 89 51 144 165 114 203 159 138 22 74 178 23 86 160 61 75 185 148 240 245 202 70 97 23 19 92 202 47 20 235 41 44 172 95 84 208 166 246 238 153 233 134 23 44 239 
175 249 191 112 192 159 53 221 160 108 158 88 82 188 77 191 222 124 132 86 160 241 146 132 213 120 104 126 129 237 92 91 30 18 22 98 234 31 215 10 152 139 165 22 92 8 167 220 3 98 190 225 84 73 49 245 146 131 246 
52 150 188 0 226 145 126 200 42 192 242 47 14 143 224 87 128 75 45 230 110 48 60 128 15 38 9 2 230 248 45 127 191 238 147 127 215 30 34 101 164 216 229 21 12 3 186 80 207 215 222 180 213 244 157 199 22 41 71 
197 69 241 144 245 220 166 183 242 89 36 227 197 52 183 164 135 181 216 36 154 176 67 106 206 167 26 191 209 44 163 235 145 139 139 26 162 60 124 124 187 73 129 208 112 221 230 117 111 87 82 135 97 180 94 14 55 206 200 
153 18 244 199 67 88 220 177 144 222 205 46 22 169 182 75 146 155 154 64 87 212 98 52 246 131 24 65 249 192 210 78 9 231 22 149 173 250 14 96 78 52 83 49 208 144 92 201 62 26 26 167 149 49 117 177 94 31 170 
189 41 146 7 36 186 218 178 0 47 227 37 103 126 189 151 185 66 20 178 104 48 61 152 191 224 250 228 72 113 234 97 243 117 181 42 250 187 201 203 39 207 39 133 159 168 224 153 75 223 57 51 7 117 119 34 109 93 220 
233 220 185 92 1 63 206 82 231 23 100 205 49 153 1 83 49 223 116 70 56 6 138 90 90 94 197 47 237 213 48 242 161 219 234 115 29 110 33 228 216 103 98 237 218 176 32 187 15 87 12 103 56 85 81 17 222 239 229 
109 129 28 149 23 116 235 100 89 171 23 207 102 85 214 50 65 22 217 84 207 8 107 244 27 190 72 215 12 97 222 183 247 143 243 53 139 108 209 173 65 186 161 52 186 204 123 248 128 108 173 230 29 73 228 48 225 90 133 
214 82 243 96 154 111 72 87 63 26 176 129 115 37 79 53 79 130 37 244 0 160 154 111 14 21 85 232 28 55 106 135 211 175 12 55 234 224 136 19 248 240 229 239 87 154 166 192 18 164 69 69 218 174 190 44 50 11 214 
144 150 105 48 179 129 90 220 173 186 31 152 8 177 143 29 106 31 94 177 120 69 13 212 93 84 188 27 234 247 50 15 44 55 48 103 81 84 38 188 148 241 132 198 3 85 161 211 229 152 240 68 191 125 152 216 175 120 95 
23 30 214 249 125 52 163 16 86 64 75 29 129 248 189 192 246 135 50 210 162 118 246 208 186 99 233 47 51 55 68 194 36 126 155 127 3 174 179 184 35 190 171 86 46 26 41 120 38 169 69 193 73 32 220 41 208 53 201 
170 190 250 77 68 30 243 231 93 143 131 108 45 114 53 218 207 207 147 159 52 182 153 11 77 99 44 171 35 238 159 192 227 119 234 177 157 211 153 87 127 23 36 211 184 154 192 202 169 29 147 98 218 6 25 239 67 20 21 
91 2 242 17 147 14 69 102 176 86 103 114 246 248 27 232 149 203 203 111 149 49 16 51 51 114 238 140 101 239 111 105 126 161 45 220 117 39 40 249 137 27 193 44 52 111 245 109 147 89 101 170 54 204 66 191 52 77 202 
10 110 81 225 7 173 175 94 103 21 241 248 80 8 27 132 246 215 75 121 234 19 156 220 16 90 176 105 102 70 165 185 149 165 112 193 159 193 210 46 223 82 46 26 2 182 1 123 13 43 231 250 184 84 171 156 215 228 185 
54 179 99 77 18 90 92 237 155 103 93 90 160 29 130 111 76 250 200 186 222 116 63 19 162 69 244 194 206 204 22 9 99 206 182 61 78 192 71 90 48 180 165 128 181 244 62 93 188 115 133 199 71 164 183 236 46 163 217 
89 145 89 151 86 154 172 245 92 165 105 44 115 190 140 213 173 54 119 58 21 225 189 174 79 7 78 95 168 161 213 238 117 94 140 201 53 6 159 200 33 42 74 188 66 163 1 236 174 226 81 210 110 224 62 67 177 165 1 
156 82 190 210 58 241 230 119 165 213 2 62 28 180 36 115 81 27 172 129 19 204 234 132 45 84 45 58 180 206 61 207 107 231 26 162 17 124 104 242 147 125 226 243 205 145 220 210 37 138 71 186 69 246 147 188 240 8 55 
137 125 208 201 168 168 236 140 167 42 134 198 46 149 243 106 105 89 248 68 11 146 138 63 76 186 46 238 158 63 70 138 187 66 151 30 220 204 106 155 221 169 91 228 141 184 28 61 224 91 133 146 5 48 151 101 229 208 175 
14 168 154 77 117 86 88 139 84 49 12 151 212 231 139 60 124 8 153 233 20 88 61 132 174 207 68 145 169 68 232 202 60 103 246 27 11 170 140 125 214 5 210 246 21 40 16 80 217 236 3 210 173 74 48 228 16 132 52 
201 249 235 188 113 78 200 182 244 19 62 69 184 20 6 26 130 0 224 188 94 175 220 186 4 64 199 44 42 236 172 3 48 198 73 43 128 183 215 221 201 101 132 13 124 72 61 64 47 52 230 150 144 8 40 160 29 99 22 
126 162 84 76 79 48 57 225 154 201 132 187 83 230 232 71 164 98 133 120 18 134 163 145 23 22 45 101 25 228 13 50 163 104 21 245 226 184 110 2 210 33 57 217 6 80 55 35 178 78 47 240 121 234 163 38 189 191 138 
96 183 41 141 143 143 109 89 79 27 35 200 173 209 123 159 5 44 60 228 88 124 97 122 156 186 197 112 80 101 17 54 30 202 18 159 84 9 159 93 204 136 16 177 170 59 14 77 161 50 98 140 163 57 138 149 161 33 154 
49 159 149 34 81 187 239 238 240 51 3 176 19 211 29 100 157 240 118 160 51 177 9 207 210 128 87 95 78 153 28 114 171 243 8 29 198 149 108 178 171 183 101 151 66 39 56 57 102 221 246 162 234 106 67 198 104 175 178 
100 213 13 177 20 104 34 35 15 196 60 155 177 167 12 44 164 52 59 143 217 63 165 244 74 20 249 21 91 109 118 145 89 207 80 226 59 23 132 152 126 245 169 174 110 193 248 221 143 152 143 74 172 112 121 99 0 237 184 
195 144 204 62 126 160 65 205 50 43 228 225 127 59 105 22 34 62 171 140 131 83 184 36 50 173 158 239 203 170 36 77 111 51 197 209 200 250 99 154 41 242 106 244 59 192 211 208 70 151 72 7 57 231 54 22 85 192 116 
247 125 80 70 65 97 203 201 76 196 250 29 45 210 91 174 202 194 107 132 216 62 128 218 209 247 52 191 155 216 150 122 59 232 195 112 72 22 142 44 160 0 51 209 46 74 156 125 168 134 88 77 87 22 244 179 85 221 174 
229 153 192 121 51 93 185 166 68 3 114 124 35 27 14 232 161 226 191 194 222 74 145 115 120 244 166 221 59 177 26 123 111 94 77 27 227 72 236 24 149 20 17 1 158 23 115 62 87 187 240 193 192 21 249 8 194 62 118 
104 249 168 19 212 204 43 147 10 20 3 145 161 12 76 138 197 50 116 149 116 106 175 163 156 106 227 247 225 192 6 60 55 152 172 39 64 57 190 151 88 241 86 231 9 8 87 184 114 241 98 120 206 131 196 223 210 76 248 
236 171 21 8 105 215 91 17 176 14 170 214 215 208 151 89 156 151 67 64 109 122 196 79 247 26 160 77 74 22 156 193 161 182 77 72 75 76 167 122 136 225 186 213 115 86 3 172 143 127 125 226 139 77 135 242 137 32 238 
11 152 125 11 227 52 130 151 36 16 212 186 202 63 221 108 75 70 78 64 140 56 36 192 201 164 65 158 70 231 89 160 142 237 105 145 26 8 65 250 101 131 30 123 212 76 58 42 36 47 149 197 48 192 85 36 168 234 49 
217 115 102 219 247 37 181 89 143 31 31 234 191 186 22 150 244 181 238 174 216 75 104 34 13 238 18 113 142 216 57 140 107 28 52 38 148 140 214 123 211 156 174 103 155 15 180 36 100 182 24 191 146 207 51 98 234 194 196 
27 198 233 79 204 65 94 174 87 110 179 111 162 205 38 36 22 156 151 190 49 214 135 88 86 132 231 159 158 212 146 56 247 238 228 116 147 31 235 119 58 26 59 202 159 248 40 186 119 212 56 163 84 169 3 80 184 18 32 
