45
214 1 39 96 240 44 225 198 86 242 152 70 157 171 205 154 163 83 61 169 246 153 134 140 215 140 25 73 79 189 139 28 218 151 75 160 180 183 173 228 194 174 104 243 185 
224 171 113 59 201 33 182 29 241 47 108 54 85 100 97 240 206 32 246 67 69 51 185 231 14 154 239 155 129 29 153 120 224 243 116 40 103 247 106 146 41 126 70 248 189 
21 235 136 211 164 106 212 99 6 161 180 102 132 99 7 17 115 8 117 188 126 52 27 90 49 249 60 232 87 114 27 164 180 145 184 121 241 213 55 239 212 104 76 136 184 
79 78 50 46 182 75 7 104 11 7 99 34 107 203 238 3 189 102 85 8 156 167 192 182 82 73 132 76 157 119 182 151 17 52 106 17 101 129 35 27 194 26 82 22 218 
48 245 29 219 158 48 168 147 238 136 22 170 245 217 3 214 13 8 217 98 166 149 122 42 100 153 237 210 168 139 107 88 154 188 144 0 11 178 74 39 95 65 68 214 1 
116 65 169 106 16 118 224 135 1 100 80 218 229 24 218 115 34 248 231 217 41 100 165 22 230 225 46 221 119 190 129 33 218 81 144 76 107 174 34 101 207 101 167 131 146 
108 240 200 148 58 101 125 143 100 111 4 106 144 166 192 209 83 69 59 250 227 141 225 151 237 199 116 126 31 116 130 98 34 183 191 181 15 8 236 173 211 47 90 86 72 
15 219 40 202 16 73 106 78 89 157 227 81 226 127 61 185 132 95 68 147 66 149 25 83 26 112 147 135 130 188 16 24 242 160 14 156 89 105 169 28 8 245 177 203 17 
90 85 37 38 118 219 236 24 88 45 49 91 72 110 199 40 183 94 101 164 35 96 65 237 149 40 192 43 74 13 238 39 102 56 27 62 199 123 121 176 206 210 145 39 176 
160 224 40 35 206 143 203 201 178 105 242 113 194 5 35 136 192 39 68 20 126 249 13 74 23 25 132 239 55 163 163 109 145 42 185 95 10 230 15 63 204 145 8 164 71 
67 196 92 234 130 193 64 248 185 235 230 134 86 92 101 215 250 0 231 101 135 139 7 186 10 237 96 206 245 63 109 226 229 47 227 140 133 118 1 8 240 96 211 11 192 
186 169 189 32 144 189 15 21 150 20 185 216 193 108 232 210 233 32 111 36 90 221 29 182 171 247 156 233 226 16 219 146 129 2 62 43 237 45 188 4 155 67 170 183 169 
5 62 167 172 15 63 127 108 232 124 146 82 111 143 168 115 37 74 22 69 116 58 206 69 160 188 8 199 204 10 224 44 42 123 74 135 127 88 181 48 46 104 85 45 18 
235 78 246 1 180 105 158 58 138 220 85 25 78 39 165 22 250 151 190 106 196 16 54 202 38 144 27 49 189 97 213 2 188 212 49 37 192 152 66 235 178 3 159 40 243 
22 217 40 97 206 127 110 46 243 211 74 160 147 200 185 150 250 171 229 154 226 146 69 124 163 79 143 57 210 53 206 3 27 219 225 245 147 80 67 215 150 234 206 106 8 
244 231 61 36 178 165 238 67 210 47 87 175 121 172 238 127 166 250 8 11 226 124 66 9 248 118 54 229 126 215 168 42 133 100 39 201 16 28 193 219 9 203 179 55 182 
34 56 125 115 121 207 61 104 120 244 181 116 203 185 36 204 189 167 123 9 158 236 71 140 141 77 139 145 19 10 142 79 47 52 179 171 66 89 191 119 227 117 207 79 187 
88 210 243 153 240 225 66 50 79 60 204 157 65 216 2 245 74 84 55 65 234 181 59 86 75 20 172 9 39 244 53 224 115 67 40 94 45 171 8 59 92 223 30 160 11 
192 106 157 102 199 153 86 248 221 246 159 54 1 178 110 46 144 223 194 114 166 58 62 20 231 129 231 247 228 186 72 167 237 24 61 89 201 40 117 97 232 37 232 210 217 
45 21 196 85 202 44 236 146 189 172 31 172 124 173 183 182 29 37 140 51 95 177 123 92 175 163 57 84 27 30 153 243 11 170 38 140 60 35 240 238 194 209 212 131 154 
48 29 156 158 53 121 132 178 194 242 110 240 232 20 85 134 211 201 75 182 50 147 108 233 167 219 106 97 55 220 133 119 44 54 79 220 195 46 118 121 38 129 148 32 35 
13 228 241 79 195 189 212 214 134 45 78 186 75 81 8 84 206 44 151 186 167 185 79 144 135 9 118 76 29 109 76 62 98 247 111 92 230 118 219 99 214 199 183 4 183 
107 2 142 236 58 182 196 226 94 110 20 134 139 87 62 74 149 133 168 50 75 154 216 200 59 243 248 132 213 112 93 176 157 179 208 24 248 36 22 82 40 17 194 26 93 
93 194 194 165 200 162 130 133 239 77 47 217 241 187 129 140 138 223 37 199 74 112 27 90 129 234 99 31 15 191 146 123 9 15 212 24 231 187 233 176 42 150 185 30 28 
20 21 12 208 222 19 188 242 69 173 144 137 112 195 85 248 117 201 15 132 145 70 73 238 154 130 28 216 227 57 167 97 140 87 240 103 92 247 114 91 95 187 133 151 250 
112 165 1 156 240 88 205 70 131 164 21 112 149 220 37 30 137 165 58 61 217 182 240 165 30 155 116 62 195 203 39 61 216 39 108 211 73 167 165 195 19 163 83 241 160 
126 51 227 157 21 170 36 2 60 73 155 89 45 34 172 142 220 195 180 53 81 172 67 0 235 173 234 115 160 84 115 136 242 234 5 125 101 100 108 70 140 245 114 195 192 
41 124 134 51 118 133 80 2 181 70 210 141 109 144 113 35 88 185 203 20 75 158 167 197 102 164 69 194 45 53 214 205 242 117 121 161 2 199 108 113 19 107 149 56 58 
156 219 190 93 199 216 84 127 245 107 155 146 198 108 21 173 146 161 108 118 17 52 234 228 183 65 241 4 177 0 232 27 217 20 211 88 155 41 87 199 24 228 144 76 87 
190 122 69 65 69 69 34 72 233 94 65 161 209 104 68 51 242 187 134 13 13 15 180 68 62 151 158 206 33 228 22 174 12 181 236 8 229 91 186 152 229 221 39 96 168 
155 181 124 214 217 209 10 83 247 95 221 96 144 13 110 66 89 238 239 224 158 71 77 208 241 140 194 71 214 54 78 199 138 24 189 109 160 145 11 36 222 208 118 226 157 
114 67 231 133 201 67 166 2 239 31 95 25 21 9 14 115 63 209 179 187 42 194 151 189 177 196 195 239 91 203 155 151 160 110 80 31 12 144 45 99 159 224 94 39 167 
8 87 11 167 31 56 172 42 69 169 148 46 5 202 210 233 167 4 204 0 93 201 232 166 3 154 204 194 165 13 182 214 203 111 51 7 193 123 182 43 189 163 79 115 244 
2 230 64 91 147 245 34 129 203 239 27 89 207 220 71 7 96 230 40 121 59 46 76 200 165 177 96 3 139 117 188 55 13 140 44 189 236 216 189 149 128 130 233 227 200 
235 90 60 32 198 218 81 211 230 96 134 31 141 5 113 78 5 71 72 145 242 112 147 123 223 127 88 188 103 239 208 229 93 29 9 22 50 78 243 41 67 173 193 226 145 
43 21 208 106 169 20 90 39 247 158 26 142 181 128 229 166 249 37 114 153 213 79 68 100 73 23 55 174 73 223 159 182 225 234 249 241 83 231 119 109 112 47 86 237 44 
39 213 124 114 26 45 236 191 156 250 153 22 168 48 0 21 62 191 22 40 88 49 109 9 239 47 21 224 44 181 223 236 91 102 72 10 38 249 88 114 155 51 50 41 232 
165 83 127 171 244 21 99 42 29 47 106 218 133 94 154 36 82 75 99 42 36 61 35 38 229 171 8 24 25 83 24 215 69 10 170 36 89 102 5 101 145 118 41 40 222 
162 80 149 217 174 174 126 131 113 91 167 219 112 0 147 117 243 72 104 91 86 5 171 98 189 68 214 191 98 118 213 77 243 105 152 103 175 128 238 50 78 81 172 27 45 
58 149 152 23 86 25 228 158 192 104 233 230 149 202 110 31 243 36 157 14 169 95 89 221 80 138 34 28 111 107 125 162 164 123 169 53 116 4 152 34 111 76 215 177 158 
89 180 136 54 206 155 246 107 110 247 78 103 132 79 88 88 138 130 12 52 157 236 132 176 64 203 199 153 209 212 41 169 154 221 37 170 198 131 5 15 145 4 200 226 7 
48 103 20 188 184 98 66 208 130 75 163 127 81 191 109 167 181 137 74 95 240 64 113 150 105 135 2 103 40 60 192 140 74 131 92 166 114 161 218 222 126 243 93 178 39 
129 3 154 5 107 215 175 39 228 41 55 191 99 52 126 227 235 223 35 188 64 126 217 229 175 205 220 146 204 179 208 85 65 35 43 41 80 46 138 74 67 71 84 49 29 
219 34 144 91 46 149 163 212 150 57 65 61 109 225 28 121 219 250 65 162 18 246 239 158 128 191 65 25 208 6 234 193 63 97 26 223 239 228 208 108 204 149 234 199 78 
41 138 197 30 32 51 221 217 85 152 95 4 136 117 61 161 32 211 131 39 152 125 202 6 18 156 43 156 122 59 171 16 198 120 154 72 166 128 110 151 191 76 178 33 22 
