70
124 114 143 53 11 94 105 195 95 107 141 160 105 70 173 137 201 83 90 97 53 13 175 237 115 214 193 13 50 87 113 191 110 216 97 92 163 101 70 189 50 121 79 83 245 172 0 219 11 72 88 186 130 71 158 38 210 232 10 240 38 189 226 91 24 243 73 231 250 128 
63 31 238 6 105 49 44 180 75 115 58 32 84 91 61 137 143 219 72 160 131 68 147 88 214 4 184 246 97 149 47 98 165 69 120 131 175 75 166 170 78 189 136 229 60 78 26 165 137 179 46 84 116 172 194 67 145 209 43 166 105 244 71 191 156 10 50 222 169 174 
232 75 136 150 232 164 133 143 158 238 21 146 196 180 222 25 144 95 200 201 81 68 161 215 137 161 156 195 8 174 137 139 84 74 123 119 30 119 15 230 106 195 116 229 231 156 75 60 40 56 183 149 98 14 55 217 244 14 114 170 12 105 175 207 110 43 227 145 190 120 
216 39 103 141 15 21 226 10 55 110 199 241 113 143 25 27 236 24 36 234 86 86 222 6 47 143 85 164 39 171 150 96 45 101 127 36 33 107 229 170 140 132 74 60 210 25 66 156 105 183 111 93 51 66 215 156 50 139 197 99 70 82 54 214 203 186 132 78 202 25 
44 246 44 49 249 78 174 27 83 42 225 247 151 55 185 166 13 105 240 242 3 94 9 78 238 43 35 90 159 56 163 158 242 17 178 176 137 206 152 177 13 222 28 167 13 98 220 150 17 107 31 65 241 162 72 104 182 92 139 242 43 54 37 176 84 31 243 106 218 152 
223 139 116 138 60 174 167 13 132 235 138 136 237 36 99 235 155 102 4 88 173 227 27 203 43 42 20 109 247 193 210 170 134 25 110 126 30 60 52 76 115 206 86 245 51 93 145 200 178 136 154 231 241 46 214 174 152 133 103 139 14 211 24 160 226 120 73 108 9 187 
142 185 203 85 229 189 113 228 118 204 153 74 87 65 28 44 181 20 14 215 64 232 245 208 173 115 219 70 206 43 205 133 16 99 229 145 131 156 224 204 203 111 100 155 235 72 213 139 135 220 162 170 169 175 234 135 153 200 129 6 118 208 60 106 54 145 213 6 220 167 
169 243 86 116 63 234 215 8 211 44 112 72 232 64 27 104 198 205 191 117 125 21 244 126 132 25 6 161 54 33 106 72 206 86 74 227 204 146 200 44 225 13 115 246 18 87 173 250 47 195 159 140 61 6 152 157 149 42 222 79 143 25 246 23 237 16 176 101 58 94 
124 197 130 155 151 246 91 122 200 34 21 180 168 32 34 75 129 104 160 93 40 30 20 233 5 184 170 165 153 250 40 226 90 150 110 62 151 25 249 163 177 70 146 105 176 20 58 218 225 191 217 73 41 221 55 233 160 75 76 85 213 42 71 167 79 211 176 225 200 239 
70 72 238 148 223 148 204 152 159 184 1 163 150 115 127 39 215 236 246 209 179 223 248 195 192 94 163 228 123 133 185 93 186 104 224 43 125 227 128 8 152 177 81 42 238 118 97 52 121 233 144 247 132 243 166 241 157 90 80 100 151 221 65 215 33 176 12 96 15 229 
102 171 127 196 39 203 113 176 15 4 62 89 34 0 102 222 213 69 18 46 198 151 154 150 62 161 28 13 103 210 205 56 44 14 127 97 86 188 94 135 124 235 113 213 148 226 150 86 99 102 102 119 37 14 165 118 230 244 99 83 92 129 7 83 154 67 79 92 128 145 
222 193 104 233 50 191 46 192 104 44 82 79 234 7 238 96 71 181 191 22 139 126 211 12 209 195 43 69 30 167 76 101 87 30 15 36 202 212 105 53 27 135 177 151 237 123 197 159 30 221 197 68 154 114 27 211 108 1 146 146 15 144 175 2 10 5 182 142 221 178 
132 16 125 111 247 19 51 191 117 177 158 28 161 221 102 39 170 238 244 83 87 124 90 21 52 86 229 11 212 112 101 101 125 100 138 106 236 216 20 50 240 172 27 164 51 43 214 233 142 1 77 154 221 104 45 243 158 60 192 135 245 123 164 30 162 217 94 130 56 229 
92 234 135 201 244 43 239 233 230 65 52 223 197 242 238 228 96 234 30 121 244 152 195 87 129 39 127 113 111 181 163 32 71 204 92 82 68 0 168 121 135 153 238 65 173 161 110 21 206 151 64 119 147 182 49 200 45 9 38 7 246 126 49 201 59 80 246 58 82 171 
91 79 245 0 134 156 156 76 31 198 32 42 156 103 208 220 156 200 77 150 120 244 238 150 8 90 211 112 7 155 167 41 242 211 140 136 124 209 181 187 45 169 100 229 83 206 118 179 174 143 238 103 175 140 45 39 75 150 163 180 5 96 244 239 116 37 241 29 232 10 
91 51 215 51 23 108 19 89 86 150 128 156 204 242 219 192 100 98 214 83 26 247 223 13 126 233 65 177 210 196 158 169 202 82 1 238 228 224 64 76 31 28 197 200 250 145 128 233 32 188 117 60 25 91 44 215 79 175 186 187 74 14 202 135 1 223 177 31 42 27 
188 224 10 245 205 57 213 179 104 92 190 84 105 185 67 167 10 31 88 242 49 73 111 153 104 49 7 236 7 199 88 15 248 0 204 106 109 224 154 85 158 3 224 55 182 169 35 6 16 11 202 212 21 244 59 73 31 52 11 68 240 161 11 168 237 134 167 138 114 201 
246 78 173 237 96 178 68 129 199 27 178 173 19 228 212 23 230 1 223 71 78 199 126 172 183 144 144 165 135 106 64 249 121 84 111 140 86 240 80 53 229 4 224 201 26 247 227 19 170 127 147 72 204 56 32 138 119 53 69 147 214 219 165 51 223 191 22 137 119 138 
57 40 31 219 83 16 199 54 174 31 191 139 76 80 15 13 102 179 90 219 159 185 167 165 93 102 2 116 15 14 140 186 110 93 167 165 197 190 51 159 126 138 31 217 129 250 134 6 93 10 0 233 217 69 212 31 96 242 188 184 122 217 115 18 245 120 17 53 231 41 
219 88 77 15 112 212 26 235 14 45 48 231 122 175 136 77 97 185 68 232 29 209 178 69 179 21 240 146 140 206 51 12 45 161 85 244 231 47 55 0 165 218 79 129 125 38 209 166 213 103 213 104 147 159 15 173 92 89 32 83 188 100 86 8 247 54 204 80 223 42 
98 179 61 154 176 111 196 124 190 79 39 17 250 170 69 108 163 126 106 129 84 156 125 40 115 166 185 225 2 212 126 138 101 106 56 83 199 66 141 44 168 177 151 149 181 101 158 173 181 197 26 61 125 192 137 72 12 94 229 62 162 183 120 241 38 180 105 16 85 84 
33 202 202 217 115 49 37 108 36 9 16 0 249 77 80 41 175 4 67 211 104 64 195 77 224 140 221 189 59 133 8 239 239 201 230 243 141 40 240 132 240 143 192 59 211 112 111 42 146 112 215 153 70 43 177 14 250 94 189 179 235 102 42 107 196 34 222 72 52 226 
197 245 51 135 198 73 64 14 73 25 85 88 18 3 81 61 248 109 162 92 48 101 130 204 169 44 55 33 243 133 140 129 104 12 217 63 83 69 214 183 213 197 90 43 229 234 120 40 136 152 162 102 69 167 107 238 83 125 159 124 153 225 172 66 101 109 190 220 73 158 
191 31 130 55 221 135 131 134 76 2 98 92 185 81 203 167 246 137 92 122 78 12 24 55 23 117 127 229 104 206 140 29 32 173 74 207 94 52 245 47 32 58 2 127 237 102 131 171 95 37 147 30 233 4 71 163 72 74 98 182 118 15 130 224 7 9 58 209 241 113 
95 172 121 65 149 122 13 4 163 10 15 187 182 238 189 30 145 45 11 111 53 121 147 193 96 204 117 152 133 67 230 67 199 17 106 10 246 228 64 185 144 73 210 230 35 137 229 238 215 35 143 40 43 147 52 12 105 140 149 84 227 238 35 47 107 199 130 90 207 136 
209 51 194 32 67 97 174 77 48 225 12 184 152 92 203 100 130 68 64 225 115 200 121 122 45 158 132 8 201 139 129 208 227 12 134 210 112 231 77 25 188 221 126 74 42 163 34 114 197 2 166 79 58 169 182 167 6 54 134 37 235 82 183 195 238 96 21 32 114 226 
234 123 242 130 155 250 187 87 250 196 64 97 23 246 85 9 163 160 170 128 89 159 208 11 44 158 77 154 127 190 113 193 123 239 114 122 232 112 192 231 15 105 156 36 248 81 39 196 122 187 10 200 229 157 76 123 236 135 112 42 167 225 229 218 192 29 183 174 29 195 
115 120 79 63 30 114 133 135 111 69 182 215 232 246 133 38 171 54 99 125 3 197 196 6 72 120 248 82 211 32 237 122 163 20 75 18 225 87 46 204 73 58 31 113 156 196 223 31 130 73 196 115 36 108 123 216 177 126 235 47 230 136 82 67 24 43 12 198 123 67 
212 147 139 118 188 233 4 151 99 1 95 209 107 227 38 206 177 234 198 172 223 80 43 48 232 98 201 10 103 228 120 237 139 109 1 63 182 242 198 92 17 132 74 174 139 133 202 205 234 169 41 8 51 227 112 79 67 211 170 147 121 89 248 149 128 184 76 155 1 54 
208 168 17 31 92 145 107 16 128 214 9 103 48 59 207 37 113 193 224 140 160 139 72 55 141 197 63 97 250 91 205 190 150 140 14 2 65 153 172 159 160 161 140 25 163 132 102 226 31 19 152 26 188 71 230 61 228 180 192 52 242 23 230 157 13 54 69 181 31 52 
68 39 153 236 100 37 64 239 235 217 60 41 94 244 31 109 139 159 155 232 164 37 158 214 72 166 237 217 114 154 177 75 230 89 95 141 241 43 64 238 113 102 62 235 97 231 30 242 108 215 55 85 122 0 41 19 204 93 90 195 127 138 203 100 167 170 202 138 105 73 
5 38 208 64 250 5 171 106 223 58 229 169 170 148 203 19 23 184 50 163 243 85 200 14 33 209 106 88 151 136 229 235 64 179 49 53 112 80 87 141 21 236 82 82 100 91 188 192 170 176 241 16 143 230 75 8 121 158 245 68 213 211 157 194 164 223 94 27 155 25 
76 194 193 219 89 198 203 227 53 227 64 129 41 163 134 2 0 147 170 41 77 74 92 25 134 130 109 153 142 37 199 121 72 152 162 141 201 207 112 169 68 190 11 200 160 222 108 9 41 194 156 237 243 59 237 150 16 162 90 128 230 86 141 129 86 186 130 96 138 83 
40 205 244 41 182 1 57 198 112 185 16 177 78 205 12 184 95 174 42 98 49 109 236 232 196 78 103 180 156 72 221 127 188 216 166 43 201 105 96 112 202 192 102 127 101 213 74 183 112 199 121 86 127 75 64 225 245 131 114 121 124 108 48 139 196 192 225 3 158 50 
120 9 17 157 192 57 41 190 173 181 154 174 244 85 63 188 41 242 151 111 152 189 138 85 181 249 238 239 187 145 61 87 196 183 195 34 66 239 162 124 156 124 77 56 72 35 219 11 10 4 232 89 78 128 184 208 191 35 49 111 223 187 24 145 32 112 157 116 154 39 
77 112 158 57 188 0 219 238 93 52 67 188 243 96 191 165 156 177 193 144 61 141 80 170 216 30 103 87 82 102 118 19 168 183 122 108 2 163 216 150 236 132 63 197 57 88 118 146 97 16 114 118 217 229 123 105 249 64 117 200 236 178 240 153 175 18 150 46 1 204 
142 70 28 139 231 207 38 163 115 33 157 120 51 126 199 62 67 208 206 227 144 71 236 248 213 144 207 81 116 141 192 45 86 207 245 121 154 134 242 192 11 31 136 91 26 95 79 76 219 199 58 0 29 232 22 5 244 70 86 167 43 94 106 120 128 114 97 173 141 35 
245 158 80 36 197 157 231 156 98 124 175 12 61 20 205 42 234 0 78 5 114 11 75 0 68 218 4 137 71 53 71 157 88 91 0 246 31 81 42 154 132 221 23 136 4 164 90 153 227 45 132 194 81 207 210 199 98 197 216 64 83 104 158 194 215 156 105 73 205 5 
99 86 70 69 195 239 238 242 74 216 218 234 195 138 199 10 243 199 55 38 225 192 214 190 97 184 130 220 119 132 102 63 143 114 184 231 43 240 71 192 213 113 34 73 50 54 145 28 49 138 70 205 243 80 149 4 115 104 103 111 212 220 3 112 22 124 174 177 144 188 
127 47 232 80 94 19 14 248 233 246 53 114 250 67 50 166 64 182 16 1 204 162 191 249 219 129 47 19 19 83 121 225 23 154 111 44 66 226 77 3 75 237 105 21 51 68 127 153 237 184 52 174 5 231 59 184 94 162 130 181 105 6 135 234 85 181 36 119 231 144 
208 198 111 67 43 52 201 182 136 32 20 25 30 174 167 23 111 65 167 177 175 72 110 227 205 211 16 57 14 120 199 59 143 172 249 22 38 170 84 224 122 61 103 49 226 70 119 225 164 160 182 166 137 113 52 65 133 221 22 191 122 192 20 103 30 56 25 21 3 96 
196 168 237 17 78 200 237 243 232 19 111 155 226 135 195 30 55 207 180 115 27 56 42 71 100 179 13 54 71 78 53 69 118 247 89 155 83 200 108 4 215 14 115 166 175 76 202 65 80 23 24 190 181 95 248 48 132 64 25 66 26 241 164 58 208 217 157 217 59 183 
175 13 119 244 134 236 5 102 66 244 206 160 24 162 242 176 18 111 201 59 38 193 229 20 45 98 186 124 240 188 22 116 4 213 8 36 228 138 26 185 137 135 143 152 8 81 172 144 76 54 208 249 41 213 243 184 18 113 123 176 41 62 49 120 13 141 49 14 80 215 
152 49 88 226 196 40 107 60 121 197 170 230 16 160 193 224 219 49 120 97 82 153 30 14 126 136 32 19 65 115 132 104 10 128 143 175 75 203 13 60 20 59 223 103 42 192 9 51 41 143 121 62 156 202 157 124 237 12 167 100 143 140 112 173 4 25 157 100 4 121 
87 205 55 95 79 215 61 58 225 30 86 124 245 48 20 154 170 202 123 72 61 148 25 34 119 194 56 102 20 95 65 90 152 205 28 70 31 65 141 68 68 18 200 106 105 221 177 131 224 38 98 39 135 227 163 20 227 197 149 15 58 20 155 137 240 247 219 233 88 31 
1 123 85 168 94 50 202 14 166 84 239 214 243 29 242 150 230 55 248 150 151 201 12 198 37 212 119 2 110 35 225 166 73 216 61 114 56 176 52 180 101 75 141 37 248 83 226 105 214 189 205 28 205 145 82 81 53 80 16 70 30 96 142 130 57 240 250 86 53 60 
59 144 219 120 6 30 111 110 163 246 150 9 216 30 52 176 148 203 196 105 142 72 221 82 144 118 38 70 235 188 78 220 44 36 151 16 166 35 184 23 66 33 181 10 5 167 218 51 158 191 147 183 83 45 217 197 2 200 79 155 199 191 184 205 2 131 234 136 166 119 
79 83 106 178 236 81 196 17 195 125 150 55 190 242 45 195 19 63 24 215 209 178 115 241 107 43 135 79 77 10 238 240 195 24 75 42 12 184 117 218 100 227 7 208 98 33 10 240 33 189 104 189 163 28 30 138 181 1 238 110 174 123 100 30 59 236 48 233 133 146 
192 161 123 183 117 209 215 46 190 141 6 172 166 207 82 112 163 154 121 74 47 110 12 10 210 91 90 129 181 31 84 245 165 16 128 208 237 91 148 234 20 21 6 139 39 142 3 31 61 15 121 138 136 239 29 190 93 224 179 131 227 139 40 166 132 245 199 176 9 80 
209 217 150 25 235 228 238 77 72 105 128 86 185 217 26 69 23 116 184 68 242 136 21 202 237 181 234 134 228 35 236 62 237 69 228 179 217 20 162 17 47 50 227 110 109 118 237 207 23 192 88 237 122 233 78 72 95 107 70 219 149 209 30 203 107 61 70 37 206 56 
101 123 203 24 118 118 195 147 215 129 123 0 93 188 148 207 218 103 194 212 206 91 5 182 2 214 176 113 78 43 53 166 226 131 208 85 126 224 43 241 57 171 236 171 103 173 231 37 50 114 241 166 216 158 94 49 214 148 210 233 46 131 113 180 30 100 187 28 52 52 
203 185 114 236 129 3 183 188 85 127 209 151 242 220 29 17 136 41 114 116 192 65 230 67 105 105 235 212 127 198 175 100 144 73 18 9 158 96 55 155 104 129 129 146 150 155 4 181 201 217 80 114 191 194 58 147 128 83 152 178 140 129 166 98 109 250 184 245 248 245 
185 6 151 161 130 114 15 109 21 47 178 64 8 178 101 95 246 147 143 31 53 31 142 107 17 8 5 86 133 231 39 61 236 204 0 39 131 78 63 244 50 206 155 135 250 194 106 107 121 188 156 155 188 158 175 236 43 124 129 58 154 60 179 31 97 117 99 208 46 120 
208 241 0 196 206 169 123 200 57 132 193 43 136 30 8 174 7 51 105 100 142 248 152 83 244 110 250 76 38 167 146 169 193 225 107 154 111 187 170 233 183 179 119 185 174 238 217 171 91 1 125 121 218 59 228 212 92 92 131 80 72 52 139 35 0 118 20 171 53 207 
58 101 30 199 215 216 68 213 88 103 219 233 144 23 58 28 4 191 71 102 148 224 177 13 243 157 135 165 10 85 1 108 80 69 41 131 124 247 83 244 75 8 182 165 172 45 57 139 13 77 57 173 159 159 112 65 217 103 246 227 189 69 217 26 198 137 193 36 150 65 
199 245 205 13 149 204 238 40 133 101 215 226 214 96 31 189 9 218 66 126 241 208 65 164 50 17 127 127 173 31 119 132 143 166 169 40 36 189 1 23 44 12 0 218 34 109 201 129 134 17 103 124 134 1 222 149 154 58 36 3 58 92 165 0 214 143 179 92 104 84 
88 133 213 182 204 172 242 206 32 121 36 128 137 206 197 244 247 57 18 105 141 157 145 192 39 238 189 82 152 196 57 3 37 10 131 67 226 24 15 135 151 80 78 20 55 126 215 15 158 156 214 88 60 11 165 170 79 207 103 185 190 166 173 222 8 240 44 152 5 114 
45 236 3 44 207 42 58 146 24 94 161 115 29 138 224 213 226 228 11 63 11 249 232 241 118 243 245 78 221 177 74 158 154 219 122 179 136 245 47 78 208 77 32 199 80 71 157 48 13 58 147 125 35 94 153 77 18 13 112 239 141 29 33 43 239 228 122 210 15 168 
72 217 204 84 12 90 93 103 83 116 190 225 145 164 156 208 100 20 204 219 2 30 175 234 116 16 31 76 218 82 25 87 46 204 143 154 200 193 55 174 121 40 158 212 72 164 47 109 235 162 59 78 126 209 97 36 52 74 245 188 18 8 169 246 4 85 187 96 110 156 
44 240 172 3 4 95 20 207 71 149 125 175 247 204 236 204 53 95 91 239 100 97 164 1 244 123 63 118 50 122 82 177 174 70 88 19 30 24 206 236 170 130 166 59 73 135 95 0 241 102 202 218 67 135 238 5 81 150 227 181 97 64 21 39 194 18 226 196 71 209 
107 67 205 164 127 61 37 218 233 4 124 130 10 48 147 249 193 89 129 213 55 10 241 76 47 58 2 206 134 122 26 64 161 163 229 99 112 48 16 143 119 233 113 229 236 185 83 42 96 134 211 38 36 250 118 29 5 159 208 17 153 33 97 234 87 185 42 125 95 100 
138 248 231 27 158 236 123 126 229 70 172 115 92 24 204 44 85 124 125 85 125 136 241 71 220 163 75 35 19 95 245 50 211 72 146 99 149 157 78 66 33 58 133 65 76 205 154 100 179 49 238 234 114 44 200 238 92 241 214 71 197 122 12 41 248 23 132 37 183 185 
240 51 168 46 82 197 100 210 27 231 97 218 113 226 231 128 195 29 229 92 16 44 57 74 114 127 112 7 162 159 130 10 33 226 179 175 64 136 67 97 134 157 221 239 140 233 31 25 21 176 80 67 148 184 205 182 119 94 187 35 244 60 171 170 85 159 179 134 178 73 
94 89 229 86 101 242 64 199 212 63 110 201 133 68 28 115 183 246 248 39 58 178 168 250 196 121 249 103 32 179 153 98 243 10 22 21 96 194 98 151 222 162 74 120 28 232 86 118 198 228 89 140 21 108 195 146 139 122 145 99 49 67 102 192 80 127 128 185 211 84 
128 203 69 129 161 27 36 212 203 107 79 80 153 11 42 86 228 13 167 156 87 102 208 181 199 172 64 195 110 154 202 223 177 170 242 15 69 60 9 248 130 73 31 175 213 56 12 112 165 57 145 202 227 186 197 211 89 79 98 240 46 102 118 248 194 195 216 210 99 205 
162 194 182 183 159 139 22 86 14 134 221 62 73 190 10 2 136 234 211 37 150 144 107 48 79 219 0 177 156 180 144 207 227 180 37 199 96 186 185 90 16 173 3 58 74 21 69 237 244 243 188 94 167 36 77 69 164 134 174 141 214 106 223 77 219 40 209 3 56 166 
190 33 103 212 51 56 183 239 67 100 106 247 157 160 62 0 231 20 180 214 103 73 58 31 150 237 109 46 173 173 91 249 167 50 102 162 241 191 139 25 44 218 32 38 177 152 21 10 99 17 164 147 126 81 210 50 58 86 169 70 250 105 77 84 86 184 113 246 207 194 
169 81 126 45 148 51 133 45 185 135 62 2 138 162 62 147 207 102 146 145 70 35 199 97 41 203 49 35 70 85 186 222 71 206 206 192 86 242 6 194 209 196 58 0 65 72 164 82 113 47 15 34 105 80 153 68 32 147 134 197 199 134 243 232 155 137 177 67 6 243 
24 144 41 161 148 129 184 76 175 233 59 101 187 83 32 204 67 207 122 239 126 76 62 128 223 153 0 156 213 115 77 198 130 194 127 162 82 22 249 180 141 52 28 22 46 198 192 106 150 120 30 190 226 69 8 184 249 97 23 17 46 24 52 180 102 33 72 233 125 208 
99 153 37 22 6 248 222 55 197 141 46 174 223 26 208 117 210 34 16 43 248 234 190 1 81 150 98 75 11 138 49 17 97 249 42 168 223 95 27 220 45 96 142 13 121 216 29 69 165 67 85 236 164 193 240 128 60 138 198 174 250 48 31 223 153 25 33 178 211 68 
