52
147 149 166 122 217 170 193 53 94 55 191 214 202 66 103 117 148 76 38 76 170 142 31 25 19 197 153 154 144 204 153 202 74 12 164 102 48 105 76 207 151 35 9 121 47 202 39 80 210 42 169 196 
51 85 24 176 133 106 28 32 136 1 232 70 160 45 60 77 30 192 140 67 155 205 53 33 158 14 106 180 16 124 175 231 68 162 157 24 48 171 96 237 123 9 229 45 234 188 176 22 47 208 224 89 
139 234 149 93 132 189 33 58 100 63 110 218 83 45 104 23 85 121 32 71 35 205 162 99 184 208 193 27 248 20 190 92 16 54 4 22 50 217 94 116 131 19 78 25 74 243 96 48 160 130 238 127 
170 233 206 172 249 159 220 152 5 218 11 88 8 132 232 41 212 21 127 63 189 9 172 206 33 155 235 144 236 73 37 241 244 194 220 22 221 15 35 248 95 38 145 247 106 14 110 213 58 45 231 58 
204 194 173 69 206 218 246 15 218 237 83 167 181 206 137 228 47 192 47 76 48 77 16 5 163 68 190 75 0 111 16 25 221 224 56 187 72 144 110 93 81 232 13 135 170 180 195 184 27 196 88 186 
238 84 125 62 77 242 177 142 61 68 157 70 223 137 204 178 81 31 199 131 213 54 107 88 175 2 72 134 198 210 40 161 59 133 185 125 123 147 33 166 154 50 115 37 39 2 9 108 62 45 14 224 
229 39 124 119 173 218 114 176 13 9 212 22 144 177 34 85 115 19 11 99 158 127 174 144 49 54 200 116 132 172 29 88 74 180 16 80 48 146 248 155 98 158 227 19 140 185 160 17 238 250 67 139 
193 108 126 43 92 219 154 182 232 54 49 169 134 207 229 96 2 176 77 87 63 158 163 111 67 13 224 168 225 23 230 244 232 227 180 27 193 126 109 111 76 39 78 158 191 148 54 137 68 157 32 224 
136 26 248 171 201 176 5 226 76 192 180 97 28 35 93 91 99 89 9 114 139 91 179 128 6 199 191 224 245 54 147 166 221 184 33 75 233 237 4 170 45 43 161 177 168 68 194 126 176 70 142 61 
94 124 25 66 123 243 231 57 28 160 151 119 53 139 172 195 96 21 203 10 210 220 199 24 218 30 120 160 64 5 94 179 211 177 245 89 89 238 177 24 166 234 181 221 0 25 203 97 60 155 0 10 
3 87 73 111 136 22 90 97 130 78 165 188 221 108 3 21 247 165 176 48 59 154 197 69 4 183 95 74 200 145 183 102 135 174 228 3 223 197 140 138 29 102 200 199 191 74 28 69 43 158 21 224 
55 92 123 158 52 101 195 236 66 229 210 206 58 55 155 241 32 83 248 114 90 192 100 101 42 124 166 224 154 141 41 180 181 191 234 214 217 39 113 188 146 155 93 57 53 33 65 76 151 24 46 171 
245 171 85 140 30 146 94 89 73 116 156 190 177 174 202 242 12 92 26 137 247 112 36 10 0 20 243 135 34 210 26 214 175 32 118 226 5 165 207 130 116 102 0 56 8 24 0 58 120 121 83 83 
147 58 53 57 128 108 143 143 233 163 3 112 52 33 73 87 16 212 170 189 204 15 49 33 69 31 234 163 218 107 131 74 248 40 200 238 27 244 105 61 194 29 245 200 112 205 125 76 200 39 121 175 
121 165 137 131 85 29 91 170 145 129 47 34 97 244 219 105 186 123 167 82 22 101 132 203 228 208 219 183 163 1 63 250 4 134 120 102 44 246 71 166 106 182 67 57 76 98 153 137 250 117 105 10 
121 97 184 39 217 224 102 158 72 65 212 250 196 187 182 15 77 90 167 244 245 204 5 113 204 214 224 76 126 99 155 184 125 238 192 186 203 212 184 160 121 191 47 147 160 14 209 116 240 218 194 5 
192 158 164 88 249 97 215 180 3 209 25 49 249 159 46 227 202 224 172 141 192 244 101 241 219 6 79 111 59 161 65 164 139 195 135 194 71 219 182 17 3 56 191 103 81 21 204 134 41 189 0 209 
141 99 50 130 74 153 137 158 177 171 88 180 96 250 133 98 93 139 138 162 136 14 160 163 194 18 112 119 24 44 84 211 178 137 195 153 202 0 239 8 246 11 178 86 210 14 8 100 50 118 185 143 
184 201 122 234 233 92 45 8 126 95 75 182 189 20 173 55 86 71 80 169 233 148 133 232 149 237 188 17 201 50 48 87 158 114 244 170 222 84 110 26 58 237 174 7 107 31 180 224 154 201 190 133 
45 2 147 46 121 229 27 12 203 98 200 27 64 209 124 163 63 224 247 69 211 245 242 53 133 194 160 138 4 232 183 231 172 30 178 149 41 193 93 100 109 148 243 0 170 4 226 9 125 120 239 163 
3 119 74 153 125 93 132 15 189 119 62 24 203 96 54 124 195 34 31 205 144 129 138 192 154 247 239 177 101 230 222 57 6 60 216 248 130 198 240 18 103 33 237 142 160 231 24 52 11 248 153 155 
109 192 205 14 220 196 126 233 100 56 210 102 143 169 5 108 23 249 87 27 192 2 110 228 98 148 48 85 135 208 214 96 117 148 154 152 50 204 53 236 165 120 1 58 72 67 52 171 241 217 15 189 
201 250 197 169 148 178 135 17 225 242 158 126 204 199 88 9 125 77 72 95 23 191 21 234 14 23 6 245 177 207 96 233 178 62 154 180 86 95 80 90 36 89 20 180 215 165 42 83 94 220 22 136 
19 220 244 236 246 211 232 67 239 158 92 90 171 1 103 113 25 200 35 160 176 64 11 128 158 243 82 38 195 24 210 235 100 135 156 207 27 24 58 71 25 140 145 132 81 121 224 123 138 116 105 165 
133 120 234 84 246 154 137 32 237 175 199 246 31 82 174 106 123 147 125 0 17 168 92 237 37 43 228 240 119 233 177 162 216 13 237 37 6 89 233 30 88 65 10 249 169 37 221 79 39 179 239 66 
153 246 231 117 151 100 177 48 78 35 229 128 233 202 19 31 9 229 19 114 71 232 243 173 4 154 60 158 75 67 126 80 125 226 137 85 205 198 5 58 227 102 227 7 221 8 22 156 72 98 220 175 
14 228 233 42 87 138 242 96 71 199 107 67 43 135 99 231 139 100 222 139 138 185 68 26 115 75 119 216 140 98 177 44 192 223 193 109 14 25 168 76 76 195 47 238 19 245 57 52 26 185 30 44 
238 159 58 196 21 158 228 210 51 236 65 52 136 192 7 188 64 95 206 171 21 216 229 2 5 220 172 119 200 153 132 22 154 12 152 157 247 219 215 7 164 61 217 179 192 213 159 227 114 169 230 151 
189 88 57 239 206 166 51 84 99 203 78 204 7 157 161 93 15 155 28 121 59 40 221 202 184 119 179 131 218 107 70 11 174 140 75 77 123 131 197 239 30 146 68 76 146 208 8 198 193 19 75 104 
63 131 81 26 141 112 124 229 135 85 2 123 152 237 146 209 11 96 39 111 227 237 173 77 217 154 60 227 185 176 101 186 152 184 25 5 83 131 82 9 222 230 244 88 63 81 245 28 229 102 113 67 
114 83 91 124 109 40 141 243 120 224 9 131 17 164 113 242 171 184 21 221 104 82 151 5 39 21 245 1 33 146 246 138 4 22 160 108 152 234 207 170 3 129 236 164 214 108 241 158 230 229 119 72 
100 163 151 217 81 159 249 204 216 80 76 150 155 192 161 56 56 203 100 120 78 232 24 95 144 104 242 119 200 13 214 150 194 202 50 240 142 29 212 181 96 30 36 223 56 176 188 98 244 79 117 76 
76 195 104 224 77 29 177 98 5 188 120 4 2 49 27 45 236 89 63 110 103 170 154 42 234 112 206 144 28 122 56 67 119 197 235 187 179 45 210 241 153 145 222 52 190 206 21 98 203 221 219 218 
207 152 237 61 27 195 136 20 104 33 98 147 183 79 196 94 211 136 32 2 214 202 50 211 1 226 97 79 78 17 34 139 123 18 235 110 113 17 232 179 63 159 150 246 101 64 36 106 69 188 227 180 
174 92 122 51 8 75 240 72 102 31 236 169 127 23 86 62 141 82 127 216 143 173 99 208 9 8 122 22 23 67 118 96 244 41 225 72 146 57 167 206 200 165 80 239 241 160 17 90 119 214 160 217 
210 189 59 244 155 89 3 124 164 91 206 240 105 2 86 20 87 115 59 130 131 161 63 248 147 5 193 96 139 73 62 138 33 16 119 116 207 117 216 90 137 223 182 129 183 212 77 145 87 199 61 181 
26 176 124 49 107 199 15 91 78 216 80 220 217 174 193 137 67 189 38 196 23 68 120 131 209 63 226 23 158 126 30 172 179 84 202 47 9 117 72 170 24 222 181 20 163 70 222 114 184 57 186 118 
176 117 132 65 126 183 107 13 125 20 96 34 157 103 88 55 119 192 70 137 152 10 28 186 207 92 21 234 163 6 21 57 200 186 231 66 210 26 232 182 122 168 162 229 164 137 220 154 104 98 68 95 
121 2 48 90 80 34 70 166 45 127 218 168 181 43 91 18 11 243 47 201 106 113 136 37 202 137 139 169 53 77 163 245 136 193 11 206 132 247 105 211 163 55 79 39 74 168 229 128 147 174 155 86 
59 142 88 247 248 135 179 238 167 116 151 42 195 26 51 44 104 0 115 134 18 169 167 75 229 77 71 40 142 218 3 175 198 15 102 13 192 239 185 13 54 146 57 78 28 41 210 95 165 202 27 238 
138 131 118 2 224 200 111 212 199 53 60 5 95 104 229 11 50 31 36 212 143 201 33 125 72 37 176 107 245 152 142 107 124 229 172 44 241 39 215 140 99 205 206 10 215 218 141 156 52 86 97 111 
93 95 27 49 229 45 228 49 225 237 84 171 61 168 56 142 97 211 246 92 229 70 32 215 48 18 53 15 19 26 231 162 50 146 97 32 2 91 61 122 5 87 9 128 154 148 206 36 144 224 202 22 
227 17 22 78 91 223 175 215 74 217 15 33 14 153 30 214 238 181 169 67 109 161 65 88 73 14 237 47 219 232 98 222 131 140 226 55 90 16 78 57 246 157 96 41 10 235 196 232 250 204 242 136 
126 179 116 236 8 202 106 126 95 0 111 99 189 235 246 2 15 80 11 6 151 17 111 45 62 130 120 66 67 61 28 34 50 102 130 164 22 33 129 92 138 1 141 100 142 164 168 99 200 163 150 2 
108 89 100 243 64 241 49 242 97 130 198 205 75 136 207 136 248 80 120 56 40 56 11 178 53 106 24 244 46 231 39 127 120 113 134 181 123 219 162 206 164 226 36 115 45 224 59 168 193 150 38 235 
102 106 176 205 78 56 189 185 135 242 102 217 165 243 30 172 172 129 180 211 75 225 143 20 168 241 217 33 113 168 100 240 18 198 164 165 9 243 114 31 77 158 200 20 120 145 196 36 147 44 99 67 
59 94 122 4 197 28 8 205 245 53 67 135 16 95 99 44 103 184 32 9 33 134 193 117 23 113 189 13 79 116 160 237 201 123 226 226 157 227 118 202 71 186 177 110 33 29 44 22 181 160 129 171 
9 137 5 188 206 163 176 179 185 81 168 144 149 98 223 163 177 127 189 188 225 42 145 70 130 82 98 215 201 102 100 187 227 168 87 190 107 133 235 44 96 143 141 172 74 177 86 160 165 156 227 113 
59 212 6 63 48 188 29 101 76 90 112 228 179 140 103 27 5 25 21 56 11 188 145 142 30 215 168 144 250 25 246 121 47 66 41 197 96 140 58 97 181 50 196 214 31 122 194 26 250 121 138 156 
141 16 197 121 167 34 95 63 107 180 148 230 194 62 151 210 200 157 247 12 92 165 141 141 4 75 198 39 136 84 232 202 227 60 140 64 40 220 38 86 187 178 79 148 159 95 151 81 138 206 70 74 
2 115 71 191 87 81 43 93 85 39 49 91 219 180 178 103 152 110 64 150 228 75 175 206 37 162 181 104 164 118 164 120 242 136 59 89 64 129 223 71 105 130 31 201 61 188 186 25 83 247 168 212 
30 53 185 229 110 187 35 92 68 143 152 82 154 29 190 129 112 219 204 181 82 177 203 114 14 121 169 165 168 28 202 91 205 38 120 137 146 206 43 0 43 168 19 20 170 194 208 168 202 221 222 88 
