56
24 97 23 204 7 233 233 92 155 140 140 224 115 14 209 112 150 117 213 85 29 173 69 234 123 189 77 235 220 88 211 141 82 124 63 72 112 117 109 171 96 194 142 60 126 6 172 42 126 193 249 172 153 230 232 13 
133 87 168 69 178 69 228 205 86 129 220 234 162 114 53 235 116 230 144 229 118 10 111 173 220 167 214 117 177 122 9 210 122 132 26 189 90 141 3 228 210 91 94 245 139 230 11 118 204 88 153 134 129 119 218 93 
102 119 79 101 249 15 136 144 137 167 173 47 48 56 26 244 64 11 94 146 129 118 54 76 240 159 185 31 206 52 233 172 201 10 76 39 153 69 179 63 34 206 38 80 232 31 108 92 237 196 192 68 52 224 50 240 
81 94 99 140 50 37 192 151 219 4 166 122 137 173 114 156 120 145 239 65 144 83 228 176 82 227 150 33 14 209 151 178 123 218 195 89 185 11 144 141 7 91 80 20 44 195 16 13 157 171 157 59 172 235 12 109 
226 55 34 80 86 244 115 220 168 198 221 139 246 134 209 141 125 128 218 5 45 16 223 171 11 65 211 227 193 123 152 6 149 197 5 30 36 247 232 83 79 186 200 213 47 94 200 152 113 243 84 191 123 128 196 65 
220 86 70 91 42 156 58 152 162 41 246 140 33 240 67 186 89 219 248 136 134 168 72 65 239 220 224 65 31 126 247 42 50 3 184 121 92 21 249 127 99 5 70 216 166 130 178 239 132 34 57 230 135 241 209 99 
46 106 26 17 17 198 90 164 169 145 141 171 187 139 32 18 200 164 168 32 81 146 82 96 26 192 187 215 44 141 156 32 120 65 104 230 80 41 67 189 231 190 110 199 15 50 99 215 14 28 154 62 110 124 54 134 
134 64 154 80 129 189 87 2 234 159 17 216 171 176 128 24 183 19 106 103 2 175 243 207 136 68 71 148 234 222 153 124 178 17 249 10 231 66 143 164 94 41 185 180 207 33 190 173 93 15 75 103 71 19 220 123 
221 206 160 139 136 245 29 10 231 1 210 180 81 142 63 125 238 146 233 184 120 20 156 53 156 125 179 209 202 193 152 200 125 231 200 141 177 33 44 107 129 228 78 164 5 221 118 10 46 41 121 127 62 31 49 123 
122 186 60 89 125 66 219 52 210 8 162 184 119 148 84 5 97 212 209 147 88 120 169 35 27 121 162 231 24 171 136 164 184 192 145 92 171 116 119 62 116 213 209 99 66 150 96 106 4 0 133 64 135 104 190 51 
33 61 178 221 198 22 98 115 3 146 129 213 1 205 74 33 27 66 9 76 16 215 172 218 42 218 198 238 120 115 63 66 13 247 74 46 1 245 142 58 140 214 158 39 115 161 165 11 185 240 130 44 112 120 78 50 
220 180 39 155 212 55 199 180 60 55 212 114 40 249 20 79 7 45 28 46 184 78 56 191 150 24 140 146 167 45 243 43 226 68 146 245 142 202 50 145 136 204 204 19 185 58 242 178 36 81 80 104 56 115 1 211 
82 39 162 27 222 170 231 189 103 175 163 146 90 241 38 48 159 220 51 4 237 204 223 92 108 202 213 171 161 181 169 140 56 36 56 42 7 110 116 164 28 229 8 97 107 98 114 196 66 91 128 35 204 217 183 222 
176 105 227 199 98 44 144 119 140 153 113 190 60 42 65 172 65 92 89 17 91 128 11 113 1 121 137 16 129 160 118 25 225 237 110 206 115 95 75 243 153 44 169 120 137 112 129 91 48 67 64 249 202 117 150 117 
211 188 22 245 99 241 214 54 212 90 79 63 155 112 106 192 105 74 7 226 98 151 107 25 151 242 57 113 146 65 163 247 4 181 92 224 86 233 55 203 7 7 125 78 139 156 3 64 37 93 250 239 81 166 51 113 
70 1 78 46 197 13 32 32 93 73 199 207 10 210 51 198 229 180 152 105 237 156 94 225 128 204 189 27 71 248 72 186 162 83 115 6 204 114 247 96 136 25 205 138 50 193 236 96 16 238 241 94 85 90 145 101 
182 230 193 190 28 214 168 183 112 236 81 211 154 47 168 120 162 89 210 96 5 229 247 133 159 203 13 204 208 17 30 6 38 45 46 13 211 28 126 170 164 61 19 102 51 179 213 177 188 184 209 126 192 45 145 63 
114 247 159 117 7 205 118 47 221 245 185 175 209 131 33 209 52 16 160 171 12 38 73 128 152 14 121 17 236 210 102 143 63 49 100 168 112 153 223 134 68 149 85 195 95 133 29 227 21 114 117 102 60 70 70 71 
16 207 111 126 58 191 144 116 182 63 234 86 196 83 31 246 32 246 213 149 241 99 15 96 118 61 160 237 193 238 133 210 54 95 33 231 231 79 189 144 82 100 229 78 111 234 100 77 0 226 118 138 83 166 203 96 
100 203 186 66 190 124 246 131 170 213 232 45 237 71 26 120 197 24 225 97 83 71 148 10 138 167 210 238 228 146 47 200 132 188 46 27 164 86 230 216 8 3 134 174 117 162 108 144 108 74 123 142 16 205 111 67 
168 64 213 71 15 199 196 195 155 97 224 150 76 76 167 27 146 16 204 245 239 28 187 5 54 181 75 198 35 74 158 236 141 250 152 167 237 23 134 206 189 46 110 99 248 116 140 162 138 16 244 70 197 247 18 113 
129 124 167 50 229 138 114 228 206 97 143 194 18 114 16 64 30 121 240 58 89 236 11 217 129 95 19 210 175 80 243 30 140 132 11 114 71 119 190 13 51 43 22 11 248 31 221 94 163 89 65 88 177 179 180 127 
155 23 188 186 38 186 30 235 223 87 37 180 51 0 20 183 183 225 199 183 122 141 170 202 160 194 133 49 64 146 194 187 183 100 79 11 182 37 159 20 10 179 153 240 105 246 155 235 23 232 215 93 0 94 43 147 
223 231 0 110 101 198 6 107 234 221 60 108 4 83 57 168 45 103 37 101 72 197 171 192 123 0 144 98 50 191 140 133 24 231 45 108 6 18 232 163 213 136 36 163 223 137 151 1 102 30 112 159 22 228 115 180 
85 243 142 185 224 12 167 184 238 44 134 2 49 168 247 152 81 53 214 184 168 160 16 237 180 34 105 105 218 6 111 37 96 48 52 102 135 231 203 45 117 126 176 199 178 206 21 214 19 145 72 64 83 108 247 62 
64 19 135 132 210 81 74 171 131 248 3 79 85 41 240 17 236 5 185 150 129 71 45 107 126 139 67 137 140 177 233 122 9 41 40 3 187 220 179 58 2 37 205 201 70 142 40 78 14 194 175 34 153 111 135 145 
63 67 137 18 188 163 58 65 165 92 151 49 13 109 153 52 61 81 52 88 100 16 24 168 171 194 73 112 195 228 21 104 204 127 162 160 213 130 220 18 79 190 73 163 50 58 165 105 205 107 244 9 59 204 84 108 
103 167 243 146 134 230 134 142 59 112 119 189 244 25 129 79 27 158 26 97 135 157 77 35 200 188 129 146 229 211 188 150 13 44 149 210 121 7 73 35 136 141 233 195 147 3 188 141 140 25 189 131 5 65 27 48 
36 132 56 59 225 123 78 217 90 143 16 230 248 248 158 213 13 202 9 155 137 67 80 170 72 118 49 25 216 16 13 192 128 96 106 142 13 60 203 130 194 237 151 142 26 87 214 150 151 149 124 193 240 114 194 158 
159 61 27 1 226 36 247 58 138 28 64 180 95 104 92 31 108 34 232 117 0 20 187 194 99 113 108 29 105 105 105 159 155 7 217 143 46 154 246 187 191 56 4 46 37 94 76 92 114 127 27 121 220 47 150 151 
42 12 66 250 209 30 205 239 12 245 38 58 25 180 37 43 122 108 77 217 182 17 205 19 3 185 36 49 58 167 135 157 162 234 94 41 217 55 36 70 74 159 181 27 116 26 58 144 243 247 19 184 2 104 7 236 
71 199 235 210 56 177 248 230 169 15 213 68 68 188 198 137 38 94 75 59 205 134 104 184 36 145 90 231 157 0 11 142 56 36 99 140 187 128 154 14 81 87 165 63 183 91 93 159 25 104 212 50 191 218 77 148 
77 241 149 71 112 203 228 135 103 92 2 187 42 171 182 222 80 190 48 116 77 101 100 168 3 120 91 52 235 91 63 91 95 182 40 243 191 175 13 31 245 215 225 137 242 196 25 65 115 217 60 191 226 82 162 56 
146 19 67 210 203 139 83 61 200 150 72 230 247 149 61 145 104 91 128 244 6 177 205 223 121 64 132 81 231 37 240 216 171 236 10 119 165 131 195 206 188 186 166 125 73 143 69 90 231 121 77 6 56 73 20 180 
114 174 86 64 46 103 114 2 126 10 249 234 184 123 181 232 237 176 191 9 62 33 158 19 99 195 54 132 48 150 61 171 159 54 63 162 57 195 151 213 175 47 148 76 7 127 180 200 67 29 165 180 143 152 190 155 
128 35 133 103 103 65 40 0 134 184 250 95 103 44 238 130 136 171 87 89 218 14 192 39 73 236 12 100 101 31 138 94 4 153 234 236 22 214 242 86 94 215 65 226 32 247 86 35 213 151 201 191 17 174 216 248 
174 116 166 154 12 238 58 108 249 63 177 144 157 192 128 32 77 70 16 205 149 117 237 170 199 21 217 179 182 104 80 126 80 76 6 226 100 70 87 197 73 181 118 178 72 224 187 11 82 137 69 173 202 33 115 115 
83 225 225 59 66 143 94 201 86 185 30 193 205 66 127 146 202 148 206 73 55 5 8 90 111 65 223 153 142 215 62 88 110 215 3 97 186 69 120 190 250 62 8 203 152 220 150 158 47 107 21 14 119 111 6 159 
205 76 139 154 32 2 109 234 199 58 248 110 222 52 148 119 173 12 31 194 39 167 182 178 219 215 22 52 2 84 7 198 196 107 68 228 188 170 220 189 47 2 114 89 8 164 243 80 30 152 146 57 163 104 202 204 
223 240 13 60 78 218 40 150 17 8 200 157 105 166 160 231 44 155 37 198 78 181 201 75 124 62 40 79 79 163 52 97 141 91 75 107 228 229 147 115 245 188 206 76 80 102 208 97 8 157 46 51 217 187 43 122 
164 22 106 85 170 152 85 58 157 13 111 56 222 98 58 102 203 230 233 151 141 208 246 248 99 141 87 192 31 78 55 38 123 152 0 239 200 240 52 191 87 170 68 162 4 54 11 200 139 11 150 54 112 91 243 26 
91 195 56 38 72 244 117 189 132 36 169 26 204 155 122 228 164 98 225 237 24 12 114 140 173 95 101 106 128 180 127 78 47 71 210 67 117 191 225 82 53 12 37 247 233 0 95 168 199 34 236 58 178 133 213 62 
64 101 129 64 142 180 17 217 114 35 180 235 219 216 31 24 112 246 150 24 13 99 82 144 142 243 162 46 1 34 144 114 20 52 74 65 223 25 232 242 112 61 189 181 134 227 44 235 130 43 236 125 198 70 236 167 
102 244 90 141 100 124 166 167 5 150 204 24 24 56 182 164 14 29 176 9 124 187 211 96 62 218 123 138 24 167 102 172 145 98 133 197 245 7 69 187 231 137 34 35 223 217 196 80 74 233 83 241 83 104 248 160 
133 23 76 247 193 38 148 16 36 110 21 192 67 21 19 127 185 97 217 25 196 244 71 248 216 59 69 232 221 155 219 234 197 237 242 135 193 107 46 156 35 126 66 78 97 32 4 28 226 19 235 230 83 186 212 141 
44 33 122 15 37 81 226 223 28 3 37 26 16 48 216 172 9 61 43 52 26 26 139 29 44 88 143 141 154 180 189 83 48 202 248 136 161 141 244 107 140 161 158 19 230 80 90 199 86 96 152 163 41 175 148 88 
93 85 56 9 140 145 91 196 220 39 5 94 201 211 196 105 62 29 187 32 243 203 198 52 203 193 133 173 210 77 74 177 154 20 27 57 147 177 44 243 128 132 163 158 106 110 223 139 172 134 194 240 3 100 83 42 
84 33 220 70 197 45 245 36 36 93 29 93 166 1 243 176 36 99 8 26 235 137 199 172 163 185 207 246 1 172 15 245 64 177 188 243 131 31 113 211 235 14 21 7 108 234 96 199 235 151 248 177 195 216 178 151 
125 132 243 58 135 110 96 109 170 186 243 99 210 185 179 46 38 186 200 129 190 29 35 35 213 49 30 181 1 204 139 167 194 108 148 41 57 169 86 179 1 239 19 116 5 117 233 246 105 91 188 173 173 45 87 111 
24 177 94 232 93 79 172 114 20 206 213 38 45 180 232 33 165 182 36 205 73 236 198 164 141 63 249 158 199 96 114 46 182 170 48 93 247 193 144 223 235 190 162 140 95 152 174 191 8 128 68 25 171 213 73 76 
6 127 33 231 218 54 175 70 4 196 49 2 116 180 217 42 12 238 191 203 188 75 209 90 137 190 230 62 203 246 231 12 38 145 100 59 73 175 62 157 99 56 114 248 161 234 105 12 109 149 201 210 33 18 122 32 
140 44 197 64 111 29 216 16 215 49 41 82 211 72 205 127 157 211 228 56 117 133 72 163 166 9 45 201 19 16 240 42 217 212 82 196 64 232 90 237 250 42 175 175 244 91 0 110 102 115 221 42 57 87 2 17 
197 57 72 93 84 44 6 150 175 138 147 65 78 209 230 214 50 226 49 156 82 28 236 76 62 30 150 69 198 101 23 197 219 23 174 99 27 149 163 137 36 53 173 93 225 232 48 3 243 177 13 27 124 220 116 223 
35 31 67 111 134 187 75 71 9 193 160 51 107 246 147 6 117 76 66 51 54 169 24 111 207 210 59 81 67 187 162 204 116 18 220 172 110 76 163 69 97 164 40 224 131 168 40 218 52 44 202 118 140 91 147 86 
114 233 165 83 126 42 127 199 229 19 87 250 168 74 178 59 245 102 107 97 244 124 104 58 130 241 38 98 139 46 3 37 45 140 124 214 165 200 200 198 8 77 94 157 132 157 201 213 74 28 103 83 189 22 146 182 
227 66 156 172 69 46 224 117 217 42 141 57 38 148 225 188 120 80 84 25 74 107 250 10 74 79 69 223 250 77 88 191 247 103 202 117 28 2 209 176 14 218 120 246 204 60 155 130 89 24 200 165 241 83 207 231 
