24
110 244 183 60 19 120 137 44 17 131 62 215 15 149 151 127 82 74 229 60 149 14 95 203 
75 26 24 165 97 194 88 148 77 148 161 181 152 120 56 245 4 241 106 72 211 249 2 214 
102 19 202 75 31 182 246 31 71 220 165 171 33 37 168 24 52 43 71 81 144 126 233 128 
123 15 184 204 107 46 104 161 25 112 69 227 85 6 196 55 232 84 173 124 230 236 180 215 
165 152 224 2 101 193 148 121 34 237 143 68 64 20 113 138 112 80 240 84 102 1 114 189 
221 27 207 177 89 33 41 231 80 231 242 185 147 193 248 60 64 244 27 166 146 220 141 94 
23 64 76 32 143 245 4 3 100 33 53 100 49 217 232 127 76 120 50 149 159 2 199 179 
97 213 181 53 203 43 249 96 72 156 27 94 1 5 123 42 165 149 117 225 95 162 3 9 
125 163 114 64 34 145 236 102 168 125 75 208 132 242 237 131 37 148 196 14 100 243 7 249 
122 168 192 122 65 115 149 57 152 117 66 114 16 174 127 70 66 220 242 53 158 17 139 173 
26 26 2 227 41 33 80 190 228 105 235 96 186 217 234 174 151 165 142 48 130 149 243 55 
102 71 133 103 119 152 191 200 96 46 46 58 159 232 63 236 132 103 232 4 75 236 151 224 
120 247 209 149 74 180 246 174 8 104 163 117 211 144 51 171 89 239 224 171 250 96 12 68 
249 106 100 23 206 169 216 217 144 5 37 168 222 122 87 65 218 23 80 212 136 129 86 20 
123 221 186 206 108 52 79 223 17 137 170 131 142 169 28 94 227 98 84 15 183 173 216 73 
81 78 93 108 160 73 228 65 120 36 125 226 223 79 150 154 75 132 185 206 33 165 42 188 
116 99 232 148 111 70 162 118 158 225 219 55 172 139 214 238 32 222 123 21 210 136 227 153 
123 176 23 229 93 1 218 133 162 5 129 127 180 120 50 36 9 245 238 160 29 240 121 37 
109 217 218 36 31 54 185 42 152 65 169 35 187 215 105 239 14 14 5 0 148 213 205 81 
80 101 120 169 152 120 171 188 223 80 23 114 189 176 88 20 171 74 161 178 19 42 1 228 
72 190 116 177 9 39 67 37 162 41 6 243 229 72 149 145 76 170 96 72 95 153 162 174 
199 26 177 8 165 114 212 187 124 159 162 144 29 2 146 23 91 20 195 107 76 49 138 146 
83 53 32 57 235 106 92 18 188 64 111 159 17 104 231 137 38 111 189 232 218 210 208 75 
126 219 122 193 101 50 102 176 183 152 76 180 132 104 76 117 227 17 173 94 62 249 23 157 
