35
188 22 101 234 100 174 154 160 203 211 163 100 241 145 38 89 135 5 5 137 57 52 78 161 121 3 63 52 247 147 40 9 29 14 233 
135 246 35 19 73 208 165 188 87 62 83 81 76 51 118 221 138 138 233 175 183 29 25 131 85 131 68 21 5 159 236 102 237 136 118 
47 33 174 106 152 155 52 172 110 207 46 130 123 70 70 237 166 171 226 47 177 174 171 63 24 233 53 63 108 148 56 14 74 122 33 
120 36 85 159 144 17 120 207 75 50 226 208 120 12 134 34 184 215 101 145 171 0 72 127 172 89 234 225 105 195 184 222 30 53 223 
194 9 218 207 107 130 65 177 81 243 165 243 174 234 101 161 47 104 229 93 182 158 101 184 142 146 138 186 206 104 103 118 246 134 107 
52 62 91 22 132 123 124 171 67 82 6 133 220 41 223 156 166 154 97 96 181 241 100 117 247 224 236 128 211 142 15 55 16 58 187 
185 30 118 172 28 18 82 189 159 42 80 105 28 196 242 22 101 65 187 238 116 216 92 135 122 110 154 150 245 50 33 242 70 33 78 
149 30 127 205 155 201 198 160 50 43 171 159 135 4 194 207 150 72 182 141 157 148 45 66 176 198 75 129 164 144 34 117 64 90 177 
11 104 242 70 184 213 98 12 150 196 53 183 15 233 174 197 250 16 179 161 225 246 148 126 22 84 204 17 75 103 167 222 241 131 249 
125 133 134 31 131 169 123 176 39 16 54 197 28 218 43 149 5 236 102 22 234 205 37 1 46 177 168 98 23 104 170 69 118 234 75 
155 34 101 244 60 69 103 26 183 2 37 83 86 178 160 224 63 149 155 149 224 121 216 108 225 181 38 37 99 136 1 215 205 196 34 
185 61 142 195 213 86 203 214 187 130 67 57 15 46 131 236 79 112 197 103 13 187 214 50 65 158 127 22 65 129 99 38 44 212 75 
209 225 64 171 72 62 249 195 36 165 245 178 232 57 143 50 86 8 17 53 203 119 207 161 178 39 58 180 126 36 183 64 113 37 239 
56 192 139 124 59 4 38 155 27 157 186 249 79 236 214 188 250 195 0 173 147 0 193 57 73 122 79 130 10 233 141 34 52 5 38 
240 164 188 150 23 248 93 206 237 162 139 30 250 22 183 159 4 63 68 65 203 213 47 16 174 170 28 210 164 216 27 44 93 18 94 
45 115 64 92 204 60 151 148 224 106 28 14 126 246 234 128 69 228 28 152 179 226 51 114 34 69 164 219 112 184 50 208 206 235 61 
29 96 36 223 58 56 88 109 239 80 106 197 174 142 62 168 4 157 148 176 63 241 212 227 26 87 28 21 87 189 72 102 32 38 172 
96 47 91 119 80 212 71 177 27 127 217 111 40 55 123 91 89 196 194 120 184 159 69 148 66 69 10 154 16 232 95 15 95 124 71 
114 113 250 145 87 47 32 134 172 154 173 223 129 15 23 235 176 219 84 75 71 76 137 97 233 69 35 81 187 26 198 225 181 124 185 
218 41 64 223 116 27 225 202 209 90 40 198 2 191 188 193 3 79 0 130 137 139 34 235 49 93 38 115 2 37 100 169 18 206 200 
198 37 246 11 32 100 213 206 92 179 2 32 74 208 229 64 165 163 129 108 46 78 146 3 47 14 99 50 190 31 168 247 138 144 246 
206 35 178 156 242 100 190 60 175 164 215 41 177 166 89 168 158 53 224 25 128 230 188 86 244 199 221 186 13 137 130 221 194 173 195 
16 12 126 11 244 3 36 209 226 151 79 126 178 87 25 225 104 141 65 250 168 5 47 170 48 234 73 179 46 3 38 221 97 200 223 
65 152 102 233 0 232 228 126 65 180 244 49 65 190 51 155 188 59 14 65 177 185 4 151 11 216 149 185 242 28 90 135 175 7 141 
202 157 144 233 161 179 186 154 156 34 2 29 58 195 250 210 196 215 144 224 124 89 195 201 80 31 102 0 201 46 185 138 118 219 4 
242 96 61 221 129 86 114 124 192 79 169 125 153 142 215 53 32 184 112 21 46 29 157 76 133 197 149 68 148 64 44 29 203 221 224 
159 152 49 43 236 82 51 166 86 12 121 250 66 194 141 220 246 183 15 242 55 222 53 95 224 95 210 206 0 178 136 184 192 59 186 
29 168 135 172 135 234 42 147 28 123 231 230 75 124 33 195 144 247 71 193 247 201 3 239 88 70 89 54 48 60 206 178 238 153 209 
65 34 65 223 105 72 2 156 204 145 70 71 0 56 135 39 183 58 169 35 192 116 111 135 230 51 78 218 71 102 218 152 45 3 79 
156 89 146 61 69 223 44 96 14 240 189 248 192 219 167 6 141 202 123 168 14 18 84 93 158 164 168 41 4 67 224 99 201 128 61 
98 26 131 26 3 159 45 195 90 107 238 72 178 199 138 112 94 79 105 57 193 188 94 23 145 130 173 17 52 250 174 227 36 93 199 
170 213 86 105 88 225 148 140 194 53 105 164 205 13 8 1 105 109 86 221 149 188 109 113 76 30 209 59 67 119 184 91 65 98 37 
172 56 197 179 27 239 126 32 178 109 7 182 78 168 147 111 1 86 179 82 240 83 160 26 231 193 192 240 142 201 160 135 85 88 90 
140 75 160 64 126 139 175 200 173 180 159 43 208 26 133 52 175 182 132 122 32 248 241 158 13 79 169 7 125 148 10 56 198 136 144 
206 240 139 76 64 250 58 75 84 185 0 138 35 26 49 77 158 154 96 75 74 147 224 4 157 99 150 226 32 31 37 116 24 22 185 
