68
83 95 17 191 123 45 37 69 196 159 134 115 138 202 24 111 202 14 114 76 225 187 226 24 105 235 124 239 161 199 166 108 184 174 212 235 131 136 193 69 90 71 130 141 35 54 238 200 202 224 138 102 121 199 163 172 81 89 5 245 235 150 185 250 28 96 137 170 
181 77 114 173 72 111 181 179 157 178 161 157 227 211 112 188 38 250 206 155 105 224 181 175 203 217 96 103 33 17 108 9 31 84 129 1 247 123 187 165 36 129 183 235 6 212 23 56 244 83 68 206 169 135 224 6 120 169 171 193 175 147 1 209 210 88 247 59 
126 239 44 13 245 175 98 190 235 45 174 60 131 153 129 221 71 73 25 52 15 124 61 167 63 190 49 136 31 155 92 221 0 140 56 84 186 4 109 34 174 25 86 199 118 78 205 240 13 197 86 196 19 80 76 233 218 115 92 220 212 144 87 163 120 132 130 124 
183 3 234 56 89 82 98 72 3 132 201 202 160 207 42 127 102 57 18 241 133 63 33 245 98 142 47 88 149 117 170 250 166 214 223 113 153 17 101 174 189 246 165 71 191 120 236 63 224 30 215 102 208 53 82 113 153 191 235 134 21 84 214 238 168 161 171 179 
138 134 197 142 108 44 54 7 73 72 100 79 22 170 198 131 235 199 240 36 117 218 145 65 210 199 205 241 70 185 205 7 242 178 165 20 203 242 21 188 178 239 142 83 34 182 107 18 102 216 199 231 24 140 98 109 117 43 93 140 178 11 86 43 210 184 32 92 
72 60 25 224 112 205 63 200 212 48 76 212 217 235 106 180 180 142 210 5 110 112 90 50 37 47 2 124 127 156 162 20 42 66 136 70 246 188 0 26 4 151 9 8 0 204 19 209 180 112 60 204 18 58 102 135 248 248 27 65 69 16 212 130 32 192 70 225 
70 211 135 99 107 166 203 228 119 59 140 52 89 151 11 186 226 87 134 43 113 128 128 124 220 130 142 233 34 197 248 130 123 180 9 200 114 111 148 169 27 37 36 74 12 231 104 244 63 72 37 47 68 33 143 247 84 203 225 88 61 133 16 133 119 71 232 26 
134 18 199 193 186 155 198 186 157 32 197 5 73 157 17 112 231 217 134 76 49 193 185 89 81 124 111 44 61 133 178 218 152 193 217 122 190 160 133 234 100 71 230 213 150 3 123 150 99 143 63 157 103 70 224 163 166 141 148 188 214 189 212 153 210 69 140 182 
137 65 249 83 25 11 167 231 12 61 6 17 172 166 133 93 140 117 137 21 22 21 217 234 71 184 161 23 33 90 29 43 209 143 248 16 192 41 86 103 116 59 81 36 117 171 187 116 248 167 209 206 82 178 181 216 31 139 240 210 67 16 110 38 35 240 62 125 
159 173 76 21 138 36 120 23 89 162 48 9 11 62 139 162 132 133 84 239 34 208 225 166 120 161 215 161 215 69 141 170 57 142 219 196 22 42 184 142 99 215 168 179 17 112 13 149 228 131 217 171 150 197 214 213 61 195 248 130 176 8 129 133 92 193 231 221 
120 49 133 57 222 228 208 101 33 243 8 73 219 173 52 77 218 222 49 189 236 216 139 171 48 185 130 167 92 240 112 141 98 197 138 82 228 237 222 32 132 50 109 135 159 226 193 20 246 161 243 221 161 129 75 11 89 126 181 72 172 179 124 245 79 26 2 28 
167 179 109 240 68 10 181 111 20 98 227 147 128 47 65 21 168 18 163 11 83 196 219 15 184 170 104 127 112 204 58 104 84 174 158 157 205 130 96 198 185 30 77 203 161 108 61 215 15 222 229 134 135 222 208 165 181 167 230 145 104 142 41 61 73 192 124 36 
219 26 235 223 217 150 22 216 67 152 22 10 46 47 219 97 148 77 20 143 55 42 101 36 27 249 211 53 151 172 21 132 240 240 172 232 35 173 238 41 245 230 181 57 155 211 179 163 197 206 128 82 83 130 171 154 66 156 51 2 185 241 240 159 177 125 40 209 
3 5 26 117 28 114 172 179 3 46 102 137 84 185 121 248 202 222 228 206 29 166 107 179 117 37 4 124 240 29 51 225 160 80 67 155 6 236 6 238 40 231 177 245 89 180 41 39 91 219 33 41 3 216 214 28 150 212 246 18 95 248 5 94 41 86 231 144 
47 20 179 83 238 235 116 157 242 241 72 53 159 125 178 64 227 89 209 210 52 126 2 143 49 235 38 88 5 71 87 97 139 218 57 7 248 83 214 204 88 118 111 214 190 88 187 150 90 155 99 83 192 174 113 14 81 216 239 60 223 145 197 232 149 129 5 212 
195 76 127 126 52 23 117 135 96 41 193 44 32 15 211 199 117 37 242 171 49 41 182 232 227 234 113 67 202 197 84 23 100 145 73 177 43 132 195 38 28 32 29 120 172 149 21 100 187 13 62 96 185 233 2 193 8 188 246 230 99 125 109 44 2 197 116 92 
178 120 27 201 246 95 93 233 238 122 163 75 89 40 158 161 121 61 193 117 196 222 69 203 218 111 104 61 174 4 198 211 59 48 40 138 228 128 32 242 180 21 86 94 47 213 45 214 118 182 175 152 24 97 168 189 203 150 189 123 110 236 1 230 219 88 226 92 
179 104 69 31 133 213 157 72 184 241 179 192 125 44 56 232 191 21 120 222 6 163 36 83 177 108 42 159 28 34 46 14 39 98 78 217 29 186 73 229 158 1 107 41 82 58 98 15 141 30 158 187 141 102 146 34 198 202 48 9 117 222 229 51 18 35 97 166 
63 154 93 37 181 185 122 29 194 205 27 130 133 95 247 12 79 9 125 115 142 106 199 60 163 158 189 48 89 134 98 25 63 120 180 238 47 220 124 236 38 215 183 55 22 134 69 8 226 235 122 51 51 215 168 126 118 129 12 123 209 207 81 162 153 73 185 77 
210 169 90 242 217 166 193 220 53 118 212 30 156 13 4 102 3 83 4 244 183 209 143 49 186 90 85 134 21 232 182 7 152 113 150 38 86 109 39 190 43 52 155 181 97 31 228 21 103 138 231 105 124 85 30 142 73 178 220 7 13 155 97 155 23 49 125 0 
162 194 227 98 119 84 196 59 214 225 103 227 242 36 167 240 234 140 38 207 89 121 36 102 124 54 217 164 34 175 76 35 26 90 194 154 188 208 19 158 186 66 132 230 245 56 123 113 159 172 230 115 48 99 49 192 108 178 161 41 187 112 151 83 47 107 175 241 
0 9 68 138 173 238 183 79 122 3 115 194 80 120 138 131 17 35 32 166 163 199 52 144 110 22 82 194 98 164 3 76 234 121 224 49 66 97 100 133 249 53 18 233 224 215 38 38 202 16 80 35 158 83 135 234 133 57 23 228 246 39 72 126 43 150 92 156 
86 62 132 157 41 211 92 80 152 68 243 234 94 104 204 152 123 95 157 31 211 224 30 73 152 154 114 104 61 165 91 250 156 104 14 184 12 105 248 134 213 229 55 167 129 9 158 29 47 135 212 28 148 60 40 89 244 94 185 88 3 239 28 236 234 42 157 1 
237 234 157 97 193 110 243 191 233 161 22 228 105 199 191 215 78 200 204 14 112 218 3 126 196 34 11 47 231 42 10 237 194 44 223 200 187 200 162 124 164 21 84 71 106 240 234 149 105 24 181 181 206 167 119 29 166 51 56 89 184 229 161 87 30 159 22 80 
77 208 35 166 189 228 99 63 229 48 11 227 167 221 169 180 58 211 239 170 57 42 226 168 45 30 234 231 92 232 143 112 24 28 12 151 119 222 116 238 94 248 131 65 196 159 37 233 147 32 10 53 120 121 10 199 53 127 2 200 70 148 115 44 187 42 156 244 
18 88 241 226 91 200 26 220 81 141 76 62 100 159 95 125 58 206 41 139 101 68 28 86 118 15 152 124 143 194 162 25 234 155 2 111 188 131 84 53 7 131 27 216 188 197 228 222 36 192 134 212 220 29 72 49 36 184 78 134 219 40 219 59 242 33 94 187 
139 67 172 219 217 45 233 118 61 76 189 174 230 209 35 123 106 128 211 135 75 230 214 232 241 44 50 220 89 146 18 219 141 23 43 93 93 248 197 194 235 43 229 133 121 122 111 81 26 28 71 38 177 143 182 140 233 118 34 113 132 149 200 155 113 152 171 151 
165 213 97 176 239 70 184 245 115 100 123 138 230 191 29 197 97 129 131 104 154 124 32 105 63 161 147 151 250 127 134 79 242 116 151 30 80 175 220 160 55 227 148 193 168 201 126 149 236 48 108 246 228 75 69 169 201 12 169 188 196 203 74 184 240 33 195 53 
66 108 226 195 111 61 30 238 163 5 67 64 218 87 32 62 10 177 225 172 18 34 80 22 211 80 118 172 224 161 124 219 233 244 207 101 38 83 247 223 173 114 8 165 179 28 23 106 12 6 245 170 118 18 167 81 45 22 127 48 186 150 213 235 197 147 26 100 
13 0 225 75 226 60 44 194 21 79 10 179 215 219 154 155 147 15 26 100 23 66 136 8 209 202 213 33 123 70 107 164 179 20 64 250 117 227 177 45 137 10 14 214 25 74 49 22 152 94 96 226 108 151 43 236 172 144 48 203 130 87 0 153 125 105 90 101 
108 173 200 200 20 244 81 97 186 188 198 230 14 119 231 39 209 8 162 19 137 168 230 148 37 37 170 26 227 182 122 41 55 126 229 228 1 86 203 246 73 141 204 249 240 82 211 30 210 45 122 205 229 168 231 55 37 239 93 227 16 84 117 219 210 157 222 197 
202 58 134 1 8 41 7 161 110 188 215 113 50 157 7 88 197 85 21 159 44 53 59 50 74 48 76 223 218 153 77 203 33 121 12 169 122 74 166 142 191 79 197 211 242 169 191 68 238 248 177 220 205 58 90 179 42 192 10 213 16 85 131 122 208 119 111 175 
234 177 167 143 215 102 208 241 177 209 9 28 210 107 175 141 130 250 7 80 248 23 26 241 29 162 199 198 93 41 115 119 30 109 163 106 168 46 23 143 118 170 113 168 55 196 85 46 90 86 171 45 93 38 32 61 7 248 223 225 182 194 33 14 145 137 236 4 
134 226 149 77 65 116 94 77 225 140 2 119 69 227 57 232 147 36 210 29 157 157 68 145 170 110 249 226 50 123 117 121 140 98 215 95 218 123 44 145 98 216 164 127 222 146 211 176 60 180 75 223 224 118 235 144 139 8 212 220 223 184 82 40 117 99 213 48 
111 115 229 61 99 13 9 44 208 19 41 152 63 78 236 76 71 142 122 59 111 126 183 192 46 192 115 52 231 46 229 22 58 80 56 128 143 78 236 42 160 247 113 59 205 89 39 195 162 216 71 222 61 98 16 158 103 183 0 148 137 175 99 228 200 109 207 63 
86 177 204 26 122 30 206 12 161 153 135 15 54 31 53 215 124 55 3 156 16 226 127 219 114 199 116 244 11 8 236 215 190 67 159 200 64 61 224 120 234 89 70 153 25 138 149 86 107 132 101 128 141 84 40 152 238 27 92 154 242 70 61 194 56 167 249 33 
94 6 53 42 42 125 108 34 42 42 129 49 72 227 37 141 189 198 64 130 58 245 78 107 131 63 179 228 120 170 31 209 2 236 163 12 77 12 51 201 180 200 194 205 242 6 45 124 14 85 153 181 23 20 223 148 97 70 27 156 125 45 31 38 63 175 124 132 
189 201 25 76 175 227 10 109 167 99 143 246 191 31 175 188 182 29 166 175 58 89 104 34 82 9 65 233 206 71 98 216 111 185 215 202 187 149 114 118 75 67 58 131 5 16 173 44 149 242 131 108 54 67 154 25 33 85 70 175 172 12 80 234 65 122 55 154 
115 174 247 140 131 77 237 138 218 63 191 53 229 183 191 130 160 211 216 73 23 93 219 46 14 66 11 192 86 160 103 37 26 73 245 221 236 110 174 194 60 25 76 97 50 21 239 26 177 177 28 223 113 215 55 223 161 103 137 176 235 250 48 57 222 226 35 57 
232 85 138 31 103 235 193 129 226 191 97 20 81 110 236 5 160 213 29 177 218 159 34 75 179 68 170 240 58 24 204 236 32 31 244 61 185 61 57 244 186 137 42 32 36 200 147 217 155 157 47 100 103 43 163 221 21 10 229 135 28 211 232 179 75 176 96 223 
181 124 107 198 194 41 127 131 48 33 12 186 121 188 79 121 71 111 114 5 111 242 97 173 215 14 202 139 182 187 132 74 172 75 93 29 100 40 17 234 116 167 5 144 129 56 39 241 185 86 238 124 160 83 243 119 8 184 152 57 95 176 63 245 117 185 29 113 
38 169 74 3 89 44 152 159 243 135 92 182 241 238 125 192 94 222 139 37 19 119 196 115 156 165 122 137 222 198 134 78 224 188 211 57 224 192 13 163 221 157 203 42 31 197 77 41 95 149 234 96 205 198 134 216 53 198 35 33 205 182 67 126 28 207 116 119 
244 96 144 198 196 147 213 77 191 118 189 108 146 179 149 100 206 22 177 227 120 226 38 213 134 132 113 190 187 150 203 139 20 250 169 18 160 50 167 7 103 78 2 211 190 32 157 155 71 193 112 13 223 163 188 175 220 149 173 87 147 26 124 162 231 91 238 8 
53 106 106 217 70 32 3 39 77 6 40 205 229 166 13 110 74 51 101 216 73 241 40 55 186 214 144 218 138 118 66 233 74 66 1 41 150 187 215 187 20 20 230 119 177 83 9 229 100 158 116 127 11 144 171 17 69 125 205 246 63 58 5 185 196 133 24 98 
232 49 205 46 170 160 46 149 77 7 200 227 127 154 189 196 82 141 158 32 214 123 197 205 30 49 49 218 2 168 168 114 217 149 146 143 77 55 203 74 80 239 94 47 133 81 82 55 224 184 88 169 25 150 34 82 88 39 11 174 192 72 197 226 3 239 41 65 
168 155 36 168 182 38 28 97 157 217 171 150 43 16 231 33 176 180 13 223 136 80 227 30 124 90 165 85 32 184 95 173 176 236 118 215 168 211 120 5 120 116 139 91 193 127 212 106 94 89 83 236 74 159 66 92 246 221 135 238 102 175 215 7 106 219 109 78 
134 235 60 67 143 156 29 237 177 202 105 236 158 218 189 12 4 164 242 94 124 64 162 128 45 58 177 236 82 214 81 134 100 6 245 128 240 117 194 134 146 18 151 121 236 195 4 36 104 3 246 8 7 208 44 91 143 137 56 48 45 78 161 228 210 69 196 55 
115 175 58 170 196 195 173 40 16 63 120 214 29 51 229 88 12 163 222 125 223 80 220 50 26 157 40 106 79 7 83 119 90 80 69 241 129 54 164 38 171 79 111 213 118 243 99 115 116 10 181 142 213 106 44 101 134 32 115 162 192 59 209 149 9 195 130 47 
250 144 99 236 144 82 171 219 250 197 154 183 84 242 30 40 89 26 247 207 144 48 186 177 1 128 71 201 153 151 209 61 186 77 77 112 123 65 47 121 42 148 234 129 214 150 197 219 210 119 206 97 152 80 238 113 158 101 22 107 223 195 155 55 43 31 143 239 
83 12 219 99 71 86 225 7 72 120 61 91 250 126 163 196 196 228 18 175 89 111 132 159 52 105 130 246 248 83 214 86 56 230 70 15 82 11 156 181 70 60 38 222 84 231 76 165 230 144 20 21 158 115 50 248 102 178 180 227 103 71 167 146 205 20 28 184 
57 22 178 149 222 186 22 247 249 69 142 122 149 91 54 123 103 178 71 24 78 54 136 167 42 130 49 38 56 231 186 17 78 133 231 86 150 232 137 164 185 58 66 11 174 184 223 232 160 138 162 69 207 123 43 156 167 170 23 136 211 11 200 158 134 108 96 164 
225 115 123 181 175 144 117 4 90 50 41 37 113 9 231 124 218 94 170 69 41 242 192 161 61 147 225 240 232 230 234 53 23 247 169 52 173 29 249 61 193 105 196 224 151 25 22 74 156 184 227 154 195 218 37 14 216 42 25 247 85 79 116 54 90 111 51 94 
137 78 117 230 42 136 218 234 190 124 62 164 106 237 248 181 92 208 238 149 236 13 230 10 82 237 162 66 43 249 155 183 229 111 176 166 142 194 248 129 199 164 214 45 181 234 164 72 137 219 184 36 23 169 68 153 234 68 21 78 172 218 202 8 120 158 126 6 
64 209 212 62 207 67 189 78 73 65 245 14 107 208 166 114 150 248 213 181 157 54 206 81 62 95 76 88 134 250 225 180 14 72 245 139 245 114 36 114 64 110 143 82 171 2 31 242 80 100 42 53 239 229 214 82 199 195 23 201 19 145 168 41 207 155 69 230 
160 221 113 152 244 22 84 97 49 38 54 208 237 85 26 147 93 56 168 59 172 179 2 116 162 185 81 248 239 50 176 79 106 62 217 12 154 106 90 65 2 83 86 134 163 42 6 78 41 237 73 185 212 238 249 67 151 181 98 66 34 54 232 136 68 188 191 23 
102 212 222 156 25 187 35 52 18 131 246 42 231 33 163 139 141 191 133 4 96 60 88 180 156 210 213 39 201 207 146 140 181 188 226 56 229 78 195 173 135 118 54 127 85 13 21 234 127 73 218 103 112 121 203 135 178 7 21 18 138 85 10 19 64 69 80 35 
41 191 75 12 18 154 114 125 216 38 194 245 106 210 100 37 104 180 138 23 80 170 26 195 128 226 30 141 56 61 197 43 86 49 22 51 1 137 159 103 202 149 134 61 59 247 116 206 170 112 85 244 127 240 222 77 211 73 56 160 226 148 239 89 32 99 196 204 
5 206 185 60 58 38 242 221 12 230 53 232 24 50 131 118 38 245 177 93 32 75 148 156 7 39 28 246 158 77 13 109 17 152 142 8 28 225 58 79 32 137 74 108 167 145 43 90 193 57 74 113 200 96 246 2 224 46 114 59 155 215 11 18 64 90 103 137 
65 183 159 195 84 93 66 13 141 80 127 215 56 119 143 65 81 116 168 216 221 190 52 226 148 109 70 75 106 75 122 124 55 28 208 82 230 56 209 72 131 13 206 246 250 226 7 237 160 130 220 140 12 69 135 33 69 33 236 121 120 226 214 19 211 176 55 123 
236 130 105 164 210 62 118 52 84 37 15 119 176 11 133 141 209 26 103 113 166 2 45 101 124 82 197 150 28 142 16 90 10 220 156 114 148 191 174 73 100 70 44 194 214 58 174 118 47 151 77 249 21 201 66 204 183 209 26 13 91 73 22 11 12 148 16 53 
36 242 10 145 195 243 105 63 103 73 213 7 20 22 1 208 219 205 135 60 44 64 158 4 60 190 236 189 205 115 144 190 182 203 61 120 141 109 196 99 212 44 109 149 87 25 225 90 51 36 147 102 58 187 116 157 197 95 233 183 89 50 210 10 26 63 37 236 
236 76 94 235 131 227 242 147 117 151 173 198 54 128 2 194 148 209 8 103 118 195 174 231 32 36 116 234 113 217 28 25 200 80 115 123 15 14 233 133 204 232 31 216 38 5 140 247 66 83 127 10 244 164 169 247 193 224 215 155 106 63 189 4 136 25 199 88 
83 210 172 167 203 154 191 70 106 52 117 117 48 66 59 10 67 162 79 198 121 245 72 153 231 206 3 76 197 88 15 241 94 80 197 248 153 9 143 212 150 44 158 2 84 123 52 16 155 245 216 240 177 7 160 1 232 126 60 44 171 188 144 43 105 226 212 132 
200 0 228 164 109 47 102 58 171 104 157 140 80 92 161 241 195 70 151 202 157 85 185 159 171 190 250 106 66 5 214 169 245 50 93 171 180 4 119 4 187 168 215 192 239 25 161 10 115 22 197 250 41 17 226 76 3 9 92 147 157 76 58 225 165 117 126 3 
213 106 230 82 38 83 164 209 209 149 34 186 89 28 198 135 33 0 140 7 63 184 1 246 245 122 67 140 108 4 243 100 62 67 244 47 221 120 73 179 59 208 159 105 183 147 193 173 122 112 211 87 155 67 201 66 239 21 133 120 75 55 214 246 16 85 58 154 
6 238 78 195 23 67 71 99 185 140 196 42 237 148 63 174 89 216 33 203 63 15 32 13 185 150 78 170 200 114 246 71 13 4 111 50 41 55 12 234 41 21 57 137 239 142 21 130 78 186 91 8 168 97 117 87 126 43 225 240 246 42 14 212 87 148 160 37 
237 208 176 236 103 213 88 57 229 149 84 187 79 39 181 20 207 217 142 123 72 9 221 38 5 50 60 54 124 228 196 26 187 141 59 47 249 134 226 204 92 244 156 184 228 28 132 184 83 227 85 168 127 20 104 15 208 192 233 68 67 123 69 181 131 165 107 212 
40 95 107 154 31 35 142 99 210 97 224 6 70 61 82 172 188 106 98 177 245 193 189 75 134 129 194 76 103 167 12 122 63 58 131 51 157 162 164 86 181 66 247 189 101 193 39 120 40 6 155 215 201 218 50 240 228 228 60 31 189 72 75 209 61 29 55 51 
