78
208 148 27 212 180 158 191 211 105 180 172 2 105 150 221 5 133 186 210 117 0 221 242 232 94 63 116 189 0 42 226 3 171 188 166 246 202 27 18 117 90 115 119 56 107 44 107 33 244 16 127 70 73 49 66 57 172 108 231 215 112 40 69 155 18 232 185 247 232 76 218 38 218 45 135 16 215 182 
121 22 45 0 174 232 28 218 34 241 42 4 78 185 209 230 52 250 248 41 73 180 104 48 166 233 38 129 240 34 35 227 96 123 109 234 9 189 147 209 227 41 226 158 152 248 24 199 87 64 174 211 3 39 93 133 25 98 16 221 74 65 99 171 61 58 107 242 234 8 245 202 150 117 107 244 29 209 
101 113 34 246 196 219 200 143 130 112 100 35 167 8 247 211 73 87 247 119 241 241 58 187 136 52 201 190 149 86 103 27 160 41 117 22 47 54 148 201 25 180 22 142 182 20 61 104 10 171 198 118 88 93 224 57 250 219 180 161 104 83 2 17 154 139 223 188 193 112 64 125 186 249 219 213 85 125 
134 171 134 200 239 89 25 196 7 53 171 28 117 153 29 194 86 205 89 249 94 105 231 107 227 74 154 88 225 178 243 14 197 108 84 46 156 126 83 154 233 80 35 243 3 223 233 31 141 42 214 223 241 130 146 112 95 241 40 199 43 232 193 196 22 75 45 44 60 146 238 9 216 105 35 15 200 109 
87 28 246 83 208 158 53 220 158 204 48 31 174 161 186 236 229 208 10 223 167 104 185 74 44 198 77 82 153 100 75 17 109 158 141 45 109 7 205 182 54 235 22 145 98 74 150 18 75 221 7 87 43 23 87 125 107 194 134 249 152 217 137 157 128 203 237 0 207 43 0 236 89 137 169 143 106 76 
90 55 209 13 181 20 13 218 146 28 236 50 76 134 94 140 133 43 202 166 223 163 42 130 80 54 139 148 136 71 80 136 177 31 237 147 182 48 233 161 134 95 223 196 192 48 114 25 142 134 243 113 58 56 211 102 126 212 38 9 189 76 15 184 10 100 136 70 81 227 35 164 174 38 54 142 228 7 
16 71 208 17 143 165 149 23 206 18 168 207 141 75 57 77 172 79 119 187 42 3 60 217 14 110 188 21 154 225 93 154 234 177 232 99 60 144 132 195 64 86 30 154 13 229 152 182 88 233 12 208 242 76 97 226 112 130 126 5 102 33 144 227 17 65 28 39 53 231 138 17 189 35 163 197 210 247 
84 80 3 167 80 51 242 157 244 32 129 20 149 203 33 116 228 8 18 37 84 86 85 26 1 61 160 142 227 181 130 211 13 39 190 25 171 218 39 213 83 44 38 59 182 25 109 43 111 176 163 14 210 164 99 145 173 64 69 91 216 103 226 10 128 130 225 226 175 169 170 208 5 246 130 215 217 155 
235 32 169 89 55 32 20 24 110 107 160 250 160 218 130 17 72 95 237 68 129 213 116 170 177 168 30 208 219 209 57 212 83 85 136 158 19 117 4 108 0 48 214 103 107 121 61 129 85 40 51 10 146 53 74 103 41 31 238 171 60 92 26 122 82 35 174 208 10 149 153 148 53 193 220 106 218 50 
157 47 234 141 32 127 139 231 141 228 196 139 29 35 53 241 226 55 85 211 36 174 182 189 234 205 123 81 17 96 35 188 61 242 54 7 15 141 207 250 166 52 141 247 59 236 7 56 66 125 232 113 56 217 202 219 75 250 127 189 185 18 60 2 109 73 96 228 121 108 102 230 49 37 166 187 106 205 
227 99 52 200 159 145 168 55 160 142 213 224 4 97 59 131 59 198 209 101 134 34 22 96 238 123 64 146 166 10 69 104 30 202 47 156 52 176 172 16 82 226 1 64 6 92 5 107 159 185 187 28 239 122 63 170 208 229 164 66 100 19 184 11 178 59 172 144 125 44 105 238 168 52 11 213 142 153 
143 114 25 50 121 219 142 216 117 203 208 144 33 115 186 74 224 89 11 72 164 59 20 196 180 169 205 38 41 151 84 239 68 188 234 126 1 247 194 120 14 138 191 87 35 183 213 16 183 140 51 57 45 99 48 133 90 213 35 112 191 12 159 15 191 182 102 106 218 3 224 6 247 79 47 131 186 150 
171 125 57 168 244 188 77 169 65 54 44 234 216 112 248 24 90 136 178 77 113 81 3 34 239 208 178 204 49 10 34 127 215 164 136 230 132 127 216 162 214 155 81 248 157 247 150 17 249 101 15 36 35 79 173 94 181 81 103 31 13 30 183 57 52 55 80 94 29 140 149 160 65 186 162 208 51 245 
170 85 17 138 90 156 210 243 112 172 193 113 151 221 247 58 52 74 3 0 103 8 199 1 77 97 93 88 206 192 34 199 176 225 176 188 71 61 137 169 216 29 95 81 221 219 156 164 206 111 83 162 63 180 5 214 23 5 140 247 24 14 193 67 218 230 171 141 211 231 205 8 137 162 19 190 38 189 
150 37 116 46 14 210 153 40 215 24 21 191 216 86 21 228 229 57 171 183 203 235 248 70 207 170 154 149 113 246 195 64 23 191 102 184 173 66 95 180 94 222 206 190 0 41 12 123 208 29 167 133 57 162 247 40 215 65 54 202 233 229 117 221 16 213 158 152 16 96 250 195 96 243 186 209 76 45 
163 9 110 245 5 6 101 131 88 3 143 192 9 131 198 10 144 53 215 115 58 80 1 201 50 142 30 11 168 130 182 99 37 194 97 236 71 125 71 184 5 231 147 20 121 80 112 29 195 104 162 143 229 156 109 96 193 228 17 230 63 10 176 198 229 237 198 41 82 40 226 105 89 233 122 181 77 70 
52 144 86 246 109 7 214 15 25 215 100 188 183 128 209 82 117 197 186 68 40 92 48 15 43 66 201 221 159 156 220 224 65 192 65 45 178 186 75 214 179 189 92 10 124 200 156 230 46 24 250 170 27 230 186 197 133 206 16 88 100 111 112 203 23 144 80 36 35 157 118 64 201 241 124 73 33 220 
123 1 8 239 62 25 74 202 114 151 113 227 40 193 164 234 249 159 65 182 236 142 93 180 85 140 164 194 47 144 114 6 248 66 95 140 216 142 105 41 213 133 75 88 83 224 187 217 46 153 28 143 185 90 139 191 156 62 86 196 149 244 54 39 226 166 159 166 186 131 79 62 125 119 209 153 191 108 
182 30 126 189 194 85 29 217 73 10 178 244 30 204 14 190 149 107 197 29 35 93 158 130 58 139 215 40 140 196 31 53 219 192 135 166 82 150 30 184 141 171 188 14 240 115 177 192 0 227 114 7 33 149 61 248 9 141 75 25 247 102 21 209 188 142 182 219 206 116 159 21 109 0 86 20 16 233 
62 118 243 224 141 117 152 222 155 99 123 235 95 187 107 32 186 162 28 107 133 200 4 167 215 110 139 197 181 122 203 97 210 98 1 196 123 56 59 211 46 50 178 240 89 194 199 228 169 181 40 235 140 159 223 104 122 101 152 15 249 158 118 162 15 78 1 148 60 123 194 94 150 22 244 41 240 15 
204 24 55 128 5 69 97 116 198 130 137 93 95 5 200 230 72 227 33 242 40 136 47 183 227 112 145 1 17 145 53 147 50 148 54 189 124 205 173 200 35 61 10 137 27 247 8 164 236 204 55 68 26 138 85 188 124 220 37 238 1 249 216 200 246 107 23 214 100 41 130 14 184 75 11 136 171 47 
156 200 99 136 8 153 56 192 119 96 155 135 154 68 7 78 81 49 113 118 98 8 158 42 162 188 111 148 120 43 244 224 231 87 191 42 178 200 109 190 223 244 26 217 182 54 193 209 234 23 234 18 219 157 136 231 211 34 165 119 177 26 95 143 187 70 156 24 175 211 83 156 219 87 194 151 173 216 
15 209 50 201 197 145 76 156 247 120 8 131 1 105 128 81 40 226 184 225 136 50 188 108 186 42 24 207 124 205 233 134 97 231 160 238 161 37 77 140 74 174 69 3 164 150 55 66 59 198 230 7 182 149 227 181 182 229 7 160 74 196 98 155 191 152 14 179 3 15 118 233 89 112 223 221 173 158 
245 220 216 103 57 91 231 153 80 202 58 241 125 198 247 91 207 246 114 27 248 99 238 190 96 83 129 103 1 164 62 230 71 76 243 36 88 85 46 234 90 80 29 241 92 166 3 136 194 214 3 17 43 62 63 117 143 162 91 11 148 225 118 74 11 222 20 18 156 89 48 148 130 226 103 215 187 78 
125 64 107 213 105 182 54 203 207 51 44 62 93 163 240 230 72 168 200 31 182 147 86 142 220 179 74 118 116 118 177 213 65 85 141 8 150 223 6 156 210 237 29 171 250 34 82 214 66 86 143 198 7 214 157 199 77 26 100 192 7 74 224 83 222 178 243 229 211 230 134 213 5 227 199 194 70 207 
141 110 172 90 162 180 21 18 10 100 63 86 183 49 68 178 44 74 199 15 111 29 220 188 98 32 100 79 128 227 150 82 250 135 99 36 7 53 25 174 15 190 159 138 189 62 168 249 68 95 125 202 181 59 171 16 211 189 165 203 76 215 30 105 76 106 66 41 135 41 64 37 41 146 238 196 158 170 
145 64 0 240 240 4 29 20 201 125 178 214 209 98 88 222 218 22 203 225 237 58 205 167 211 71 169 88 4 122 133 42 218 27 1 184 67 237 160 6 87 229 120 61 43 70 164 36 207 28 172 113 189 34 250 136 141 241 213 207 72 231 150 228 79 138 67 152 66 248 87 20 168 45 100 234 80 42 
177 20 187 164 80 175 225 125 233 171 35 180 199 154 194 89 184 143 33 14 80 138 56 204 39 102 214 16 107 102 45 226 110 153 199 249 140 142 95 46 177 154 196 18 37 195 246 216 190 249 33 63 201 19 212 235 156 198 173 157 89 87 41 199 248 74 4 160 167 66 240 97 167 180 110 18 148 196 
102 221 204 162 128 152 187 4 203 98 168 222 250 152 81 119 100 152 36 219 125 82 88 158 55 232 179 25 199 59 52 28 87 66 214 15 22 46 96 72 143 161 226 54 166 47 58 67 26 178 99 228 134 188 105 115 37 171 197 87 90 182 141 65 72 50 184 186 85 203 157 214 15 30 232 172 85 119 
89 44 192 91 86 99 136 134 119 6 187 75 249 230 62 109 166 219 69 137 68 216 4 0 64 52 139 181 89 208 238 244 0 211 22 76 120 38 39 117 45 35 241 21 155 74 232 132 175 190 210 30 236 63 10 62 202 87 69 9 224 124 203 234 230 194 223 133 167 56 65 235 110 86 8 68 201 202 
129 173 220 68 43 15 244 19 111 138 245 26 154 220 236 196 19 33 154 105 117 146 68 155 216 55 28 224 145 54 10 219 170 72 160 92 75 210 10 86 50 180 230 104 169 106 54 18 165 248 77 130 91 71 175 235 149 211 121 247 180 107 79 156 48 221 97 232 183 39 132 249 78 15 106 108 105 90 
223 54 11 180 33 38 50 143 224 170 118 102 19 72 102 168 17 50 11 185 80 90 2 39 240 115 217 7 220 26 237 22 226 134 233 7 114 61 93 151 93 181 248 30 221 104 70 17 222 5 111 221 228 206 173 106 165 204 126 68 27 197 168 219 14 78 211 102 154 164 130 97 190 101 204 50 146 226 
3 64 103 102 182 106 248 187 220 150 57 144 250 153 121 101 111 33 102 243 77 203 60 209 50 186 20 130 121 183 168 135 209 50 8 121 144 14 195 234 178 193 31 27 231 23 153 234 209 178 63 6 10 31 145 213 43 41 134 78 149 32 83 28 147 153 183 92 227 246 166 74 223 164 194 41 224 8 
32 166 95 192 74 174 217 213 37 35 237 241 144 160 192 184 17 82 126 245 236 226 150 20 112 225 63 110 52 148 179 187 171 100 188 173 182 200 109 154 1 42 159 50 232 10 141 222 15 67 66 69 157 118 164 25 31 171 209 25 172 56 226 247 113 28 208 168 179 32 52 6 174 60 133 145 245 117 
107 164 187 68 195 50 164 58 100 175 187 192 110 24 66 102 8 30 198 158 128 57 109 92 29 34 78 133 108 86 35 227 204 97 82 247 219 237 36 190 58 141 250 210 87 20 117 166 223 227 212 117 201 119 36 71 32 70 142 216 217 41 152 164 206 169 45 100 21 158 204 126 7 102 192 95 222 131 
215 120 64 66 207 219 85 64 27 241 125 27 248 32 51 152 75 50 236 194 74 129 209 248 220 44 132 200 62 98 185 34 42 220 54 25 138 138 39 74 44 153 114 77 131 22 226 173 144 226 71 87 107 218 208 216 5 111 167 113 22 217 188 205 99 122 244 90 77 162 9 60 179 36 135 117 93 143 
51 73 157 218 195 63 246 26 64 169 238 92 40 194 215 53 168 24 7 151 14 7 45 6 145 82 67 184 157 100 184 101 107 20 119 29 212 161 137 91 146 83 40 162 159 186 208 223 65 77 44 194 164 71 132 95 135 143 201 34 169 129 21 87 86 43 208 83 149 49 194 179 83 36 234 172 39 125 
8 138 101 0 1 240 15 8 102 142 195 157 198 155 177 109 208 37 110 172 141 247 219 135 220 245 140 239 76 154 112 4 75 64 85 62 37 34 120 114 190 28 90 185 63 94 56 109 246 241 149 215 85 72 35 194 214 148 184 63 249 210 172 171 160 196 250 117 4 68 227 155 215 100 160 184 86 68 
30 33 207 117 94 4 62 70 161 4 157 54 210 65 63 83 21 224 135 1 99 135 149 29 98 158 23 15 236 7 166 37 164 22 139 99 27 227 26 199 176 8 15 1 34 212 175 39 63 135 13 150 217 129 248 233 139 162 37 39 117 82 64 109 98 52 112 79 19 206 231 65 97 183 129 178 175 131 
33 99 137 171 236 179 210 100 205 44 137 239 170 175 173 185 73 42 5 236 156 42 72 20 193 27 170 191 24 93 94 211 188 110 122 225 19 119 191 137 39 202 222 213 37 88 98 240 205 80 152 200 40 191 10 58 195 63 82 29 107 145 31 183 39 154 148 58 92 46 5 235 248 89 30 241 183 61 
62 246 188 79 107 81 155 22 63 174 29 127 67 111 127 215 137 34 197 229 217 110 104 34 101 14 31 11 237 145 37 112 98 42 17 81 213 207 84 181 241 176 238 237 46 79 41 247 0 54 109 13 147 122 53 82 86 34 63 201 113 219 49 195 122 208 70 71 91 185 145 32 203 204 244 190 100 81 
189 161 86 108 205 19 7 74 151 150 235 42 198 155 163 9 82 176 98 168 164 126 16 195 202 72 214 199 227 67 239 55 229 149 2 169 178 44 90 190 144 206 94 174 239 248 93 164 188 63 64 10 52 158 43 110 37 143 29 2 19 235 166 170 27 41 191 130 58 216 248 201 137 34 106 225 233 139 
107 83 65 64 192 61 170 189 26 112 59 48 231 174 75 210 134 27 5 62 97 64 218 6 102 44 53 246 61 19 38 61 148 49 211 82 207 146 192 197 78 202 201 107 66 65 131 75 122 71 202 105 239 82 210 60 110 98 33 22 11 136 158 86 206 0 187 172 5 71 50 73 30 142 195 191 51 163 
115 201 210 15 241 183 180 166 103 77 131 179 188 97 143 112 117 141 158 128 153 33 247 106 155 110 105 151 236 129 77 17 24 197 219 89 27 199 96 75 192 100 193 190 163 110 34 207 60 224 102 186 235 106 202 99 247 168 55 18 86 29 116 219 144 134 51 14 209 188 71 131 72 26 240 209 49 204 
212 197 59 75 234 35 223 197 62 51 37 78 228 33 123 203 160 53 181 188 96 61 120 238 226 43 204 73 156 86 236 42 216 214 230 214 228 181 49 10 1 99 16 243 32 40 220 176 135 248 236 63 222 22 210 191 102 69 112 110 101 157 249 109 212 132 129 234 187 37 18 213 156 166 17 178 196 64 
39 244 18 154 99 191 61 248 8 243 183 20 161 65 58 31 1 96 36 49 161 120 111 59 134 71 125 86 148 20 70 23 192 15 218 117 205 107 70 2 179 107 132 27 247 35 240 205 8 19 184 46 244 124 165 191 204 130 245 54 38 222 84 114 173 157 67 199 231 112 143 0 238 144 155 19 35 176 
112 195 67 8 125 126 65 8 20 152 147 166 151 46 104 138 2 41 20 101 123 208 98 165 98 177 12 79 242 169 140 159 59 115 35 179 21 207 225 0 131 74 107 182 235 63 157 245 121 80 143 31 92 222 196 206 82 241 137 147 155 220 165 4 108 154 14 162 50 142 142 188 176 179 126 213 127 76 
139 208 159 85 24 183 157 28 227 51 155 84 51 84 73 188 142 169 45 245 42 198 86 12 84 87 78 41 218 181 63 1 132 240 100 96 88 5 182 130 77 118 68 67 100 239 181 238 64 122 200 43 185 172 70 186 249 13 66 100 93 114 242 244 234 27 86 93 15 146 172 104 108 224 164 16 71 188 
151 11 3 4 75 136 61 143 243 14 121 199 141 112 55 204 123 198 177 88 242 129 93 4 60 48 61 202 13 130 53 124 164 214 83 205 117 152 80 229 53 21 223 110 110 156 201 200 151 228 142 177 34 81 212 110 210 207 129 77 28 32 188 215 38 10 174 142 93 176 144 184 41 17 198 20 104 169 
195 186 56 206 95 109 121 193 219 164 225 201 78 177 132 156 162 11 26 224 174 77 143 4 190 9 35 26 187 104 170 53 215 74 54 137 70 125 35 83 165 213 46 222 71 244 155 79 229 35 177 31 242 23 8 137 33 151 221 172 246 174 120 219 36 26 59 60 233 199 74 194 83 166 44 5 128 2 
246 244 139 133 216 250 220 37 118 135 244 56 59 247 52 10 86 103 203 209 33 181 217 196 146 126 163 102 248 100 224 16 63 138 11 29 114 109 146 78 104 215 92 169 206 110 15 141 34 244 57 166 12 225 194 226 155 104 148 22 117 61 186 226 101 161 144 74 163 207 80 134 207 161 152 220 237 169 
157 88 169 131 154 207 158 54 71 165 47 198 230 176 248 116 150 17 250 21 126 129 202 32 245 42 62 160 170 176 155 228 160 227 221 238 16 222 208 35 33 58 116 203 121 163 18 214 142 154 107 135 106 125 177 27 141 229 141 228 73 131 219 208 195 250 236 91 142 235 219 201 177 160 35 221 33 99 
240 156 70 75 229 98 182 66 104 164 89 210 166 145 25 135 63 58 243 22 223 171 49 61 233 29 88 238 111 143 103 138 173 11 50 155 92 230 100 152 198 138 3 0 69 218 30 223 75 122 83 68 182 13 25 188 219 150 56 240 223 23 10 181 221 128 80 146 207 75 169 64 241 242 128 135 51 179 
163 147 127 125 250 57 229 17 119 240 130 93 108 249 89 181 137 119 230 222 101 172 126 114 135 245 171 225 93 105 242 208 76 114 45 218 76 4 66 26 149 29 229 196 112 129 26 154 172 205 154 79 52 108 110 117 3 168 70 84 231 236 230 45 59 61 138 111 33 84 143 9 60 114 70 67 55 204 
99 114 103 248 194 24 118 238 24 41 153 32 37 171 180 149 56 58 120 21 173 235 148 178 176 18 171 132 131 41 248 45 6 96 127 211 163 86 89 193 82 230 242 0 120 149 130 75 216 67 24 204 62 40 141 137 191 200 109 186 196 81 133 229 117 218 117 17 202 117 48 245 86 195 134 166 139 217 
227 152 123 152 177 173 234 38 68 39 241 222 105 212 242 38 32 221 169 39 234 165 215 115 9 84 61 91 0 124 244 78 199 35 185 186 37 221 232 192 246 7 27 140 242 120 202 86 211 56 98 14 62 130 95 70 93 10 6 152 89 242 58 63 71 214 162 56 29 44 15 138 128 111 147 138 49 18 
175 95 85 51 199 197 92 21 160 9 173 137 148 119 221 213 71 51 223 73 228 31 204 232 130 153 187 85 123 134 106 136 91 80 173 24 151 210 226 167 63 24 124 58 237 92 191 83 221 177 181 67 152 157 230 18 0 249 49 15 198 150 80 126 225 82 24 90 228 70 215 225 198 118 98 79 89 192 
81 89 181 249 190 14 171 191 62 32 168 235 114 15 200 1 209 126 20 189 235 216 198 128 64 226 24 104 149 181 79 105 227 214 134 212 121 106 167 140 246 107 36 66 83 66 152 41 46 245 17 213 171 232 206 94 132 124 134 204 132 62 154 26 225 58 58 94 98 197 140 128 199 100 37 227 68 218 
59 140 43 101 185 110 187 199 86 206 55 242 138 145 72 203 247 188 143 5 104 76 89 116 151 79 131 204 153 3 234 118 214 136 71 164 235 53 103 54 88 104 187 201 220 123 154 88 127 30 53 119 188 128 233 102 154 212 36 34 26 71 19 208 97 29 224 15 134 222 4 235 162 161 112 57 215 188 
25 200 77 111 26 239 173 178 120 49 159 197 45 14 91 179 34 64 109 146 55 111 12 43 246 174 186 212 152 76 157 92 130 214 222 227 95 138 135 201 5 47 45 191 108 179 187 28 94 210 234 16 245 24 154 93 111 160 90 181 31 132 84 159 129 165 108 187 0 73 140 202 6 110 90 163 102 61 
171 157 127 130 184 115 203 181 57 79 57 11 85 3 113 16 31 128 15 204 107 143 98 123 72 51 233 55 88 51 128 186 33 211 11 154 178 205 113 206 91 56 130 236 214 164 199 28 231 228 33 154 212 13 101 55 206 142 164 237 104 222 15 96 51 163 120 44 51 18 207 169 29 213 78 204 171 97 
21 20 201 41 180 85 59 201 28 163 171 140 177 185 68 89 218 208 144 214 150 59 18 99 96 124 234 124 141 81 90 168 157 213 161 66 61 160 92 97 23 54 95 152 65 182 163 52 26 132 57 178 163 209 48 249 2 25 246 143 144 194 191 71 193 25 26 228 88 83 76 61 173 199 74 36 237 235 
53 111 19 117 37 168 142 80 5 179 165 227 135 93 47 130 61 20 158 187 68 217 120 117 161 220 225 109 227 170 6 189 67 126 101 44 208 36 164 34 105 238 214 167 73 166 226 173 175 173 182 103 46 5 86 136 222 73 164 146 45 33 54 44 144 103 104 51 164 233 58 223 184 37 163 3 132 131 
46 106 87 91 145 31 151 162 45 114 191 93 55 23 81 87 248 63 94 31 163 205 78 187 227 123 223 65 175 63 194 124 237 203 55 112 118 131 174 111 149 14 166 205 76 185 104 136 222 110 181 180 132 229 225 227 10 169 105 105 228 238 35 26 200 100 47 138 191 175 57 215 7 149 196 210 132 231 
15 238 234 199 42 180 215 94 48 18 98 186 26 228 250 188 178 10 171 20 151 86 175 217 121 250 170 186 204 14 48 149 186 35 246 247 35 190 138 47 87 52 2 57 27 64 47 199 122 91 149 155 187 231 28 180 1 41 174 87 96 172 40 206 40 152 99 125 122 55 98 14 174 88 56 5 119 36 
85 151 22 213 110 45 137 34 206 18 226 215 190 78 216 36 159 177 191 16 225 207 63 70 61 90 57 15 1 26 17 222 182 14 131 223 193 185 233 40 205 216 116 110 174 66 149 239 108 72 189 79 17 162 114 121 182 219 220 226 147 91 234 247 123 154 86 155 5 133 7 230 67 244 163 118 242 218 
145 55 167 212 28 74 166 207 153 175 50 217 134 56 161 41 88 3 215 136 169 220 22 229 115 114 21 173 127 85 206 222 149 95 77 79 190 81 128 5 16 174 202 161 76 174 128 47 138 43 58 177 211 154 190 225 44 242 146 113 216 46 1 60 143 21 219 154 166 71 103 133 197 173 141 188 60 162 
172 93 34 69 53 94 128 223 120 48 190 241 208 152 73 250 166 5 76 144 169 225 135 163 114 34 154 5 192 108 88 105 82 233 128 174 219 86 243 159 72 164 22 103 216 36 149 36 121 95 92 50 113 147 45 3 32 204 195 181 135 39 140 34 197 217 227 180 62 246 208 76 192 22 33 181 38 160 
82 6 59 178 21 50 147 71 37 20 209 181 192 165 31 218 216 48 216 225 192 73 6 35 152 93 229 4 14 245 1 244 168 61 102 235 186 90 111 40 181 134 50 82 187 208 135 180 69 108 23 0 118 98 39 182 36 2 174 6 59 106 169 181 18 246 10 129 31 70 112 45 216 87 153 198 193 134 
208 250 109 98 16 220 186 20 195 52 55 127 91 21 127 180 228 235 138 23 178 42 141 63 225 153 79 227 138 49 49 32 12 70 170 76 219 157 240 4 213 201 36 125 184 47 8 22 107 10 220 7 23 154 34 121 206 166 206 84 35 157 231 205 155 43 94 130 30 44 135 54 25 65 93 68 243 169 
189 48 119 201 175 94 129 31 245 87 169 95 247 63 239 161 88 3 76 79 214 83 81 16 202 237 36 50 199 106 173 7 190 225 216 118 1 183 62 1 15 176 188 193 111 236 93 0 85 103 21 231 243 91 179 18 108 181 191 18 181 244 182 226 42 242 19 195 32 204 96 22 208 13 225 221 130 92 
145 238 217 237 238 46 6 103 129 24 114 225 113 150 43 141 34 161 228 78 211 74 42 19 150 124 62 237 157 99 225 36 124 46 23 43 195 62 104 133 165 33 136 137 140 242 22 19 218 25 18 121 241 156 85 127 17 191 168 76 167 27 218 153 183 239 193 119 16 213 70 192 35 101 202 191 127 121 
22 2 13 54 67 230 55 15 127 54 246 43 16 141 98 79 163 174 83 124 192 196 52 62 130 206 101 221 216 8 133 141 110 66 203 155 132 181 105 33 106 34 168 203 125 66 202 26 61 125 111 216 200 25 130 168 141 62 85 209 83 88 0 111 134 167 211 82 41 30 89 46 193 41 196 241 115 194 
123 135 33 168 28 125 241 212 193 248 104 90 46 152 87 25 185 112 164 9 175 0 201 222 21 28 243 139 60 112 141 3 56 202 87 149 136 212 66 85 9 235 126 126 98 12 238 91 203 195 15 30 203 151 70 195 221 189 2 73 241 194 14 171 249 206 186 98 204 125 25 30 198 104 50 116 179 209 
66 125 30 98 220 214 31 87 129 65 193 242 103 191 56 174 75 165 127 23 142 86 200 87 67 57 191 24 15 115 104 29 42 33 133 106 75 159 2 111 72 154 146 195 114 197 136 242 125 134 163 149 40 181 162 27 131 80 76 102 20 164 227 8 106 163 164 209 0 236 201 227 19 181 94 184 211 208 
247 206 30 16 228 64 203 219 28 117 88 116 243 175 247 120 133 94 150 249 235 175 167 71 26 19 203 7 205 35 98 217 98 160 83 219 184 63 239 183 249 210 4 210 229 23 160 113 72 56 233 131 158 184 228 40 15 249 49 65 30 223 50 127 177 113 180 246 130 6 67 3 152 96 21 95 162 47 
124 236 124 241 112 224 220 64 67 245 103 213 58 122 144 38 76 221 22 190 153 107 99 38 71 46 184 9 80 149 225 99 235 210 156 50 227 145 223 152 44 138 118 45 187 152 28 18 35 240 43 56 70 86 210 17 45 234 134 90 197 195 124 244 77 11 197 92 232 79 161 104 236 179 233 173 36 179 
78 45 56 182 162 229 217 104 203 33 119 243 175 190 137 112 108 240 119 182 138 147 249 90 150 238 143 173 139 9 10 57 2 22 113 36 8 53 95 245 34 181 29 230 93 192 222 72 121 220 36 62 172 240 67 243 145 231 24 199 134 172 79 26 165 83 0 226 144 53 246 111 190 131 5 126 37 9 
