48
55 16 33 199 34 153 26 211 207 215 235 161 209 56 81 244 33 123 164 60 134 228 135 137 218 244 183 172 109 87 127 54 175 123 145 95 248 30 104 101 141 69 46 2 125 72 28 7 
103 61 113 49 196 96 192 161 208 169 126 224 219 196 102 78 51 142 62 154 220 68 224 226 192 155 239 49 109 159 220 159 193 71 52 111 128 246 172 139 194 69 48 102 19 63 77 45 
135 81 165 218 205 178 179 149 3 13 80 39 28 89 0 51 67 204 131 100 163 51 161 195 1 102 173 231 18 203 214 75 133 244 209 228 33 165 178 108 84 0 132 154 179 9 225 236 
12 141 192 197 50 7 132 154 63 189 41 214 247 169 81 18 63 58 136 227 214 59 4 138 139 30 101 177 94 181 46 117 117 110 93 101 141 138 68 162 62 116 195 164 96 18 231 180 
127 179 57 81 71 117 163 48 94 59 160 2 176 88 28 200 51 67 18 64 11 113 66 233 217 143 25 110 151 171 6 247 151 32 248 115 83 186 119 189 96 8 240 11 12 96 43 232 
245 54 236 74 243 207 225 143 18 155 66 125 83 239 175 185 21 40 44 208 144 3 23 142 3 45 90 240 129 80 89 201 182 83 42 117 3 3 1 179 235 76 203 17 45 92 166 138 
42 140 196 237 226 123 239 140 103 199 246 198 215 94 115 94 31 156 72 27 164 154 198 145 166 235 209 212 250 109 213 72 117 142 35 12 170 241 39 59 46 64 41 72 131 79 170 162 
219 171 51 44 23 101 135 110 221 95 85 203 126 15 179 9 70 149 210 148 192 237 219 213 130 224 97 78 168 122 152 246 201 89 39 79 40 223 220 145 192 35 172 85 69 227 3 74 
179 20 173 238 19 115 246 77 193 12 236 160 164 24 71 12 134 5 225 39 158 217 16 94 105 170 144 20 208 206 236 236 140 159 243 67 161 232 192 149 115 78 106 7 6 31 91 168 
40 78 67 95 214 64 140 119 220 236 81 224 224 10 115 174 110 163 7 43 156 122 163 61 41 96 81 41 214 202 209 196 116 178 30 161 69 226 29 66 245 47 75 118 100 38 249 195 
156 243 237 15 24 130 190 93 55 224 83 242 67 133 139 166 50 108 94 143 101 184 0 245 17 35 64 104 157 225 104 248 180 51 151 98 95 204 204 21 49 177 133 145 205 233 29 82 
106 5 131 86 65 56 58 250 33 194 139 98 245 24 224 114 7 207 125 168 50 250 4 179 42 112 136 198 175 218 134 186 26 110 145 122 192 95 236 182 108 160 1 30 28 167 229 197 
104 117 171 208 128 191 162 243 195 96 138 19 44 1 225 193 124 100 120 69 166 159 70 92 87 88 141 113 124 135 246 244 111 90 73 6 79 120 13 31 70 129 7 161 57 84 185 156 
55 186 240 29 153 222 173 28 234 14 212 182 18 71 33 9 169 215 109 20 189 2 79 133 64 17 148 80 136 83 75 111 130 122 216 176 96 222 58 104 78 210 169 15 72 181 158 35 
58 234 150 59 24 16 105 144 203 101 106 168 125 190 140 86 140 59 84 222 196 219 85 242 248 235 167 154 118 25 131 117 20 152 173 55 36 211 170 206 52 178 224 122 168 150 157 148 
85 88 120 99 206 97 33 157 182 107 83 169 206 68 124 152 24 155 243 54 174 9 78 132 245 145 209 132 167 185 11 78 149 198 115 176 227 93 151 30 168 219 152 69 107 18 142 79 
194 125 31 214 78 85 118 153 190 22 161 147 132 48 55 0 32 149 62 124 2 208 217 164 94 46 213 242 142 10 69 61 186 221 177 234 203 142 198 152 116 42 37 101 171 173 170 46 
124 12 9 86 184 144 80 66 71 223 49 202 75 197 36 48 160 70 0 239 81 100 238 227 210 11 221 159 175 140 154 1 6 60 74 142 140 1 198 4 168 97 99 1 138 13 133 83 
125 31 6 29 109 56 48 174 19 191 163 152 53 127 28 172 104 37 140 180 21 225 84 243 77 25 188 5 40 7 199 168 122 209 20 218 234 226 217 226 41 40 12 127 58 54 59 51 
180 58 228 249 186 179 163 117 215 235 192 88 240 134 8 90 217 51 214 25 59 8 127 54 71 244 120 158 4 22 194 219 79 232 215 94 208 246 28 234 211 75 78 202 11 238 58 13 
239 233 10 45 33 166 116 132 146 106 68 159 143 60 68 193 7 65 18 161 90 111 166 87 174 216 162 156 12 154 103 6 4 200 64 183 179 110 80 128 14 141 115 83 74 169 134 164 
11 192 19 28 138 148 31 202 214 97 178 119 88 176 185 57 238 185 40 139 121 161 229 189 45 44 190 121 125 138 1 68 156 41 92 42 11 210 30 42 221 144 29 110 201 49 149 89 
199 148 131 222 149 191 10 22 83 119 10 174 90 89 183 168 19 69 244 186 217 218 67 216 29 223 226 74 89 133 192 11 39 203 133 135 153 106 196 124 187 189 192 55 203 175 216 212 
92 12 140 164 103 159 41 146 145 92 56 8 204 201 200 29 195 108 54 84 202 169 166 100 78 7 217 216 186 140 178 192 186 48 74 58 53 68 46 51 230 80 206 72 238 38 190 192 
72 187 207 60 240 112 247 52 96 44 152 76 219 91 146 204 173 226 173 86 193 135 223 28 112 216 101 181 30 239 246 105 175 202 104 209 37 99 81 18 69 167 166 183 130 120 207 35 
221 200 222 34 137 70 20 61 153 195 139 17 54 48 128 75 201 156 115 221 99 17 250 7 159 204 233 248 3 23 16 160 109 21 168 185 144 168 25 16 165 41 151 97 188 198 248 150 
36 46 52 35 230 26 206 155 75 103 76 62 190 60 10 115 64 178 158 10 43 231 137 164 80 141 44 94 59 122 131 144 133 113 231 212 141 187 75 30 94 177 156 248 5 107 249 21 
145 11 12 223 42 82 57 194 172 243 140 164 143 61 82 128 221 238 38 246 200 7 126 165 129 97 16 193 241 64 242 37 152 194 152 220 36 202 19 123 3 66 162 219 24 49 248 143 
124 171 243 231 18 76 221 120 248 6 156 194 239 11 150 135 122 98 187 49 82 52 86 42 6 45 152 51 145 175 125 165 204 81 157 71 193 69 138 57 75 191 228 146 81 21 48 120 
27 124 206 181 81 109 136 127 158 98 211 244 239 63 18 156 198 0 153 245 116 100 205 99 11 35 74 139 48 163 17 64 188 36 224 226 60 148 166 215 50 111 227 43 178 26 218 189 
95 246 142 119 49 80 26 150 162 22 158 222 50 222 89 78 189 4 186 139 125 203 175 85 27 106 236 32 95 223 159 23 155 246 112 46 18 228 199 195 57 163 20 137 243 124 60 50 
27 213 132 118 23 111 61 176 219 131 226 239 126 216 185 36 55 24 198 51 174 93 121 202 162 216 166 137 33 201 194 122 146 250 137 119 66 119 203 137 31 44 220 63 4 64 69 194 
209 92 248 71 99 119 113 8 136 167 21 208 206 109 48 165 179 47 89 1 207 183 104 237 206 204 49 43 118 142 179 171 163 73 51 241 127 19 96 53 148 7 21 189 95 236 149 40 
159 234 4 21 155 116 90 14 153 109 170 172 229 137 241 38 216 114 42 205 178 179 138 39 219 117 19 117 203 218 105 196 142 143 136 193 62 34 196 38 67 169 144 159 51 168 81 91 
204 133 139 48 47 212 228 116 131 175 152 158 115 0 134 68 194 157 11 2 220 50 202 188 38 217 206 163 27 138 88 127 156 144 240 222 17 164 166 185 114 5 148 205 197 35 45 166 
243 128 245 113 246 4 213 48 19 81 165 191 180 249 170 31 180 95 59 221 9 68 138 189 176 63 207 115 173 242 20 231 4 33 86 245 41 17 120 67 248 116 0 33 117 71 244 48 
108 90 136 31 47 183 227 104 49 50 199 198 66 38 247 56 110 16 17 217 150 92 155 98 57 138 244 83 37 133 146 21 108 237 0 174 120 222 55 203 222 98 103 213 90 87 182 45 
122 31 133 242 155 188 98 175 219 5 188 54 155 134 126 59 183 49 248 200 16 29 244 163 50 49 17 237 47 131 154 143 238 85 82 107 183 145 118 243 250 3 29 89 0 196 208 57 
72 47 59 146 103 78 213 184 4 41 173 188 193 144 80 207 196 1 119 37 245 48 64 106 245 37 226 191 142 98 218 136 132 46 113 238 132 195 182 63 150 151 199 89 97 185 178 4 
36 95 64 245 177 226 137 208 232 169 30 105 80 101 20 137 137 188 157 95 137 3 175 230 219 243 57 69 6 41 132 145 221 201 243 55 235 122 56 77 236 136 238 29 200 170 203 172 
129 162 243 169 55 41 198 117 52 214 39 36 205 50 63 50 51 58 195 250 27 249 194 133 25 31 217 184 33 218 47 233 58 205 2 71 102 40 195 238 5 243 121 4 90 92 71 237 
178 73 49 98 92 43 71 18 49 117 131 45 196 159 130 65 95 186 48 109 202 176 209 217 164 65 233 137 184 106 36 47 149 227 226 170 114 42 68 44 62 249 249 22 43 52 241 22 
83 16 44 144 122 0 216 169 199 222 50 12 13 135 37 107 159 166 78 112 227 234 175 146 181 203 119 78 234 116 153 158 141 235 189 83 104 183 143 21 232 82 117 118 209 220 52 148 
1 207 236 69 91 94 117 211 36 31 183 61 61 141 237 236 18 180 182 233 175 182 167 26 169 2 207 8 108 247 223 80 10 192 204 3 110 128 207 19 208 70 85 159 193 114 158 140 
67 148 48 90 92 218 168 250 122 106 73 171 240 34 196 76 78 37 236 184 185 240 196 90 53 92 83 220 39 16 36 69 38 215 154 225 115 216 186 207 64 52 41 71 157 63 154 70 
148 32 67 182 206 15 227 13 93 203 63 16 181 33 192 44 26 169 93 75 0 184 122 202 249 142 190 111 214 137 60 111 213 75 5 72 94 76 122 150 77 109 1 219 45 79 228 214 
165 28 226 1 79 165 15 170 23 46 159 200 11 166 61 38 133 75 133 96 160 184 237 74 57 73 47 184 128 121 91 2 0 34 95 13 37 165 97 224 238 75 91 27 193 116 212 57 
127 227 29 215 16 158 229 3 220 78 13 89 17 232 82 138 37 66 31 51 124 110 96 79 155 112 223 139 181 96 192 182 32 207 177 175 83 58 112 133 215 110 219 216 139 96 158 89 
