81
165 50 123 49 64 153 109 121 208 31 181 199 146 191 32 240 167 4 74 143 93 180 247 16 128 125 150 243 3 177 40 168 209 162 11 35 136 95 96 214 206 8 36 94 193 216 225 219 241 165 209 218 48 92 104 37 176 28 28 114 161 16 90 211 198 214 27 28 66 79 20 58 130 246 79 133 11 203 83 42 211 
164 46 135 173 49 250 11 137 47 19 39 171 200 63 2 20 115 206 18 160 145 197 210 169 114 207 5 37 131 199 23 197 63 218 203 103 213 211 97 34 169 249 190 181 90 237 63 3 199 71 87 98 118 180 135 66 152 208 213 110 12 16 177 10 1 124 232 160 86 232 33 86 92 215 60 8 222 41 170 172 20 
58 109 97 205 185 209 63 84 112 120 55 102 167 131 63 183 205 11 243 71 61 29 172 250 18 155 211 171 142 53 209 195 244 227 107 80 87 34 197 10 31 113 36 47 116 125 207 179 79 71 92 212 41 183 60 109 214 58 74 61 44 161 71 57 223 61 188 139 183 240 25 31 166 125 17 121 13 89 81 67 132 
206 229 154 88 32 116 18 217 58 85 181 153 76 237 222 14 173 197 104 3 47 216 189 31 223 209 204 181 98 113 153 31 62 192 4 171 220 52 11 102 220 144 198 131 150 215 109 81 190 133 4 71 48 50 205 117 69 117 29 98 92 31 131 220 117 205 193 67 99 167 136 155 220 20 240 72 196 108 82 75 17 
152 56 49 148 238 190 208 151 134 90 241 117 55 228 235 11 233 165 219 7 215 226 208 239 151 109 188 60 160 248 217 70 109 145 115 242 49 226 216 147 220 50 28 75 224 116 2 232 164 152 210 109 14 18 98 55 162 173 57 115 236 134 184 248 8 188 240 77 58 206 35 204 223 129 116 112 46 17 158 150 23 
181 226 211 42 76 60 49 25 106 150 206 160 144 31 212 38 96 168 81 20 186 50 79 175 0 64 226 18 241 68 58 226 79 160 229 133 214 7 222 33 243 208 204 246 83 248 105 102 237 18 116 123 114 235 195 78 27 2 245 138 54 42 25 216 107 83 85 165 108 218 167 213 245 238 235 13 126 86 146 120 220 
17 58 226 139 81 155 244 44 69 70 206 94 141 98 56 92 202 174 36 161 58 22 184 134 15 36 233 146 194 151 39 191 240 237 80 109 162 112 201 85 46 210 160 135 27 126 248 167 11 48 103 79 189 121 152 205 180 123 30 15 230 137 235 168 249 249 159 66 121 220 24 12 176 207 238 220 175 150 207 68 84 
1 179 11 0 234 147 182 195 138 186 48 159 172 18 162 228 220 115 152 21 85 14 140 166 124 152 186 141 30 56 113 57 77 233 160 77 33 242 228 71 43 183 183 202 132 201 25 146 46 145 21 118 240 213 119 195 83 93 216 219 200 0 39 51 229 191 102 80 215 187 149 110 242 38 86 17 63 152 130 72 196 
59 36 189 238 196 187 16 5 134 17 174 0 47 87 57 133 7 219 93 165 212 212 218 99 187 126 56 32 37 8 74 83 65 165 215 168 187 69 234 183 25 58 132 130 161 212 219 30 211 28 201 33 127 66 142 246 90 20 215 164 201 235 207 28 34 18 229 122 7 190 228 216 121 100 150 48 106 71 88 103 247 
118 107 236 177 94 11 51 151 149 40 54 20 73 235 144 96 36 154 188 105 186 42 9 151 244 190 38 102 198 51 142 17 6 138 75 208 26 159 93 129 51 145 46 147 156 176 190 36 188 118 52 224 182 38 190 111 181 230 130 188 91 162 195 164 129 239 77 167 99 114 240 215 188 157 3 27 208 77 170 177 153 
3 225 117 219 76 173 157 152 229 58 82 77 132 54 118 25 101 155 76 118 62 20 211 33 239 202 174 107 79 45 33 49 3 52 91 94 246 4 142 40 223 217 10 9 169 158 190 190 24 0 143 66 143 8 91 49 127 239 66 39 171 9 192 190 64 63 250 34 107 122 127 3 24 156 243 29 155 212 50 211 143 
84 186 86 107 148 98 14 159 70 225 242 250 1 93 45 245 90 244 201 18 229 19 41 222 156 96 142 228 96 30 240 37 226 41 26 173 210 100 46 65 246 111 147 176 125 113 20 200 181 93 243 109 228 143 171 56 184 2 172 174 118 7 134 169 196 164 39 21 163 55 164 91 92 21 24 110 83 224 8 10 145 
29 235 96 196 154 83 249 26 11 244 182 50 74 77 176 144 189 123 232 28 9 111 168 154 198 129 215 138 226 134 248 193 119 166 164 246 228 62 197 222 92 87 96 89 214 3 74 189 224 53 33 176 232 129 222 138 202 119 58 12 246 241 141 218 98 43 47 82 186 170 226 232 248 227 208 162 176 64 162 200 46 
96 225 50 229 59 89 169 210 250 186 132 107 236 130 184 150 103 195 58 141 239 6 247 217 108 143 64 144 37 40 220 40 162 160 185 211 206 17 125 174 95 143 139 172 133 197 20 168 167 102 220 127 229 182 123 32 106 111 140 184 135 186 180 184 170 68 124 138 77 232 58 77 56 3 228 245 33 204 87 72 7 
82 43 32 58 145 155 223 179 247 100 134 238 190 121 92 206 32 222 220 129 242 152 138 10 53 90 183 2 9 199 152 69 210 188 157 141 230 101 16 94 234 146 76 47 178 250 106 70 100 67 57 181 208 81 228 76 232 102 241 158 71 34 210 88 238 105 18 181 129 187 73 206 49 156 180 84 100 196 35 248 72 
1 118 123 130 67 1 98 209 74 121 122 214 14 89 164 60 215 39 240 139 28 121 121 47 106 125 231 246 207 40 178 105 164 234 59 40 9 182 186 30 107 198 37 199 62 217 86 224 49 9 32 210 234 54 129 240 176 183 118 60 149 40 175 162 30 234 141 176 144 249 203 219 8 25 233 64 177 148 192 68 14 
109 55 228 18 117 149 88 101 159 54 218 195 219 141 186 26 195 198 71 236 14 162 115 89 49 87 93 3 117 182 179 202 57 79 156 115 73 16 19 102 46 49 207 75 21 74 0 184 58 176 17 112 151 182 177 7 219 213 220 152 103 14 224 37 24 168 22 72 132 116 35 111 125 80 83 206 68 250 208 130 134 
235 191 194 16 248 63 23 235 189 122 60 116 173 106 127 116 82 232 168 192 60 100 158 206 104 203 135 234 90 165 103 20 44 41 104 201 163 94 99 13 215 239 153 39 23 236 137 71 183 203 12 219 226 82 63 135 180 59 202 172 42 35 161 83 198 63 3 121 49 243 128 2 228 104 45 154 34 209 103 211 22 
49 88 34 72 11 74 83 30 234 79 7 158 173 14 17 150 29 68 229 89 144 65 60 10 123 63 4 223 114 145 120 211 126 210 223 71 70 104 233 123 234 22 25 71 217 25 62 14 150 25 81 192 159 171 201 229 171 77 147 177 87 227 229 115 127 73 176 123 57 21 61 159 131 148 121 60 213 68 208 124 216 
203 66 13 198 8 114 239 181 107 165 170 96 75 66 250 3 31 18 95 231 171 106 201 139 141 73 60 227 119 52 207 98 29 99 199 133 29 76 228 241 31 129 129 128 37 108 177 99 216 182 165 130 110 126 222 223 25 168 187 233 70 145 0 73 93 171 129 157 70 225 34 50 175 74 45 149 175 112 23 149 155 
132 72 115 200 82 114 197 144 192 81 228 4 248 54 223 21 163 129 172 93 143 4 153 136 179 217 34 237 247 19 135 32 186 137 196 234 190 206 123 66 225 38 136 157 140 219 162 157 92 122 209 107 107 126 80 21 116 38 97 82 247 174 192 202 190 55 51 96 217 129 21 120 106 188 175 104 48 110 62 30 19 
193 23 5 73 125 8 27 190 74 20 243 4 20 4 161 18 206 6 69 107 238 3 129 23 94 82 242 223 248 72 218 149 150 32 46 179 174 150 103 206 47 196 231 106 224 237 8 228 178 7 236 17 60 21 214 193 97 132 56 184 236 234 157 238 202 174 209 216 235 214 225 241 77 155 169 232 135 165 26 41 184 
140 231 2 149 191 69 212 48 160 157 246 134 232 231 180 137 196 75 149 9 22 218 202 119 117 97 73 34 2 104 174 198 238 200 76 67 121 157 117 66 242 129 13 35 15 80 210 228 120 172 77 204 35 179 155 140 178 32 99 230 190 35 136 10 4 84 161 5 129 126 70 34 21 155 162 125 21 129 148 123 172 
201 147 70 239 110 46 87 46 20 35 240 193 23 243 196 39 200 81 58 6 236 172 214 141 26 108 232 67 63 203 245 89 214 19 113 135 250 162 150 123 217 55 249 225 132 114 174 36 26 172 128 224 180 179 131 55 51 166 231 85 190 127 149 61 203 115 211 55 216 234 36 115 183 41 41 66 93 162 69 127 168 
134 63 71 200 153 31 225 30 195 143 195 38 79 42 18 215 111 97 153 166 72 159 250 89 127 8 69 149 10 114 56 105 11 136 142 124 100 146 173 222 35 161 38 10 241 154 50 112 231 239 116 48 94 239 98 166 62 241 225 6 216 131 90 215 82 66 103 91 203 0 32 95 119 206 159 193 189 231 246 123 228 
8 27 156 118 13 152 61 54 227 222 123 226 82 174 194 156 77 25 169 25 85 71 55 52 49 168 161 98 241 35 89 224 160 108 131 55 230 62 163 103 169 145 57 169 30 204 157 230 34 54 1 36 57 205 185 37 72 46 228 157 115 1 178 211 128 216 165 204 109 133 109 202 247 179 234 38 44 170 11 249 90 
183 204 201 216 115 162 39 156 20 33 135 102 31 195 144 66 112 149 223 136 92 207 243 25 182 206 172 107 118 146 221 245 49 60 204 217 173 187 241 95 99 151 248 36 191 202 159 226 82 99 45 220 35 98 110 90 122 2 246 131 121 26 107 246 42 90 167 143 215 182 1 170 247 143 234 71 248 247 50 162 152 
58 119 9 66 208 69 243 235 200 124 95 129 0 184 193 231 5 38 28 210 233 55 120 12 139 86 197 91 60 42 180 208 32 51 193 46 149 20 32 86 153 191 222 50 46 33 216 211 47 5 30 31 92 169 20 250 111 7 46 95 124 57 224 59 131 209 82 188 226 62 2 203 193 97 124 10 165 133 93 208 79 
8 40 220 221 134 130 73 37 74 10 75 216 98 137 28 243 102 96 78 120 195 172 104 9 27 225 199 204 217 49 206 152 178 4 153 195 116 84 47 154 41 202 85 186 202 23 26 47 109 196 144 2 125 66 215 81 160 215 107 145 97 115 157 151 127 130 7 118 137 39 233 59 141 98 26 15 85 195 227 15 90 
23 137 1 188 218 188 92 194 83 48 118 216 57 9 189 134 165 131 81 228 26 53 153 199 175 1 69 183 25 171 54 28 192 241 64 173 85 131 72 92 175 33 120 94 226 87 118 236 238 164 214 55 203 211 65 129 229 226 71 217 69 155 38 54 65 30 185 230 156 131 230 139 217 162 135 80 213 23 81 63 9 
10 215 161 220 154 59 37 112 23 203 224 217 211 242 122 10 246 182 130 220 42 33 132 76 231 109 31 148 172 207 28 106 14 34 3 45 60 189 127 213 107 50 28 169 117 80 100 76 159 137 87 201 6 128 176 103 20 117 61 161 36 136 113 121 221 0 154 164 142 94 249 89 133 71 17 213 108 148 168 106 173 
231 141 127 228 50 16 144 57 117 244 204 217 13 164 152 94 45 169 177 138 58 216 77 112 45 68 72 19 174 110 18 226 122 118 236 216 22 100 218 32 157 89 213 17 138 198 216 60 37 161 96 104 143 213 205 194 59 10 59 43 121 0 172 42 91 177 4 54 162 225 246 159 159 188 148 24 113 124 239 136 136 
168 61 240 201 137 13 20 185 120 171 156 139 55 151 97 152 180 89 78 73 206 69 213 89 40 140 107 216 87 12 155 167 231 198 74 194 150 187 241 221 137 37 119 165 135 125 94 243 3 93 13 139 37 62 191 93 131 134 117 160 197 50 95 230 223 0 241 19 226 178 88 115 34 131 97 6 202 25 132 114 86 
202 186 245 94 172 63 107 165 164 223 102 205 164 208 57 250 19 150 29 33 168 75 21 92 96 16 85 106 178 250 59 5 238 232 133 0 190 122 71 210 207 70 218 169 59 68 250 36 145 162 131 16 196 37 81 1 143 130 14 145 109 186 99 234 12 43 206 232 8 163 86 22 242 130 48 182 136 75 149 1 122 
32 213 63 179 7 236 68 131 42 192 218 53 235 185 146 246 247 82 192 134 233 221 139 100 21 208 136 145 35 124 131 28 158 12 121 64 16 74 210 225 28 134 55 72 47 33 61 17 231 4 32 9 204 59 119 114 116 204 47 225 204 137 139 242 94 239 179 121 85 95 122 13 49 68 9 112 232 247 3 16 218 
12 144 8 181 75 43 80 241 19 44 157 135 198 138 197 8 233 223 179 149 69 101 228 19 190 119 17 207 164 177 207 58 183 224 131 173 186 177 21 158 23 146 119 218 129 140 156 192 133 31 72 143 184 243 246 13 172 62 176 124 173 244 221 30 41 211 173 201 153 117 204 86 225 116 113 247 80 232 145 15 52 
4 113 98 92 36 149 242 116 243 128 221 114 199 14 189 109 245 236 171 219 138 181 245 97 185 71 10 173 125 119 179 176 35 88 141 10 160 87 128 248 56 167 132 204 70 225 175 28 115 187 211 226 218 74 109 80 55 246 243 117 204 235 128 133 161 123 231 239 160 157 166 247 77 224 193 6 17 36 221 114 131 
35 143 111 118 236 214 32 79 33 0 52 150 138 121 239 52 210 111 60 182 35 8 175 117 134 237 59 246 94 92 153 201 56 193 97 250 197 246 88 229 195 108 68 144 31 41 68 137 154 204 238 17 149 236 178 83 49 225 240 168 14 133 3 152 144 178 174 28 88 208 162 247 100 182 94 37 91 107 30 97 59 
6 112 189 237 69 152 202 10 174 174 130 130 25 249 48 189 207 149 69 64 52 27 173 20 247 230 106 58 135 203 73 176 73 111 217 51 127 195 106 52 27 232 88 104 117 225 246 197 93 96 225 67 225 116 79 106 131 235 52 202 19 216 82 192 173 37 149 141 77 17 130 224 102 131 213 224 106 38 70 249 133 
176 218 104 121 89 248 200 86 131 65 245 10 104 2 111 87 39 46 127 239 78 64 155 88 118 89 100 237 104 135 196 143 7 206 40 115 227 115 156 155 180 80 4 184 81 101 138 49 228 43 145 40 48 55 8 36 84 164 157 12 31 0 142 128 27 107 204 190 78 213 50 238 17 210 125 26 237 8 230 26 210 
235 214 0 120 78 23 233 138 106 76 98 10 234 62 90 47 58 69 121 160 227 147 153 234 131 227 43 109 133 150 30 99 166 34 216 45 26 233 140 115 187 99 66 108 229 140 151 171 134 51 108 36 231 189 75 235 148 65 77 74 137 171 191 81 249 122 193 127 94 205 0 225 58 118 175 71 94 190 125 212 208 
121 228 237 9 185 46 34 170 223 49 177 80 68 50 15 166 28 148 101 78 193 169 81 139 173 220 143 161 151 147 60 68 28 193 247 74 109 9 183 215 56 14 125 231 122 50 1 2 130 85 184 174 104 84 178 138 82 72 192 72 161 113 13 106 1 191 46 31 207 46 99 29 211 43 84 74 135 41 234 159 174 
226 167 226 132 193 179 92 187 195 54 7 174 53 181 213 48 239 230 101 185 246 5 247 139 237 54 180 244 80 130 147 20 49 132 126 216 208 103 237 162 54 131 69 137 36 127 188 244 7 25 165 246 163 11 237 6 80 23 175 236 138 84 173 249 86 64 76 136 25 103 204 190 203 154 236 30 232 67 69 62 166 
177 178 216 241 25 183 199 118 197 185 132 82 29 236 233 73 6 200 156 40 191 158 211 8 190 183 178 33 215 248 26 143 123 104 246 67 38 218 189 154 51 98 194 137 105 197 173 250 227 146 76 1 226 241 39 162 157 32 120 105 63 68 135 223 109 171 11 42 23 65 39 55 21 1 121 140 130 95 3 70 77 
110 4 217 181 220 41 190 250 235 110 69 24 41 34 130 81 212 247 227 3 187 70 0 141 153 35 188 146 195 29 157 214 2 95 48 220 44 191 206 133 21 24 61 189 219 109 191 31 166 142 138 209 32 23 77 199 87 234 146 132 225 134 230 147 230 5 226 164 49 20 35 75 152 126 226 122 54 225 107 35 217 
43 186 201 173 102 161 12 25 94 198 202 74 237 48 75 45 57 231 56 181 139 106 242 82 60 66 101 28 99 84 36 229 16 88 6 121 234 124 99 37 163 61 156 131 184 127 169 3 60 60 239 51 153 90 7 124 107 132 104 162 115 131 230 167 201 132 8 127 185 103 65 130 220 86 137 132 241 78 37 110 231 
230 108 92 176 27 167 161 142 172 40 111 42 160 219 70 249 238 248 193 142 92 185 71 60 238 8 129 25 78 128 160 13 68 247 81 178 93 114 116 208 50 92 31 2 239 105 149 127 19 194 189 59 44 98 189 39 144 71 166 200 7 144 20 168 181 7 185 223 193 118 6 81 34 197 82 177 116 180 234 162 232 
234 154 27 14 211 132 196 50 189 23 238 201 95 26 9 19 138 53 247 202 172 198 63 59 241 171 90 23 85 188 215 167 174 209 189 118 146 171 84 126 90 247 25 47 11 240 83 3 1 123 2 111 81 136 16 94 101 22 230 123 74 5 153 202 32 241 172 230 42 215 180 159 119 240 65 114 17 113 180 41 109 
228 153 163 67 13 200 66 176 3 16 73 208 83 113 66 45 7 157 187 147 207 204 184 84 146 50 249 79 247 189 55 106 205 53 209 98 148 79 147 114 127 105 38 26 198 233 179 5 64 125 225 24 103 14 203 44 112 250 158 245 43 99 144 65 149 162 7 77 75 15 139 233 135 145 250 134 168 36 166 40 83 
213 104 69 208 187 39 25 57 37 86 169 8 79 243 173 170 119 242 204 222 167 154 67 39 219 126 240 224 122 57 152 186 129 66 145 119 23 52 123 127 131 125 116 95 139 208 223 163 89 233 232 226 217 105 93 6 186 175 8 23 147 4 194 114 113 177 24 49 19 89 106 41 202 78 72 244 187 50 138 150 1 
79 67 74 126 249 245 70 225 61 145 94 187 34 41 5 82 228 192 92 41 230 202 90 50 170 228 27 165 82 163 184 68 94 84 125 82 37 106 152 148 58 145 21 136 64 183 224 66 240 235 215 47 156 131 93 85 45 51 147 133 26 162 87 44 10 32 148 15 198 119 135 93 162 157 73 229 102 215 197 45 39 
185 53 220 0 106 159 156 16 69 9 28 196 188 179 21 97 20 188 67 225 237 220 196 90 38 201 125 222 61 105 157 44 95 52 92 152 85 25 197 243 121 214 158 123 140 29 39 218 103 42 23 19 185 81 164 53 212 39 28 201 27 192 201 33 67 87 37 219 169 163 94 142 157 41 72 188 74 245 124 154 70 
20 145 72 191 141 245 168 250 191 32 23 170 242 52 206 175 179 56 166 127 69 2 21 228 76 9 51 205 176 209 114 108 25 58 11 7 104 193 126 161 32 208 94 97 214 174 247 129 236 126 12 50 170 90 138 153 68 161 76 175 182 140 243 59 35 37 123 181 64 113 193 123 93 1 126 243 223 25 109 80 80 
197 96 250 8 81 141 202 77 217 42 13 165 113 129 158 91 96 120 179 92 15 214 137 207 152 216 178 137 96 72 45 117 231 94 176 28 76 33 77 83 134 200 8 244 66 215 226 88 184 241 148 29 52 105 211 244 18 174 19 103 36 24 133 129 13 93 70 141 211 10 29 148 80 214 108 91 49 32 151 203 47 
142 205 28 115 161 137 114 47 71 105 203 167 161 231 65 197 198 66 11 139 23 233 194 52 138 95 0 65 167 81 247 221 12 88 160 56 39 148 69 109 195 250 51 50 124 115 248 173 9 115 125 32 50 243 0 147 11 193 151 14 15 250 171 9 58 240 66 120 26 66 147 237 206 55 31 44 22 175 109 113 177 
197 161 24 4 159 193 214 45 131 190 22 250 74 137 54 198 103 142 42 178 174 3 103 195 69 240 135 242 181 157 190 218 228 66 10 118 220 122 22 236 64 178 239 52 110 223 148 55 71 213 172 84 95 145 138 84 174 25 156 243 212 38 19 103 129 112 173 230 4 96 175 134 181 88 60 3 89 206 205 199 128 
86 231 203 224 122 51 133 112 28 241 41 147 175 161 57 27 52 1 79 159 130 71 173 194 55 239 133 107 109 110 164 109 182 93 122 61 201 38 31 69 43 176 157 16 35 53 163 12 147 133 95 187 168 170 166 234 131 182 64 83 166 246 243 99 219 193 175 54 2 249 54 53 206 92 50 140 194 157 183 167 208 
51 208 61 225 163 104 176 75 216 204 28 63 22 208 79 60 29 170 186 165 173 158 6 15 151 97 142 93 244 178 14 195 247 163 66 135 7 181 74 31 42 198 105 82 156 121 165 40 20 121 105 159 155 109 125 188 14 211 51 163 195 91 76 131 76 21 57 128 52 106 192 169 99 208 234 238 85 148 241 96 186 
220 141 31 230 240 153 140 103 38 226 240 174 240 56 20 62 229 215 162 142 112 69 165 73 6 45 187 79 79 32 161 240 181 172 205 181 206 130 220 102 75 5 99 156 80 77 187 35 87 18 185 82 189 200 121 43 40 172 228 24 124 140 222 57 134 200 58 62 240 134 58 163 65 197 99 138 8 45 127 101 0 
233 107 184 29 51 129 246 33 108 98 65 7 210 90 185 191 88 45 203 43 122 12 198 90 213 163 133 73 227 164 174 204 4 84 100 85 186 209 77 246 155 4 17 213 213 64 189 137 136 104 103 241 43 129 169 5 202 39 109 226 199 215 115 116 18 124 140 165 244 47 196 169 29 72 4 193 12 32 188 177 9 
182 248 201 231 157 29 151 102 49 214 226 33 202 31 13 237 248 56 92 231 138 165 241 64 51 172 101 50 117 34 225 106 128 91 111 18 93 170 141 127 205 54 109 26 121 174 238 135 164 250 225 106 25 102 131 73 57 40 130 27 118 207 3 56 35 26 247 90 98 147 153 1 219 198 186 151 249 205 55 73 174 
163 86 51 112 209 0 40 226 241 163 21 128 84 183 15 158 225 121 27 64 49 34 0 192 32 30 59 192 143 201 173 112 132 246 24 5 76 229 189 238 147 199 93 85 95 10 147 236 197 81 103 152 171 240 113 13 64 124 124 230 16 175 193 69 218 106 127 16 216 130 129 100 189 56 246 16 165 17 83 202 208 
208 149 198 34 196 245 202 132 203 165 61 216 9 14 132 17 86 60 121 59 118 109 23 123 20 81 124 186 0 37 180 168 206 186 156 19 197 113 164 122 64 54 20 91 145 216 55 134 160 188 45 178 37 178 248 87 98 87 151 121 93 199 212 9 131 230 19 247 179 35 114 123 191 210 37 177 161 12 189 172 42 
249 234 165 98 98 26 101 16 146 229 1 27 111 34 141 246 201 244 66 175 132 144 58 202 204 63 26 105 144 65 163 74 25 9 196 89 193 70 67 59 219 91 95 99 99 152 74 56 217 145 19 31 39 55 220 155 33 56 40 248 222 83 14 236 48 178 118 107 122 232 235 140 25 227 213 234 13 185 10 96 59 
57 172 74 20 96 137 176 145 189 58 3 75 147 63 28 233 199 189 198 7 120 103 3 153 21 235 136 220 63 77 5 227 118 102 128 196 50 50 103 188 47 244 191 43 147 185 204 67 121 75 199 151 120 250 112 193 191 222 229 97 210 51 24 89 219 109 166 138 236 16 158 141 46 106 151 57 237 228 42 212 22 
69 31 219 78 12 53 96 214 71 17 131 89 121 97 223 24 31 188 154 180 202 231 228 89 152 118 17 131 44 43 122 111 126 154 70 107 140 229 233 139 141 207 23 219 217 78 217 37 144 193 184 195 241 58 80 227 164 74 239 58 138 145 38 11 125 159 197 67 87 113 214 90 61 44 8 37 179 162 103 182 127 
153 170 33 148 157 133 179 88 111 241 246 191 206 144 92 5 213 161 125 27 23 248 58 136 32 17 224 0 180 86 108 239 220 33 97 133 122 226 192 1 72 46 117 33 198 250 232 47 85 203 92 115 90 236 31 210 62 178 29 186 60 48 147 79 148 196 64 28 69 11 223 13 72 195 127 221 139 161 246 110 71 
71 190 162 12 202 208 33 169 124 225 50 107 114 196 86 4 120 119 100 65 88 67 203 199 98 128 18 48 141 64 137 117 160 130 191 48 151 224 89 202 217 17 5 193 10 99 220 57 182 89 200 2 120 189 116 137 37 29 178 180 172 23 68 87 100 13 98 120 34 97 236 56 2 10 205 159 234 240 183 236 218 
29 68 206 5 144 78 238 147 228 108 134 80 247 161 63 63 179 21 148 77 135 200 20 93 70 177 203 93 168 102 28 91 161 20 31 219 166 79 166 215 81 39 247 181 134 68 55 208 31 70 162 176 199 86 77 27 29 126 18 14 239 223 45 81 40 13 81 18 173 47 45 103 193 224 146 198 141 63 90 11 148 
32 7 58 15 188 43 72 198 85 147 17 45 188 38 67 97 213 226 194 193 39 17 176 76 68 185 148 135 140 137 250 59 170 246 204 240 211 22 87 20 88 178 101 183 31 54 183 203 210 88 141 219 219 187 190 151 42 31 69 128 170 37 218 151 107 237 250 93 182 219 238 144 118 202 94 42 104 134 72 63 197 
46 62 178 146 32 143 54 79 78 75 177 178 142 53 72 55 222 43 153 77 190 4 151 23 18 8 31 152 53 66 164 184 153 236 35 214 132 179 206 121 102 108 202 105 69 133 119 24 152 111 192 238 153 14 100 238 89 82 213 76 180 16 236 242 192 197 235 148 190 46 213 156 156 234 67 143 46 36 31 184 17 
211 136 86 83 218 194 194 10 114 216 140 137 171 144 35 18 9 41 151 50 177 76 35 27 206 131 164 100 154 0 114 142 29 250 50 45 70 109 222 181 248 46 166 211 47 0 109 135 173 163 172 190 61 132 218 18 242 119 60 222 180 26 204 248 137 115 222 166 119 241 5 5 32 52 243 197 179 234 7 21 208 
115 151 27 39 144 13 150 110 19 107 59 49 119 151 156 117 50 114 160 57 183 23 232 177 166 129 121 221 170 166 22 21 161 118 62 25 130 167 235 232 211 129 155 215 193 47 2 4 36 109 250 80 128 144 131 39 248 78 53 139 228 180 210 192 221 40 204 160 197 32 51 21 59 82 68 197 72 108 224 155 134 
244 95 20 77 232 231 19 245 232 171 210 70 150 68 42 91 205 247 213 179 152 25 81 168 63 214 12 142 186 219 161 45 201 213 188 47 225 210 208 104 202 224 70 187 168 199 87 101 113 120 201 90 113 110 69 43 22 94 226 81 122 128 39 68 46 145 175 16 80 66 224 75 190 40 84 7 63 101 114 227 54 
223 210 164 183 132 217 60 250 141 98 166 34 28 205 247 201 229 45 129 34 23 92 182 190 175 245 151 54 158 152 211 114 189 146 34 2 42 98 97 172 240 23 233 229 217 178 1 71 127 119 248 207 25 18 132 71 150 220 193 101 105 87 55 39 166 138 0 195 19 42 127 139 170 30 205 12 144 120 132 208 145 
89 54 132 102 34 140 73 208 219 38 62 33 113 82 22 94 74 194 126 84 239 200 138 73 200 244 135 55 226 183 233 146 218 19 243 110 197 247 250 43 53 10 71 14 215 207 78 212 101 96 231 144 64 117 113 155 89 30 106 206 98 73 185 74 97 35 127 194 42 73 112 129 4 132 21 22 227 190 134 221 184 
169 151 148 48 50 75 108 67 45 21 134 145 15 211 124 45 232 178 155 115 93 182 94 117 206 18 245 216 229 26 213 8 196 164 216 31 174 73 123 203 217 10 65 225 246 230 63 220 78 118 63 111 129 81 37 61 185 200 44 123 69 249 129 110 107 126 45 203 141 243 164 235 44 8 128 177 133 187 149 198 169 
64 149 2 45 237 173 220 166 163 46 22 139 112 66 69 180 92 97 215 157 187 175 229 110 180 232 185 117 241 93 168 73 246 69 189 126 218 235 217 198 210 55 213 39 48 214 204 171 235 184 151 71 173 225 39 199 166 214 77 85 173 57 0 205 61 231 181 156 28 148 46 111 237 70 205 233 17 204 40 99 37 
234 203 93 169 85 12 134 232 209 5 110 170 99 69 63 51 144 61 145 133 201 224 249 43 93 120 220 109 143 230 159 12 158 58 72 246 130 248 95 145 42 61 131 91 175 172 213 197 61 200 190 210 215 84 104 135 220 5 167 98 61 215 150 28 27 168 209 241 29 210 198 155 199 102 195 73 21 224 55 179 58 
82 17 151 175 195 149 203 112 191 15 106 125 156 64 135 74 174 72 8 38 122 223 157 113 116 219 109 110 15 237 226 203 130 165 40 83 135 237 30 52 147 115 51 94 27 223 200 65 19 179 75 155 101 66 35 85 165 170 234 201 162 179 136 193 90 233 145 97 4 102 156 14 130 158 245 227 190 226 112 40 151 
161 156 31 48 62 47 133 194 165 23 67 133 247 127 195 103 135 34 116 83 234 95 179 245 213 36 161 226 23 0 232 232 165 139 131 104 237 134 218 116 250 245 44 218 108 60 186 86 201 12 180 197 20 194 218 230 181 96 223 16 163 92 101 90 92 83 183 199 113 226 248 200 123 150 142 147 170 232 232 186 194 
