90
187 65 189 123 165 133 24 7 237 250 73 204 131 32 58 70 21 37 55 205 234 183 1 62 2 177 226 68 216 0 37 242 159 147 42 55 228 156 37 148 25 74 33 123 159 199 193 32 206 106 127 110 244 36 202 9 91 190 89 227 130 36 194 195 33 145 153 224 191 68 101 25 187 211 109 169 127 116 192 111 4 12 31 143 42 157 137 217 242 123 
72 192 184 248 112 204 99 50 173 226 238 159 166 49 207 206 65 50 227 250 213 86 6 191 90 202 75 32 190 173 68 128 200 172 11 179 143 77 99 102 37 102 250 144 223 89 163 132 118 42 102 148 225 202 35 205 119 23 187 239 43 29 248 112 228 131 183 187 200 109 240 27 170 235 218 153 176 161 62 201 82 146 233 59 105 94 248 62 77 235 
118 248 45 201 110 116 16 84 176 209 182 168 204 130 106 103 112 70 11 138 17 201 204 224 192 10 197 241 68 79 159 122 178 115 22 197 105 32 102 106 214 129 226 185 149 51 103 104 75 202 151 170 218 241 36 129 8 108 217 97 244 179 35 244 119 71 33 94 112 79 248 137 225 123 104 7 218 244 76 209 32 213 184 89 89 101 148 105 17 171 
166 23 49 228 66 123 39 211 150 20 52 92 148 166 101 218 85 166 121 96 245 110 177 218 109 46 86 27 44 200 132 61 125 187 12 104 34 75 234 58 167 123 91 208 65 11 67 228 19 228 175 185 233 63 9 163 62 83 77 239 59 154 202 230 244 131 235 187 34 66 1 76 158 109 157 220 31 138 138 96 69 74 160 238 106 220 147 32 139 46 
78 238 98 63 223 234 240 6 230 32 60 234 93 21 58 89 7 220 184 103 142 51 139 113 12 104 140 62 30 131 17 208 69 249 100 94 144 15 71 201 101 115 175 135 207 104 156 64 38 187 172 223 42 44 171 211 131 93 64 184 183 53 151 1 181 77 142 33 22 245 66 247 137 61 25 186 136 47 173 128 191 120 54 250 86 94 130 223 34 136 
29 213 179 71 189 146 247 52 191 16 63 172 214 220 83 180 70 192 160 196 57 145 39 139 163 162 12 19 186 30 132 216 45 184 246 230 67 126 22 116 215 98 245 199 66 143 151 161 178 8 36 59 36 136 162 26 3 44 139 150 10 178 78 177 211 40 174 38 33 7 82 131 178 184 223 89 151 136 238 241 231 199 223 247 162 49 225 244 200 230 
174 52 205 183 73 160 101 28 115 146 241 213 55 6 8 120 180 88 241 228 53 92 80 157 225 208 28 243 78 127 130 240 177 224 64 169 150 184 2 80 88 107 136 51 21 105 197 102 241 150 45 27 76 114 96 222 220 29 58 159 211 101 127 213 42 180 30 127 34 45 117 103 146 172 133 88 204 81 68 31 152 43 235 116 178 242 62 80 146 193 
118 100 173 205 206 49 220 159 125 128 10 97 128 172 7 224 127 159 121 159 96 142 199 160 175 158 30 125 56 91 83 116 158 47 41 173 224 155 45 102 76 20 123 171 93 40 126 81 190 114 88 63 34 150 71 62 138 229 76 39 173 12 24 239 135 189 129 14 137 21 145 89 151 215 33 211 189 4 199 115 210 81 147 34 162 198 80 105 230 142 
244 33 157 83 16 233 153 116 109 159 180 88 181 213 238 196 123 5 25 126 64 214 137 65 214 104 130 77 165 238 248 175 181 34 193 78 77 212 211 200 54 168 88 142 104 128 42 186 27 23 195 12 154 2 19 181 235 211 129 69 202 12 96 175 109 14 108 35 34 104 187 200 70 31 245 221 96 61 124 182 124 153 122 231 188 249 4 134 123 39 
21 27 138 235 90 242 47 166 217 61 36 115 222 238 57 230 194 186 175 218 112 234 22 131 126 227 229 5 191 67 27 197 149 38 131 248 63 121 121 121 123 131 242 226 78 115 27 4 131 100 148 11 35 105 38 181 194 188 40 0 59 103 70 133 122 84 170 181 92 20 241 31 93 120 123 39 218 153 70 195 18 38 244 62 116 112 53 176 98 69 
223 200 165 202 200 27 136 174 144 234 221 68 47 0 55 139 141 135 227 221 24 219 232 10 189 188 5 203 115 153 146 120 137 171 3 9 107 29 140 192 175 220 16 32 219 5 172 41 199 246 165 83 25 140 167 156 57 154 34 58 128 206 244 19 32 126 239 162 91 214 14 23 221 54 183 84 42 132 208 170 157 147 165 111 27 176 23 210 32 142 
52 250 163 178 152 215 99 44 13 183 1 183 194 117 55 115 192 71 242 127 36 28 222 219 102 222 220 21 212 215 187 7 155 182 35 181 135 77 89 218 136 134 174 196 215 244 200 143 82 72 77 73 1 38 14 85 48 98 96 10 164 113 1 41 29 64 228 247 114 176 136 19 198 216 66 95 99 64 100 227 201 210 82 223 20 229 97 100 61 139 
174 52 163 107 120 8 119 198 121 29 179 178 84 83 167 160 63 245 93 140 155 49 210 66 40 203 82 114 93 33 190 7 148 48 18 53 67 103 152 183 31 216 196 140 150 76 235 231 242 158 27 125 177 93 167 75 75 172 159 16 121 242 210 31 151 38 158 102 124 17 164 73 168 41 80 74 134 28 72 227 199 45 214 20 154 160 49 200 247 48 
243 161 116 182 94 60 239 36 244 2 221 185 116 173 71 107 226 95 5 50 228 39 0 88 100 35 192 69 205 169 13 36 152 74 224 55 146 5 87 123 171 202 2 8 37 57 34 247 171 100 88 210 224 134 78 203 195 58 48 39 11 195 8 52 176 92 170 245 3 157 127 110 156 50 18 195 131 71 219 7 150 62 59 141 142 162 33 185 139 207 
192 149 247 168 97 85 106 224 192 27 27 156 52 138 78 151 239 37 153 78 47 189 126 57 7 111 123 109 42 113 28 207 43 113 102 103 130 130 5 172 161 187 196 133 79 77 213 7 221 107 200 103 159 90 42 180 64 159 159 98 68 175 127 142 60 237 203 157 115 198 4 100 109 161 47 130 135 69 49 35 78 10 192 173 55 34 229 84 122 100 
3 132 65 227 79 233 57 125 154 18 101 105 187 41 226 91 33 42 174 10 226 155 28 51 120 28 240 51 30 79 123 9 143 121 97 180 148 72 12 107 165 112 250 39 25 222 43 250 18 100 4 99 81 53 154 212 192 9 70 158 79 162 206 70 178 146 132 168 232 101 101 188 176 181 12 26 202 156 80 181 150 128 242 104 189 192 85 132 211 65 
117 154 62 248 8 102 189 187 91 34 186 100 194 97 0 146 182 231 50 207 35 200 28 38 128 99 129 113 135 45 137 31 75 38 225 215 96 5 215 57 149 144 87 40 74 69 86 118 113 186 175 212 233 50 231 137 23 122 40 78 23 164 30 82 116 132 85 126 64 109 141 161 194 61 134 225 45 207 112 4 143 192 144 28 101 223 48 24 181 51 
61 141 7 229 45 42 70 176 70 83 80 101 168 178 173 212 184 26 6 90 96 214 128 77 170 241 57 240 14 221 79 47 195 227 56 108 211 107 152 166 94 175 30 21 139 70 197 220 193 90 44 55 56 107 76 38 138 228 150 78 233 11 132 172 150 210 204 171 183 82 101 93 214 20 67 217 210 13 27 206 92 89 11 207 84 246 240 241 42 142 
78 220 45 155 114 41 187 125 115 27 54 27 218 62 19 15 208 192 211 236 236 110 177 116 55 200 127 15 112 78 24 223 174 37 79 97 114 6 29 113 25 130 196 57 56 100 154 218 7 37 15 250 18 127 163 54 45 48 165 47 182 154 192 216 164 232 127 85 77 53 37 120 74 164 161 69 114 160 5 45 20 192 28 249 206 173 5 236 91 242 
73 55 177 193 130 87 189 207 91 100 159 204 105 239 176 125 22 236 43 123 136 16 58 14 20 248 173 16 26 177 64 52 194 12 193 86 249 164 205 24 247 119 234 119 114 178 8 201 29 231 218 11 185 28 89 138 99 30 227 43 48 223 113 114 249 199 246 82 192 62 100 137 17 210 219 120 151 244 139 144 215 40 78 77 112 76 150 183 222 136 
15 114 131 115 192 143 188 106 97 249 192 34 176 114 214 199 137 6 19 45 192 138 1 87 160 115 229 175 221 93 230 69 205 207 44 188 23 77 126 66 32 156 85 205 74 161 39 233 126 110 187 205 142 51 24 4 231 78 5 131 38 220 218 188 139 5 24 206 106 222 91 182 46 158 25 158 52 161 248 157 158 200 108 95 56 202 119 130 238 220 
171 31 30 36 61 111 159 219 3 19 148 71 111 20 109 29 88 26 245 111 183 79 66 220 187 135 134 160 40 60 61 111 45 163 146 146 95 41 226 239 241 43 32 112 69 78 205 100 192 181 156 83 4 228 230 79 75 227 236 186 119 155 103 245 240 181 93 248 23 70 44 54 15 41 9 52 108 157 236 106 134 207 177 242 128 198 20 36 182 197 
61 17 213 50 141 91 100 21 39 32 182 235 143 34 68 138 16 186 200 40 78 186 69 29 54 240 210 240 180 44 2 71 235 183 100 212 8 49 25 187 48 202 142 46 244 42 191 142 180 24 222 117 89 5 41 3 147 125 179 248 127 141 170 100 141 234 132 132 21 242 101 119 106 29 177 111 94 70 113 62 15 13 221 156 154 150 216 207 242 127 
211 91 237 237 195 97 211 210 84 114 204 19 77 47 37 15 78 182 116 178 105 10 34 149 38 194 134 14 177 51 196 214 240 63 32 128 200 96 178 161 1 221 122 122 232 152 173 172 95 97 243 195 247 156 172 181 173 203 232 119 37 10 145 34 144 136 154 63 161 171 123 159 62 151 64 82 242 14 225 123 192 144 179 111 134 2 103 211 11 217 
8 13 241 110 61 147 139 8 69 142 138 61 222 248 227 171 199 157 142 32 77 199 147 39 61 172 111 60 5 89 69 73 34 123 201 82 213 89 55 246 32 126 80 140 230 123 57 145 123 99 206 249 166 26 170 71 37 3 80 160 143 197 43 195 220 23 1 142 29 191 100 109 23 232 204 155 156 5 126 20 217 231 61 218 62 10 103 193 76 148 
198 39 247 12 223 147 235 248 130 139 214 52 136 164 189 125 73 235 20 129 198 228 70 171 30 120 144 65 103 188 19 123 204 16 103 246 132 171 60 146 152 158 0 185 91 173 151 29 50 105 84 170 102 249 67 97 69 133 172 149 65 74 214 127 172 100 233 104 4 110 57 95 72 99 142 123 155 107 10 44 199 68 101 240 218 249 165 184 205 125 
12 188 187 210 129 47 151 28 241 103 102 96 29 128 6 33 187 204 86 168 130 213 149 182 61 105 166 13 38 147 171 91 40 26 122 131 195 190 112 71 56 68 204 206 108 133 189 150 100 250 39 30 87 163 223 107 171 216 234 82 225 232 229 6 68 32 92 158 200 13 7 218 190 128 45 130 200 244 81 190 92 200 62 32 108 112 192 169 12 246 
174 146 124 10 216 148 84 228 3 83 63 177 229 44 221 94 6 237 168 6 18 107 40 75 209 138 158 207 170 136 25 82 141 82 16 164 165 65 234 65 216 220 24 139 242 183 57 60 159 235 115 177 69 40 205 108 159 68 46 203 52 36 214 153 222 157 77 84 78 202 115 17 139 98 113 147 54 188 128 51 76 20 9 208 168 65 217 71 117 84 
13 90 73 55 8 35 81 132 168 234 73 182 184 172 114 229 20 86 149 198 206 125 90 52 196 223 229 24 184 142 204 202 23 122 174 44 217 12 248 167 152 39 172 209 119 160 177 233 67 202 22 79 200 151 159 82 159 183 59 213 124 186 104 31 63 245 178 66 48 39 1 110 187 242 196 121 75 120 1 194 219 164 181 99 26 29 142 37 14 5 
19 207 129 192 18 142 118 145 54 24 167 10 12 236 238 84 99 101 94 30 20 3 147 234 234 42 225 206 150 19 190 161 212 108 21 198 152 90 112 86 234 57 235 11 66 83 119 63 176 124 25 2 27 214 36 188 173 151 25 29 135 209 61 38 171 147 228 149 58 228 212 119 61 15 30 171 6 161 8 85 29 134 248 192 224 220 133 209 101 202 
223 241 20 173 101 22 2 88 46 93 30 22 102 163 75 1 246 216 218 197 12 79 71 107 222 229 89 130 209 181 231 160 115 111 183 78 94 176 215 223 81 204 207 125 73 148 233 23 147 87 7 216 132 240 87 248 93 194 148 182 250 197 229 121 160 102 56 148 135 176 56 160 86 152 7 178 114 33 3 115 122 166 69 246 88 81 98 238 248 154 
237 20 78 30 241 20 75 223 51 51 94 26 245 158 76 170 176 210 71 137 238 103 79 181 185 103 212 248 88 51 40 106 192 225 188 128 213 126 55 149 211 14 63 158 94 211 51 196 1 56 26 48 113 109 194 63 194 121 92 170 173 239 64 118 151 160 239 27 61 33 39 121 101 82 28 110 91 36 19 205 212 41 135 48 182 226 112 59 153 193 
220 249 188 45 224 105 174 121 99 77 206 213 238 175 150 111 48 46 182 246 149 39 178 196 206 225 45 186 38 212 94 105 97 89 246 56 212 151 30 48 73 111 146 94 223 243 118 8 111 141 98 11 191 28 152 189 211 170 98 186 49 60 37 166 175 46 97 24 57 196 14 24 116 51 152 192 31 21 27 38 4 178 106 125 127 183 178 13 191 160 
81 60 12 218 119 9 194 16 18 250 33 239 67 203 83 199 3 85 46 27 158 65 241 19 108 65 143 149 197 76 114 217 236 212 183 36 247 23 108 39 55 214 15 250 18 69 159 75 225 186 194 143 162 247 141 99 33 194 91 187 57 211 220 2 108 40 107 99 0 249 77 217 203 156 183 180 203 192 180 130 83 129 214 38 236 18 94 70 91 108 
225 31 230 245 98 153 126 185 4 37 241 194 45 175 180 205 191 44 59 108 57 54 54 248 47 157 51 41 123 11 81 54 66 2 91 80 122 103 194 69 202 229 17 84 213 8 242 139 139 96 74 191 157 15 124 160 134 116 44 2 56 160 111 211 21 160 9 136 4 188 10 99 129 70 138 111 25 55 75 78 249 223 249 173 61 223 209 224 113 121 
64 70 248 182 106 149 53 88 69 160 186 225 229 238 220 94 98 81 182 193 212 209 146 36 201 235 118 138 46 163 82 105 54 214 135 161 217 1 160 8 13 6 183 76 142 95 111 225 20 245 144 119 28 90 151 205 242 139 98 140 195 82 47 242 41 143 228 6 25 70 241 70 212 0 178 210 144 100 20 236 5 133 1 225 210 47 130 137 205 2 
245 70 242 50 36 43 54 77 28 100 38 213 172 44 175 113 34 6 33 172 6 180 198 67 122 220 198 210 184 194 68 243 212 77 208 240 94 6 217 10 149 138 184 231 23 72 80 32 238 15 211 183 187 90 98 8 85 0 226 4 244 151 172 103 32 6 167 33 216 235 98 86 145 17 77 72 106 31 191 229 62 50 226 120 198 180 73 64 187 217 
85 159 146 104 140 204 180 63 216 89 11 249 82 89 112 53 190 205 218 110 112 216 121 196 132 73 111 217 30 217 23 0 209 235 151 126 138 153 201 1 205 48 16 49 229 11 207 178 2 168 156 209 25 185 232 11 78 228 215 236 81 226 114 104 244 32 210 115 13 207 175 250 160 217 85 89 75 216 170 29 91 208 101 240 195 148 29 70 73 17 
172 168 5 124 15 93 160 112 244 22 177 115 38 107 19 169 175 11 149 195 228 54 220 201 31 168 91 68 7 147 204 16 156 184 97 70 85 158 37 155 138 110 38 8 1 164 48 119 62 205 122 73 238 169 146 91 75 241 113 167 185 14 203 50 164 133 52 197 44 8 240 198 24 104 22 215 135 79 113 227 78 67 71 79 68 2 57 111 167 119 
131 134 93 192 121 198 10 212 63 136 124 62 7 20 243 150 4 52 11 215 33 232 164 207 200 244 66 36 169 52 1 191 46 75 245 62 144 246 149 1 142 237 43 135 247 113 182 242 214 132 5 146 113 180 226 84 6 35 32 145 74 205 3 50 35 170 116 175 40 127 142 48 109 225 64 142 83 7 1 160 53 192 232 57 188 236 195 109 164 189 
231 51 13 83 67 60 229 245 170 182 121 142 190 9 166 32 81 214 201 9 64 203 184 4 65 47 47 226 63 169 143 28 187 132 21 238 17 169 161 157 250 45 7 101 208 83 12 126 198 198 175 174 74 46 184 118 132 142 34 43 231 33 80 247 104 36 248 214 34 67 80 89 234 95 183 13 9 99 184 140 51 249 210 80 127 96 55 29 43 6 
171 205 77 221 14 48 229 77 15 205 38 228 45 60 178 194 88 12 172 83 97 196 44 77 76 15 81 26 110 30 130 188 147 63 120 49 212 236 151 147 100 25 144 37 35 225 68 24 143 76 146 179 247 95 7 105 154 32 236 66 29 24 216 39 109 165 91 217 0 144 171 15 39 242 108 24 63 110 219 121 12 126 194 229 104 226 245 31 69 113 
225 202 140 170 66 185 178 111 103 9 129 236 236 60 127 106 12 212 169 33 124 236 228 60 66 183 224 110 132 52 176 42 98 151 227 120 189 159 244 173 13 160 213 12 91 168 163 206 32 95 9 59 100 210 27 32 15 157 120 143 214 58 139 228 122 173 84 135 150 241 206 243 141 173 160 107 70 1 70 16 85 181 152 168 201 64 10 208 147 191 
34 215 102 107 26 221 175 153 66 18 77 31 204 68 31 45 4 5 239 48 153 186 18 165 237 179 53 205 137 226 57 59 97 158 241 228 239 48 230 10 195 57 37 217 130 78 26 1 142 108 77 198 213 168 184 16 58 203 212 214 143 163 233 81 185 192 67 161 231 162 32 234 83 197 133 104 21 136 93 176 105 31 164 247 83 161 230 9 243 176 
176 240 118 64 113 204 114 18 60 111 42 162 161 245 203 122 42 53 229 245 16 216 54 4 207 8 27 219 129 246 118 158 10 134 130 170 125 154 147 222 180 189 229 150 153 42 212 213 212 203 93 112 173 219 69 93 210 143 45 113 97 136 223 0 213 134 232 148 146 141 4 109 67 3 98 87 85 115 178 1 37 106 107 140 74 91 170 62 9 15 
110 228 2 88 106 70 159 215 70 27 19 56 39 105 141 157 139 236 52 210 197 119 171 4 211 101 144 123 76 226 38 145 142 58 64 80 215 17 168 96 209 207 89 122 209 50 179 0 105 92 237 50 246 39 90 140 125 135 205 185 130 86 26 232 242 26 185 115 248 19 111 0 122 67 7 176 94 90 160 71 85 99 35 196 178 93 182 236 158 170 
139 6 230 84 230 175 52 38 0 57 221 166 32 98 103 11 185 162 207 239 45 141 13 224 63 89 231 91 70 163 115 50 166 224 82 84 237 227 0 181 4 71 123 95 43 14 161 52 215 104 222 66 32 166 134 235 170 155 26 135 50 18 141 83 101 161 89 112 236 40 238 31 213 191 139 193 0 21 9 113 61 227 38 79 15 42 107 122 58 171 
65 27 85 214 225 19 65 235 248 223 197 33 199 76 44 101 192 247 60 36 57 240 83 115 166 42 223 66 22 194 0 215 124 139 30 101 179 60 222 146 95 2 106 158 157 11 63 202 249 120 185 150 10 151 171 5 204 226 155 245 242 236 250 188 28 184 194 166 198 201 213 73 34 117 71 247 218 170 114 73 14 0 246 5 65 194 31 137 92 215 
68 111 137 58 110 59 114 175 34 130 184 229 51 182 233 37 15 46 124 169 56 12 142 144 132 163 99 87 115 182 71 181 117 18 47 244 99 24 181 85 74 247 0 44 181 87 248 155 107 39 39 149 167 89 48 205 210 106 138 85 168 134 9 152 222 178 170 103 248 143 88 41 249 181 209 142 157 204 168 37 133 29 134 157 17 154 145 250 59 174 
242 216 107 10 80 29 189 208 1 238 15 88 213 143 50 206 95 20 123 79 11 127 213 18 205 142 15 234 75 222 17 134 136 196 181 202 81 89 5 159 152 81 174 115 184 228 82 208 37 116 86 98 99 184 171 143 164 217 244 200 6 162 88 40 40 144 119 0 168 157 160 180 221 137 15 95 35 27 59 154 190 109 128 133 210 223 133 21 196 9 
87 137 69 137 97 5 97 239 106 72 117 117 73 175 105 41 185 63 156 70 132 113 84 15 14 114 151 31 152 202 232 210 27 154 154 97 90 216 240 39 145 179 235 97 110 16 33 127 66 130 27 117 114 229 129 173 64 161 158 110 248 224 64 61 66 164 22 81 93 138 14 223 23 146 146 203 215 248 95 222 238 158 18 217 75 136 56 5 179 250 
122 15 117 24 184 57 30 19 116 28 209 4 239 57 41 215 186 37 145 233 196 163 134 101 91 249 166 119 189 45 204 6 247 107 68 131 246 7 192 144 198 136 113 104 157 30 241 179 3 36 163 190 186 85 59 228 33 248 213 101 231 131 95 92 31 105 158 176 78 126 199 59 166 219 117 239 81 137 228 115 151 85 25 173 18 109 213 165 74 132 
162 213 89 21 41 94 142 106 140 213 45 6 33 49 1 121 244 37 63 188 135 6 160 103 31 28 113 250 214 69 242 143 248 10 132 231 27 106 107 221 47 173 221 212 63 0 47 173 247 17 149 119 219 166 177 98 11 117 125 160 43 46 37 222 190 204 122 131 124 146 177 25 45 119 19 188 250 9 104 67 241 237 139 208 54 233 140 83 32 29 
214 91 17 237 247 41 80 141 244 155 169 170 122 240 146 100 187 146 138 232 68 47 169 235 66 66 160 170 140 202 204 234 147 120 75 114 198 171 217 178 57 41 130 82 41 29 158 212 104 231 23 157 154 72 75 162 176 82 3 28 126 62 189 222 217 240 106 78 210 199 113 140 200 111 171 47 75 211 43 185 17 232 239 119 66 129 63 29 246 205 
170 64 69 158 8 107 113 249 125 148 9 157 176 180 142 115 158 248 73 242 188 165 34 140 226 228 102 153 48 119 149 14 191 9 235 68 74 230 19 222 18 151 115 173 51 37 96 88 187 240 149 249 81 41 41 250 194 154 47 43 38 137 38 101 47 8 28 84 162 180 191 73 237 197 29 132 207 200 136 146 232 155 72 175 214 18 124 233 237 245 
142 26 185 53 7 80 25 194 19 162 82 8 232 91 58 150 224 145 4 189 228 8 87 103 64 203 45 7 207 205 0 40 166 83 34 238 33 8 81 111 57 96 214 223 173 66 76 234 115 58 84 86 20 23 3 3 229 39 53 11 70 4 64 187 13 117 47 103 147 83 70 128 112 115 75 70 122 106 155 197 175 184 123 113 1 73 234 166 113 158 
40 100 162 46 107 154 93 116 98 145 106 101 20 112 110 29 184 247 80 36 216 10 172 84 186 237 223 215 4 81 212 203 1 84 56 193 97 86 67 16 42 208 122 177 116 97 243 207 191 44 239 56 217 247 196 94 238 165 51 233 45 54 151 176 99 159 89 156 86 99 163 79 18 99 46 46 183 115 17 162 4 235 190 240 18 12 101 129 122 164 
181 176 247 111 1 55 240 37 234 175 171 35 121 124 111 40 2 45 154 104 61 31 8 4 17 213 159 146 212 69 247 27 65 232 120 153 50 179 46 80 199 122 223 216 101 117 165 168 212 58 36 198 11 214 89 160 26 86 66 160 31 17 249 114 48 39 112 243 2 158 44 167 237 195 159 70 187 225 240 185 157 155 69 163 213 208 156 6 201 185 
83 43 203 145 125 33 81 64 143 208 166 179 141 236 4 208 236 25 248 167 118 35 250 106 13 174 84 247 117 219 238 19 215 116 122 238 50 143 20 96 141 199 206 6 182 186 244 132 83 178 158 249 106 1 67 228 79 247 216 25 3 149 40 72 100 70 107 220 158 145 247 130 15 76 11 159 250 250 235 97 244 225 189 31 230 220 232 140 163 114 
136 44 36 93 102 72 23 155 226 179 90 141 169 183 163 50 151 245 180 45 1 196 42 214 120 15 8 43 194 70 20 59 85 19 118 47 183 247 167 61 220 226 2 192 49 46 192 124 0 60 26 73 160 182 61 210 52 105 246 20 228 150 198 193 110 218 87 28 191 80 78 129 216 11 102 246 158 234 110 19 30 12 181 243 55 139 39 38 216 153 
169 235 64 74 125 93 43 213 112 87 162 234 70 118 218 108 52 12 92 88 206 193 143 221 86 11 130 199 162 184 201 79 107 79 143 170 31 31 175 62 114 140 131 202 40 248 94 94 166 153 3 216 191 16 230 21 8 100 12 58 190 220 198 4 240 36 14 69 91 232 130 81 118 81 207 75 25 13 76 68 189 78 151 19 73 151 142 146 148 67 
219 103 79 197 62 69 174 80 177 179 123 197 128 137 245 114 65 43 78 132 163 120 80 0 5 100 166 93 243 171 202 184 227 121 17 86 249 58 205 8 144 29 33 176 225 63 19 109 236 107 196 90 7 40 250 70 142 248 131 86 42 210 208 78 43 209 226 102 90 128 208 46 109 175 191 81 68 8 102 192 11 182 152 208 181 24 39 122 183 106 
11 37 202 80 198 30 89 30 8 9 180 112 139 166 141 162 153 122 208 168 25 113 222 150 180 150 129 138 141 159 21 208 28 109 138 94 86 197 35 179 43 116 26 59 213 167 94 214 28 34 42 224 1 72 180 221 142 139 45 59 125 105 62 224 87 163 79 102 50 24 133 20 142 67 134 229 188 87 203 10 194 240 145 92 170 169 65 58 105 89 
48 183 46 133 148 210 101 141 135 70 206 196 244 94 40 1 157 11 96 85 153 36 184 12 233 97 140 84 132 133 245 221 93 164 171 64 226 13 5 238 16 81 14 8 129 220 196 188 71 86 210 3 140 227 5 244 35 223 157 227 238 6 14 52 18 2 73 53 15 66 17 65 229 70 158 185 103 158 168 189 143 21 8 227 69 189 123 227 16 43 
59 103 238 163 71 167 202 1 27 63 92 147 49 101 239 111 213 102 215 244 228 69 122 205 217 4 97 61 124 187 91 47 188 137 160 12 168 240 44 62 191 143 13 216 145 111 10 231 77 19 32 154 178 6 199 219 160 144 170 204 142 35 201 6 207 153 151 170 48 230 91 249 41 250 102 74 178 62 176 69 114 181 29 128 25 83 5 239 17 186 
164 167 230 16 233 93 209 195 103 37 119 136 4 91 54 47 106 199 181 188 77 55 49 53 158 27 131 28 80 134 63 29 62 146 59 209 76 65 128 9 215 30 124 225 231 175 203 142 126 33 50 237 12 11 160 193 238 38 70 163 247 218 113 68 63 74 8 240 55 75 65 148 182 126 247 125 150 168 36 68 120 125 227 207 97 92 174 175 70 150 
227 16 119 34 61 35 67 122 118 83 57 108 51 48 178 221 44 76 245 29 33 19 206 200 207 40 196 168 246 161 46 162 161 31 201 120 237 72 133 143 61 46 47 27 231 100 228 157 106 248 71 6 184 165 93 75 45 123 31 58 74 129 58 208 235 157 100 140 146 18 209 76 211 230 196 198 42 131 127 78 29 108 241 25 34 36 10 87 245 35 
227 44 22 92 69 96 59 167 117 180 42 184 12 42 95 112 231 21 58 27 167 77 49 73 173 129 84 134 22 141 187 9 184 206 166 245 59 13 28 5 214 134 44 221 102 97 219 85 57 220 112 97 101 175 190 68 96 247 27 116 199 2 107 166 207 144 83 201 52 157 197 168 224 192 107 131 183 155 218 82 118 127 95 191 30 172 243 208 96 155 
194 78 176 209 164 6 88 206 248 211 208 193 106 169 63 21 243 74 150 221 60 36 39 227 190 188 41 137 40 189 27 234 22 116 24 26 138 143 5 77 65 61 202 63 81 29 156 119 226 178 117 116 118 225 248 162 32 207 31 236 156 171 231 131 154 209 103 14 161 194 93 180 193 19 126 62 30 240 193 232 76 204 184 108 141 67 186 27 79 3 
81 114 113 14 233 149 124 161 194 21 97 69 141 193 3 245 29 71 219 94 124 176 123 59 65 122 122 239 54 7 42 3 88 94 124 135 237 92 93 3 117 70 158 145 151 77 61 32 55 229 28 229 88 182 240 156 168 48 245 103 164 15 130 33 61 126 103 164 196 42 109 70 194 141 197 219 35 33 70 146 246 145 54 194 43 110 131 88 160 241 
225 199 3 210 206 225 18 134 8 12 234 115 156 83 197 200 4 97 13 30 214 132 71 245 42 237 84 151 9 157 210 139 211 170 186 169 85 236 9 78 57 220 14 195 99 8 237 65 206 134 15 48 31 174 93 2 81 41 9 67 128 129 0 10 143 125 160 153 84 46 26 141 33 76 148 12 241 132 129 132 121 189 44 89 104 248 241 90 81 23 
30 104 29 55 156 193 67 7 41 245 201 120 143 133 44 107 22 50 42 11 227 133 176 75 213 99 96 82 174 240 30 155 38 137 247 84 236 248 122 250 59 193 90 201 170 33 141 110 16 63 77 227 195 103 3 95 241 2 24 156 45 125 151 198 219 30 143 68 105 37 15 99 93 0 11 195 96 215 166 218 22 250 29 207 218 46 57 107 99 198 
242 162 68 34 132 198 139 81 9 187 138 130 69 245 225 244 179 103 21 203 71 126 161 234 187 57 0 93 176 82 41 209 207 231 128 117 13 8 191 67 151 52 186 56 185 169 73 213 63 195 215 161 94 42 121 54 145 121 142 238 22 25 53 21 206 8 14 113 244 163 45 29 28 248 46 45 250 30 181 67 161 64 76 127 228 141 101 213 187 196 
146 40 182 88 212 176 234 16 217 154 198 72 73 146 21 146 29 208 76 128 179 104 97 177 168 112 150 76 16 112 2 11 182 97 232 133 102 99 162 45 114 73 121 158 177 209 232 200 118 211 84 237 193 57 217 102 151 101 205 57 148 208 181 224 162 158 194 176 47 6 9 81 1 179 202 73 211 7 73 208 122 31 58 153 113 144 124 78 42 153 
185 22 82 106 72 112 248 101 31 125 4 4 209 165 93 52 112 25 53 243 5 56 79 201 187 55 158 120 54 108 32 68 167 243 83 24 125 152 75 173 89 9 17 190 85 0 47 102 174 72 43 9 103 116 77 194 58 250 156 124 63 210 9 15 193 217 135 193 89 17 41 36 92 32 141 180 57 209 133 57 46 196 219 184 105 151 240 94 142 203 
54 82 4 161 140 114 0 57 60 71 37 90 225 34 244 84 8 142 136 0 209 148 127 126 182 169 65 205 122 70 116 113 37 130 149 213 104 109 159 98 211 134 199 87 205 242 65 42 99 184 190 92 243 217 92 180 11 210 192 103 58 47 235 241 206 149 127 234 99 167 77 76 80 178 221 207 245 99 5 247 159 211 85 14 238 187 121 48 95 172 
169 56 177 95 206 208 204 89 19 238 206 25 11 217 229 78 1 170 249 137 146 204 25 127 234 39 250 31 171 63 210 155 71 142 19 244 72 160 61 26 226 86 11 93 20 203 240 47 27 200 132 176 17 207 202 126 94 179 14 218 89 56 181 165 33 155 67 199 70 10 111 166 133 117 74 89 40 103 22 212 137 228 230 139 171 154 15 177 174 160 
65 209 112 194 246 110 78 68 136 72 115 163 186 139 66 170 103 92 64 25 130 171 106 60 157 130 189 27 225 30 235 21 105 167 9 130 212 190 133 218 237 170 211 236 74 95 10 172 220 20 63 54 164 246 162 232 37 195 159 201 63 245 125 3 135 97 128 131 128 126 125 22 116 164 6 223 125 202 215 66 27 213 237 237 89 151 218 246 176 68 
87 250 95 201 14 39 10 145 179 97 22 93 38 119 192 127 168 176 18 172 93 102 85 119 191 131 156 86 47 105 96 134 211 157 6 236 45 146 242 203 57 89 61 88 208 34 74 217 112 151 228 75 20 166 174 156 217 86 87 90 226 157 216 101 199 110 205 22 151 229 22 109 183 110 65 103 61 203 45 29 232 216 57 1 216 100 86 74 169 114 
128 54 196 138 191 74 160 151 125 46 146 247 111 105 96 82 240 194 36 51 240 138 41 210 211 30 113 23 221 153 129 110 148 203 78 8 53 218 12 0 243 69 135 164 214 131 207 26 126 227 31 90 149 201 69 180 50 14 181 198 214 86 217 27 206 142 122 206 148 59 105 163 142 66 186 99 73 24 35 206 84 233 129 63 224 137 201 14 21 19 
82 32 50 113 34 208 164 177 121 191 184 189 169 116 102 66 213 220 29 24 215 133 245 35 83 174 57 170 95 144 135 234 146 115 195 228 116 131 10 138 121 80 172 228 207 151 237 116 94 223 149 9 25 153 20 246 49 103 45 34 157 24 6 232 250 79 70 238 61 171 92 210 9 196 3 50 114 235 223 55 168 144 236 250 60 195 163 80 117 45 
227 115 77 153 239 90 102 133 131 226 190 76 156 114 99 215 206 245 47 98 53 65 151 24 209 78 105 97 163 222 147 86 72 230 216 72 19 149 139 76 222 164 79 57 80 1 237 156 142 221 12 22 69 143 112 84 213 16 61 158 73 211 199 94 211 102 200 96 154 96 204 219 57 247 94 135 52 59 226 232 237 222 240 244 207 190 172 136 48 176 
206 162 92 198 230 128 180 163 128 71 218 234 137 199 23 16 144 98 120 190 238 54 100 42 214 176 13 66 191 243 125 170 54 203 167 167 52 129 1 139 97 55 179 188 103 63 81 105 207 32 201 72 43 3 178 25 204 180 187 78 131 182 182 75 243 184 141 15 30 20 168 6 158 162 137 200 126 107 79 180 7 10 168 11 136 69 47 55 116 181 
207 245 185 67 108 49 96 119 82 94 25 167 226 207 148 131 62 147 86 169 199 110 128 199 243 166 201 211 14 137 83 216 109 28 188 149 197 99 9 205 137 173 221 50 3 54 14 223 44 95 162 210 228 238 171 239 173 99 206 179 84 212 63 120 125 0 157 209 66 170 179 120 145 133 245 80 229 101 67 176 31 135 244 60 156 196 148 83 84 19 
35 158 40 176 241 42 231 93 193 0 237 153 49 54 15 25 78 53 220 238 94 69 145 248 50 179 10 149 222 131 136 87 192 204 189 106 66 171 236 199 245 51 10 17 51 44 154 214 178 151 223 187 133 176 179 160 180 10 92 143 36 82 113 203 142 238 80 168 16 7 170 166 90 42 24 218 111 112 194 29 47 149 94 117 152 55 14 167 158 135 
85 156 66 169 73 123 15 147 4 237 81 175 21 231 246 84 113 168 174 207 208 250 84 15 158 24 137 176 68 33 128 107 209 93 247 55 93 100 155 80 43 124 233 85 220 105 38 87 145 150 77 39 33 167 88 224 208 30 200 84 117 126 142 186 21 238 216 180 63 120 248 165 124 42 27 58 234 224 71 37 32 203 218 219 166 83 146 224 245 199 
179 205 96 154 144 169 156 151 55 173 194 9 43 139 236 224 87 38 202 189 129 42 215 155 199 97 96 162 1 234 213 210 72 34 2 52 234 123 44 196 98 180 196 141 187 97 8 194 83 19 149 157 178 218 92 34 140 115 71 154 100 211 182 164 75 221 164 36 8 175 17 192 210 23 143 25 141 111 8 164 192 2 96 106 117 228 156 94 151 33 
23 153 46 141 88 158 87 28 62 194 15 13 49 139 30 164 48 1 124 171 98 201 70 155 39 161 46 117 15 157 118 236 139 84 221 203 126 94 188 50 23 36 33 21 62 31 157 108 156 242 7 126 31 59 170 144 123 174 204 177 148 108 218 84 164 112 78 42 111 26 94 98 185 242 219 215 136 42 166 34 145 113 183 138 101 79 230 132 153 209 
127 44 210 160 139 123 132 63 50 135 230 88 156 59 167 230 78 180 236 95 215 118 202 26 197 100 76 232 44 127 10 112 70 119 67 183 123 114 167 163 19 226 228 19 157 237 247 47 234 248 34 51 239 112 44 47 74 112 236 51 158 107 61 232 19 94 33 22 220 123 227 110 168 4 67 234 67 129 10 164 77 118 74 76 109 228 245 180 141 203 
241 211 234 14 120 10 70 19 56 41 179 112 0 1 243 101 58 14 129 220 176 240 177 33 23 198 122 61 97 206 34 7 244 38 162 143 67 245 198 2 123 32 80 101 88 171 25 11 199 9 210 190 138 209 68 22 195 201 15 70 149 201 86 7 41 215 24 203 124 44 150 64 147 221 38 203 76 232 115 36 175 49 248 242 78 115 166 232 249 228 
