96
213 126 149 113 81 87 230 154 195 169 183 66 88 71 184 64 8 68 62 26 172 97 110 153 87 1 93 154 235 14 12 223 79 122 166 60 241 182 69 230 101 148 233 117 200 16 133 105 116 33 151 41 155 199 63 4 142 62 43 247 165 236 133 135 92 207 98 176 200 186 136 27 153 40 173 60 67 147 24 191 196 62 224 131 230 75 28 185 219 19 1 106 175 51 96 69 
189 103 180 209 71 126 212 225 179 118 52 21 5 43 192 53 171 125 75 190 66 63 108 46 68 226 119 16 241 205 122 123 0 150 18 10 41 249 44 148 191 46 80 164 65 128 235 109 243 76 188 189 80 21 11 194 168 160 151 74 34 50 71 178 179 221 121 9 39 219 131 203 228 131 132 55 51 138 187 162 13 52 12 233 178 240 166 22 160 78 86 230 25 246 84 186 
102 78 18 75 136 31 52 178 178 64 156 234 235 93 127 12 249 10 131 61 113 71 229 183 136 44 8 33 209 120 140 84 235 28 167 55 42 164 7 33 161 189 51 173 18 190 181 88 34 173 234 57 18 119 239 155 194 41 240 49 28 174 236 7 61 217 206 142 121 76 239 65 84 212 213 80 4 159 159 184 160 223 213 128 97 23 5 123 196 175 224 159 237 137 205 181 
41 215 186 228 97 215 173 98 250 4 183 118 218 58 73 1 182 42 106 87 131 135 28 83 222 127 161 66 212 95 204 220 78 237 123 62 133 40 123 70 69 211 33 53 27 26 196 168 227 122 192 177 169 105 244 139 151 215 211 16 61 71 15 91 7 249 106 203 94 171 42 96 35 184 158 209 205 121 88 132 141 81 15 203 107 112 36 124 91 47 116 124 128 29 148 51 
188 186 68 130 149 94 12 65 175 178 167 22 77 95 179 147 53 216 11 112 44 218 71 22 174 11 248 36 45 99 28 78 180 165 39 25 31 132 12 198 194 170 230 157 32 157 36 162 191 55 250 57 98 221 31 20 161 96 170 160 45 197 176 59 116 9 165 211 63 51 128 220 28 177 220 11 155 68 90 31 45 144 200 191 62 240 186 130 127 59 88 212 143 77 222 77 
92 120 81 129 176 212 59 137 191 241 21 181 129 27 160 64 110 140 121 90 68 92 86 202 223 223 242 5 105 184 180 59 215 163 42 26 137 110 128 228 1 146 214 209 94 207 119 89 31 25 212 246 180 44 17 207 168 207 93 29 11 150 85 16 58 100 71 31 121 213 111 120 129 248 184 111 88 156 12 36 47 7 76 47 218 243 37 191 96 152 13 234 53 107 210 233 
125 212 31 84 170 76 198 192 142 196 78 79 47 189 181 139 37 66 125 98 21 113 88 219 116 57 116 208 86 22 217 178 2 188 48 23 106 133 128 82 123 46 79 202 136 143 29 40 122 42 19 149 119 69 141 82 175 39 247 147 154 227 176 44 73 9 78 119 21 168 35 125 8 159 140 120 218 90 235 125 190 28 145 152 228 47 60 111 242 242 152 28 94 36 162 121 
194 48 110 94 60 100 163 37 135 42 248 72 35 116 47 57 227 213 7 243 140 209 43 164 113 135 96 13 114 48 69 105 106 25 67 243 245 200 48 66 55 190 148 34 128 147 97 233 16 101 13 166 86 96 193 56 86 208 211 138 17 94 246 187 7 88 176 140 63 212 43 241 209 75 240 146 200 182 121 101 123 93 136 226 93 14 147 126 38 112 148 154 246 118 48 216 
49 40 52 238 125 196 163 184 200 204 46 77 242 52 228 177 154 15 150 154 74 118 15 164 1 7 115 21 134 106 79 148 227 248 25 68 248 60 22 114 133 229 19 50 148 38 12 201 208 42 50 215 160 112 220 99 93 59 240 1 24 125 149 150 179 168 87 242 102 182 27 40 140 214 125 234 3 16 202 123 45 39 214 125 38 51 83 228 113 29 84 180 162 42 236 154 
151 42 73 88 110 197 157 54 39 146 188 157 151 84 147 89 113 199 21 35 249 179 136 85 126 184 190 243 83 179 213 31 23 33 16 143 18 201 157 62 246 43 221 73 102 16 151 102 246 77 234 71 230 5 181 198 58 173 42 167 63 226 17 4 17 71 248 86 28 57 194 31 193 9 223 133 132 144 110 133 63 196 14 180 71 4 156 90 76 6 76 190 166 42 172 20 
166 68 197 219 229 143 9 63 106 241 135 114 143 26 193 153 248 140 150 99 185 4 98 26 44 44 11 213 136 133 35 120 152 69 22 122 87 62 214 159 102 53 214 13 138 80 221 205 47 189 231 182 60 150 132 112 170 105 98 17 28 154 96 240 96 147 72 33 131 88 207 131 54 23 77 45 159 18 79 169 238 167 37 70 51 172 223 181 121 56 16 106 51 78 173 78 
227 13 147 18 11 211 190 230 142 54 133 127 38 192 243 250 10 37 78 18 95 11 170 116 174 162 13 148 172 177 205 99 124 211 67 21 177 207 46 84 208 145 74 64 51 129 29 221 227 211 244 36 72 144 164 13 151 84 67 246 178 130 103 206 142 27 7 125 105 44 189 171 113 241 60 194 241 66 227 182 132 122 17 70 236 81 39 222 48 14 176 39 65 53 57 186 
163 151 36 64 133 26 32 69 122 99 61 14 154 221 223 240 220 81 68 181 193 154 29 19 248 59 249 206 136 50 171 76 125 67 158 96 3 232 85 17 68 68 98 99 159 109 177 174 130 188 153 69 244 30 55 250 219 182 56 143 75 242 226 149 135 54 25 96 147 205 24 224 167 36 11 154 58 83 139 220 34 202 110 0 37 156 222 107 250 170 151 71 207 6 203 15 
245 244 214 183 193 188 147 141 79 180 13 167 215 89 138 184 55 47 249 139 54 39 146 23 160 168 239 72 202 76 12 180 151 28 120 29 53 69 162 191 63 99 67 128 83 95 7 172 12 22 80 107 211 152 225 99 225 6 94 133 166 32 141 22 85 183 50 146 65 243 159 190 59 23 120 82 197 115 51 204 50 142 233 170 208 100 148 196 148 48 126 124 120 130 67 93 
198 229 22 61 18 216 7 72 28 139 239 80 104 115 231 219 83 142 160 233 157 149 136 10 233 41 143 152 218 169 88 166 3 197 78 42 80 11 121 247 84 208 113 180 107 110 47 230 61 28 132 171 234 250 183 47 16 246 233 86 173 56 224 217 49 115 102 35 70 104 20 136 92 88 63 54 162 178 117 111 215 219 86 89 58 194 56 177 186 241 224 236 185 59 110 10 
57 75 79 217 212 142 219 231 92 119 214 71 9 192 42 167 215 96 212 77 107 121 105 156 31 115 84 13 67 57 84 186 174 56 24 115 73 211 49 166 31 118 145 40 18 77 243 86 19 143 117 16 212 54 227 108 30 181 171 184 38 219 230 121 43 161 240 55 67 115 9 4 93 170 84 91 113 139 131 10 48 146 100 93 222 170 3 105 84 67 194 80 49 248 16 149 
27 182 130 126 1 18 28 73 180 226 1 82 48 147 180 241 200 137 168 215 154 72 222 249 222 160 105 102 65 169 115 27 28 64 73 58 197 1 62 135 5 162 152 248 33 109 148 176 145 142 170 227 60 228 32 230 173 188 197 219 174 227 61 230 134 90 118 29 113 47 195 143 200 157 16 151 235 194 35 81 65 1 153 60 221 13 41 120 37 57 69 150 232 196 143 219 
215 40 224 167 1 30 227 128 94 226 149 220 130 62 90 220 27 32 54 214 231 100 75 232 134 46 196 238 231 238 65 32 178 103 126 200 46 236 133 190 224 110 42 27 182 58 237 235 63 86 78 104 160 236 1 241 58 122 46 224 212 54 137 248 38 176 246 249 170 42 177 47 240 55 49 30 85 217 30 206 117 101 241 5 120 18 3 186 70 101 64 92 25 59 167 68 
78 127 17 153 155 145 186 202 207 249 121 246 208 156 66 189 190 235 5 74 151 116 165 172 17 92 194 35 5 114 96 55 49 51 92 110 15 4 80 57 14 146 100 12 61 151 95 55 139 205 195 96 234 50 219 28 74 159 81 64 37 65 217 81 131 116 195 95 105 21 8 218 158 58 116 226 104 54 238 45 0 112 114 133 154 246 173 174 141 248 204 91 156 204 60 88 
214 187 149 228 230 26 123 55 65 74 209 184 233 180 97 70 164 141 16 174 101 131 126 31 209 133 102 53 51 191 227 14 103 78 27 28 121 14 94 227 231 211 124 78 126 226 41 58 236 29 158 93 99 185 117 211 103 86 40 14 22 84 8 29 189 119 186 39 222 234 106 15 194 42 26 115 56 209 129 247 35 117 200 11 233 234 36 194 50 18 225 170 88 207 71 65 
232 197 84 170 4 176 206 235 243 54 110 61 124 178 26 226 4 202 20 6 187 21 230 215 68 101 233 124 98 94 139 110 23 239 192 56 187 146 187 173 34 70 148 2 32 215 130 115 177 122 165 230 242 173 46 59 210 114 248 154 29 54 146 92 60 11 169 247 1 0 145 227 185 54 142 38 171 208 16 250 167 129 52 134 151 192 28 70 148 231 89 29 72 236 238 57 
61 21 2 160 141 78 103 84 185 107 169 45 97 247 136 33 82 145 112 234 2 242 16 47 80 105 90 186 201 68 64 243 156 234 130 29 182 213 95 25 171 40 246 164 19 151 223 89 188 61 153 249 90 145 43 7 174 207 94 105 36 198 248 12 120 63 128 200 39 214 250 17 101 184 24 108 225 54 197 94 185 3 198 235 188 225 26 182 44 0 150 245 49 93 243 132 
209 122 176 248 72 17 234 205 34 172 98 205 5 101 208 86 112 46 164 201 198 218 239 22 20 189 70 36 221 114 17 23 116 156 19 192 151 98 181 173 110 237 212 227 11 108 122 66 228 87 79 190 172 160 190 244 0 59 103 171 0 36 116 172 117 224 111 114 195 104 1 191 120 227 189 84 193 121 87 81 178 99 178 68 225 145 175 247 148 29 62 78 219 226 229 169 
227 227 48 123 27 33 237 224 211 128 20 193 226 17 123 18 198 31 72 100 140 96 205 17 69 243 166 133 62 40 89 181 190 157 86 134 76 148 186 148 157 187 240 38 1 20 166 119 172 12 103 133 122 108 155 235 205 39 6 141 85 148 64 37 63 160 235 147 145 46 30 176 198 39 228 160 67 199 53 18 205 16 72 49 19 105 137 249 37 154 44 135 7 110 180 108 
61 75 91 38 148 98 190 171 117 206 187 131 167 150 11 236 121 184 108 142 160 51 171 103 80 94 50 182 232 174 36 129 156 163 50 26 159 22 198 170 4 201 153 128 3 100 66 6 17 120 172 113 0 34 105 70 196 69 210 165 245 135 24 63 167 2 89 165 93 145 6 62 77 142 250 145 186 71 185 109 185 138 128 212 73 194 227 179 203 104 233 45 16 3 243 211 
51 129 48 122 242 66 126 103 126 212 127 83 77 241 49 124 96 41 225 176 248 8 87 198 44 184 145 133 25 237 223 138 42 73 112 50 42 93 198 194 43 62 22 111 204 155 9 28 136 250 67 155 236 42 145 85 19 30 237 92 3 45 203 114 90 50 173 40 146 244 227 242 184 90 80 97 60 195 8 184 117 6 101 8 117 110 121 155 195 44 148 204 219 183 74 103 
148 190 161 222 7 236 230 91 242 40 89 47 56 92 44 214 210 102 200 108 77 224 18 74 146 152 199 126 103 195 9 127 109 189 169 71 27 39 193 106 129 147 248 180 239 75 25 199 110 32 66 243 32 83 250 223 250 233 7 185 126 77 123 59 142 232 143 135 136 94 148 118 100 124 209 105 236 235 41 110 177 125 16 147 28 15 215 105 78 239 213 196 50 241 218 45 
12 9 172 151 160 126 219 163 112 199 16 42 77 142 32 166 36 12 211 7 242 46 76 0 217 0 81 121 191 163 202 222 123 212 240 25 32 109 10 89 218 137 145 237 244 66 54 227 48 217 62 13 165 107 59 51 38 83 105 91 230 116 117 49 104 232 222 152 169 0 38 228 1 213 12 84 159 40 73 168 211 142 93 190 42 203 116 186 186 234 240 36 249 50 86 22 
150 113 249 85 238 89 143 164 126 121 235 108 92 138 3 157 48 42 244 81 35 217 109 49 152 149 144 119 193 129 54 33 127 166 87 65 193 19 50 249 225 222 109 137 220 190 56 26 193 198 94 149 175 24 157 198 117 176 228 173 216 23 205 127 68 80 0 173 51 16 146 26 75 154 198 179 158 140 235 211 100 70 107 117 159 66 118 156 77 47 55 27 141 206 149 177 
101 16 151 155 106 104 163 20 196 69 133 217 170 160 80 129 38 212 61 28 14 99 83 167 201 93 25 7 118 2 5 85 99 105 141 101 227 246 85 240 37 209 43 121 96 143 219 12 213 226 223 85 114 52 151 46 141 206 3 76 149 187 173 170 167 238 196 7 138 0 198 201 245 55 123 19 140 231 61 70 99 103 0 86 141 218 130 207 162 169 62 199 95 2 171 153 
193 227 192 81 109 139 248 193 139 166 172 127 226 59 215 164 217 127 166 228 157 138 3 143 30 98 179 30 198 188 179 7 134 65 95 37 126 105 20 85 48 195 220 142 167 100 218 50 92 220 65 115 69 86 49 184 145 11 4 101 241 231 71 122 103 75 160 232 177 44 144 239 15 247 103 224 59 80 116 231 247 206 128 128 62 246 81 165 35 178 10 137 249 208 203 126 
140 107 29 7 96 225 239 110 15 178 8 193 250 116 31 150 64 21 180 150 134 196 100 225 78 53 247 187 0 105 193 83 113 8 3 214 154 124 23 140 42 92 130 123 76 59 229 103 22 37 8 228 29 79 147 157 152 179 10 124 232 85 91 123 117 210 62 155 171 143 145 129 180 75 82 179 38 2 243 238 48 4 200 79 235 210 158 235 73 231 16 20 58 88 87 176 
64 26 233 227 99 144 36 74 75 127 117 34 21 151 91 148 43 250 144 38 133 85 63 162 21 20 109 5 198 227 167 229 134 100 225 11 38 132 28 62 59 28 169 93 163 147 242 56 111 157 83 193 131 176 142 35 137 91 106 232 97 238 13 230 235 227 160 45 86 1 45 19 236 194 86 130 147 135 80 60 54 109 249 42 23 107 123 117 129 65 11 185 5 206 138 190 
147 18 160 110 153 191 158 97 14 242 164 120 180 124 165 91 103 157 238 191 87 186 182 73 67 128 42 138 31 39 69 182 47 178 35 1 223 208 249 202 46 234 88 139 79 172 246 1 63 180 125 182 168 74 146 138 156 224 93 43 34 223 100 45 230 149 130 43 15 43 92 216 39 110 45 39 135 23 63 234 163 199 52 144 193 48 106 2 243 66 19 121 72 164 161 92 
132 161 24 212 96 60 80 71 69 18 100 101 113 183 79 88 214 34 139 229 66 247 106 241 98 37 119 248 155 242 227 247 139 232 70 233 249 127 217 207 213 239 90 187 143 180 218 67 156 13 234 49 72 209 8 56 13 177 234 128 9 216 210 225 205 93 27 202 121 152 87 213 207 107 124 224 108 228 17 195 62 236 241 79 170 33 179 210 171 154 104 200 28 85 216 88 
177 55 44 108 78 80 144 55 118 247 136 127 154 249 115 6 163 141 29 234 66 194 123 13 172 49 224 165 131 179 242 216 218 69 90 207 232 195 91 174 212 198 167 17 191 119 154 239 107 118 19 91 1 100 106 50 175 105 206 199 189 91 108 182 41 141 117 125 198 149 2 6 106 131 102 147 103 110 165 46 62 110 9 8 84 145 87 23 199 3 233 100 33 41 170 215 
216 66 126 209 21 30 11 220 169 72 243 190 232 109 58 47 59 100 237 153 119 130 152 215 158 107 11 250 17 118 62 193 44 192 14 101 208 233 17 134 144 88 196 67 35 101 192 12 36 67 228 228 146 114 155 88 235 32 119 11 45 68 193 179 65 208 12 96 8 122 203 35 152 199 242 209 215 20 191 100 56 170 154 170 150 63 127 6 36 134 46 28 28 22 118 95 
14 227 103 23 123 59 175 192 234 109 20 249 65 49 43 221 18 60 177 155 35 185 250 23 125 133 128 36 188 132 244 45 98 59 241 98 5 47 206 210 30 188 227 58 249 144 171 244 23 172 213 201 237 208 205 237 79 197 29 53 190 1 28 43 210 174 11 94 206 30 150 196 229 155 205 20 110 250 177 129 173 158 234 206 33 92 86 213 54 198 63 150 116 109 233 53 
198 27 28 125 86 51 205 175 132 42 122 13 138 17 73 143 169 11 115 240 245 183 177 143 31 122 135 212 139 119 22 2 74 93 139 43 42 4 212 7 115 41 135 89 221 186 172 183 126 213 33 64 203 157 226 250 91 68 113 81 84 113 229 26 81 99 20 155 86 35 113 157 102 123 212 138 61 103 13 47 117 64 198 4 158 46 181 179 207 16 92 163 126 24 66 38 
106 134 27 81 116 151 116 64 48 104 138 187 80 243 204 57 148 79 232 83 102 72 249 126 146 188 26 97 202 94 126 44 7 9 116 29 171 213 170 222 44 47 21 85 40 80 171 95 129 203 200 127 248 189 42 230 43 230 86 53 166 73 187 214 216 43 130 123 200 150 28 81 32 140 185 198 83 206 160 147 130 182 57 199 45 26 113 159 89 135 166 159 164 217 242 1 
59 210 70 72 171 46 156 169 70 33 67 192 221 73 162 162 54 28 194 71 152 95 219 168 179 219 55 182 90 88 242 185 13 0 225 80 19 19 92 56 165 178 102 210 223 229 10 153 250 193 185 131 154 39 249 110 196 135 134 93 0 221 65 207 200 12 19 19 24 190 183 216 86 48 205 92 150 114 210 50 13 29 116 250 49 243 148 147 194 117 73 125 69 187 26 213 
53 182 79 243 150 125 239 218 14 104 152 199 206 68 36 70 25 181 148 103 136 26 127 125 225 37 41 15 217 54 22 72 92 220 96 193 222 124 238 169 198 211 6 124 175 204 80 160 68 216 206 222 56 34 92 153 159 2 71 193 156 187 97 217 105 114 135 247 64 142 64 249 174 77 249 97 143 127 216 139 138 208 235 28 214 229 215 146 47 158 89 120 36 151 175 121 
40 237 148 78 45 92 54 165 74 239 11 217 25 159 56 161 59 150 39 139 30 83 229 247 250 4 218 129 71 149 20 165 94 114 78 36 73 211 27 12 3 188 3 204 250 178 98 65 198 243 176 192 79 114 80 13 16 36 186 109 87 57 238 120 9 136 212 64 171 158 37 167 62 215 110 228 142 79 32 231 179 48 5 130 82 19 224 128 61 68 97 186 31 226 136 178 
216 188 229 29 224 32 94 136 224 142 3 174 173 36 192 152 218 126 58 182 95 81 107 183 166 121 65 221 84 64 147 80 207 114 164 210 245 222 159 2 141 102 145 19 198 93 80 93 109 188 246 162 181 165 19 0 105 95 250 153 237 7 126 53 166 90 236 189 95 42 71 208 41 124 193 36 179 64 166 110 143 127 216 108 243 104 16 58 85 96 234 98 100 100 107 133 
38 213 109 24 91 34 106 204 205 204 106 76 34 102 43 108 122 172 50 156 72 134 121 11 176 152 192 120 130 58 138 211 78 148 245 34 206 132 156 63 153 22 173 63 248 113 28 196 82 161 96 249 146 145 134 186 24 173 103 192 227 71 62 144 147 244 71 138 214 65 176 19 167 187 177 69 208 85 54 84 210 233 182 162 17 152 153 201 246 11 199 52 22 239 177 225 
180 53 111 63 14 243 140 69 216 152 117 246 174 42 63 108 123 135 67 215 118 206 129 166 239 183 190 52 87 149 59 216 145 212 12 33 130 94 142 123 146 67 56 112 151 34 220 7 1 105 4 29 35 174 46 146 208 18 68 15 87 118 94 106 100 187 237 231 14 180 34 217 218 94 61 185 197 20 212 2 188 62 151 88 36 135 64 102 250 64 237 237 126 246 60 230 
180 174 25 177 203 132 39 153 183 247 205 34 136 234 176 126 229 71 31 245 110 127 19 190 183 126 167 164 145 53 35 135 35 228 23 81 46 91 156 159 25 173 2 199 28 17 139 49 170 174 76 99 127 91 71 53 96 90 138 40 239 4 129 119 82 139 224 164 18 194 94 147 20 108 181 250 19 144 63 177 161 29 211 99 45 113 241 72 243 130 37 203 166 122 17 18 
81 108 203 159 200 175 78 20 230 6 151 108 160 171 198 19 103 183 138 15 28 203 78 52 5 188 208 73 118 175 61 163 16 200 12 55 15 60 1 231 178 189 187 166 176 245 109 242 161 227 55 174 14 248 203 242 186 165 37 91 154 105 147 189 234 15 239 206 107 48 225 169 12 113 41 146 55 149 116 225 116 83 25 172 126 119 160 15 126 244 117 247 207 152 38 85 
191 246 225 65 139 22 226 144 60 45 51 96 26 236 181 189 112 58 187 215 196 177 55 156 49 178 70 223 87 75 151 11 127 59 185 166 41 150 173 27 96 192 194 115 250 166 118 214 111 187 166 54 68 130 136 114 101 188 100 101 21 212 47 103 248 61 16 156 27 131 94 103 69 174 178 164 39 249 1 91 157 164 175 5 124 153 123 95 173 100 34 190 145 132 168 79 
89 120 209 237 81 122 101 218 3 216 55 36 67 58 149 150 174 59 37 20 151 111 160 226 187 171 108 250 105 39 157 69 31 117 161 117 173 79 76 0 109 92 41 83 34 186 33 244 97 73 45 158 213 50 17 89 85 144 213 102 98 47 143 136 159 11 167 148 50 88 17 215 151 139 237 232 134 206 184 128 102 89 231 76 111 128 238 129 95 149 123 109 30 169 92 63 
91 59 73 201 206 206 226 144 246 0 73 249 159 202 60 105 102 36 229 165 143 186 93 76 41 28 112 120 18 168 33 79 136 213 173 124 124 216 198 175 161 12 189 74 227 134 235 132 51 60 12 246 246 137 169 84 16 129 42 100 112 195 132 213 145 209 55 215 122 9 249 166 197 101 167 130 49 129 231 190 53 240 135 129 204 193 92 213 141 178 165 157 6 241 64 40 
214 172 94 8 244 221 113 228 112 145 45 154 0 60 23 52 233 21 113 142 218 112 101 80 245 223 6 150 56 201 206 126 134 40 209 239 52 226 159 155 235 180 250 109 137 60 214 159 64 113 250 241 134 248 28 51 90 167 208 179 190 9 186 194 232 103 247 216 201 149 123 13 43 109 91 194 219 215 84 208 171 202 184 186 158 153 64 91 213 62 5 86 58 233 20 199 
179 240 114 235 23 237 167 168 201 6 238 199 175 240 174 129 113 117 213 76 243 58 51 0 92 241 51 33 178 137 161 86 7 94 92 162 76 108 152 134 35 98 226 149 143 143 99 157 138 92 241 175 207 239 32 235 225 187 225 162 25 80 100 175 108 200 247 48 164 59 100 10 216 236 168 249 180 216 189 135 71 3 40 135 227 82 47 212 58 206 39 44 192 172 25 50 
151 174 52 146 169 202 190 166 116 0 20 227 184 138 1 109 135 28 61 64 48 211 87 238 202 242 237 206 200 201 97 128 10 86 41 219 228 93 17 127 125 127 27 102 36 60 155 171 84 197 151 153 35 144 216 65 58 107 136 76 193 21 62 21 23 18 197 172 40 53 76 241 64 191 96 53 48 172 180 235 85 233 140 224 0 158 199 187 153 145 29 135 185 37 208 84 
89 106 45 198 184 146 20 52 200 44 31 137 203 199 101 178 72 148 210 242 198 107 192 221 151 72 210 60 110 86 145 212 150 50 231 54 69 150 12 155 156 137 118 214 2 75 222 141 85 21 169 240 161 176 247 167 237 56 188 236 58 104 65 130 82 232 238 173 165 21 180 85 13 188 174 227 96 111 184 93 113 98 224 177 144 78 18 162 76 155 49 187 140 22 241 248 
116 101 53 181 128 75 175 194 3 113 4 179 196 187 236 77 24 184 78 177 102 148 44 9 237 212 181 33 67 35 70 23 171 49 140 238 108 171 234 161 12 79 49 115 130 163 49 122 87 85 160 182 47 3 231 43 241 39 200 26 55 30 4 161 79 168 220 246 79 185 43 11 62 124 112 98 80 240 177 172 196 73 194 12 104 80 28 87 29 217 152 83 176 118 65 80 
19 44 169 224 18 217 215 130 87 139 173 156 240 128 83 64 199 1 202 227 206 243 13 239 245 226 152 47 226 106 180 187 213 123 52 0 76 160 110 194 234 185 10 214 245 32 14 126 145 61 248 182 210 43 23 37 14 6 193 176 75 112 131 247 7 222 54 25 178 96 149 13 237 217 240 248 16 39 124 214 104 57 87 77 149 112 193 47 92 11 23 98 244 149 37 108 
64 23 163 54 98 139 224 212 169 6 210 245 77 38 190 134 214 37 15 150 123 142 150 119 219 249 127 171 235 201 23 238 208 28 233 236 217 6 134 108 217 21 137 86 124 148 79 243 66 84 28 149 63 29 147 132 59 217 82 74 198 57 76 56 13 83 220 78 111 9 123 113 79 246 58 132 34 5 243 59 15 6 19 211 52 188 211 239 150 160 155 43 139 223 214 196 
45 69 37 137 59 139 9 244 110 115 16 38 132 143 218 99 55 68 83 156 6 102 152 228 204 155 250 153 17 4 43 77 166 34 162 137 196 124 121 108 167 248 156 61 225 88 114 39 247 30 200 226 237 234 168 96 67 219 134 237 38 215 157 105 241 183 87 181 104 66 35 70 92 147 139 11 233 60 46 132 16 18 35 194 37 50 249 77 203 219 149 75 235 35 199 111 
193 210 220 134 175 71 207 212 21 6 95 2 148 196 23 188 23 45 202 55 195 226 109 154 23 105 71 169 156 43 3 102 127 238 16 215 151 217 79 162 184 121 38 248 66 18 234 149 162 229 33 210 246 192 97 214 9 57 49 86 146 187 217 76 250 70 138 46 143 94 192 26 225 12 210 87 36 58 113 10 96 50 52 130 186 240 155 203 173 80 178 1 21 232 104 57 
152 239 138 110 34 217 203 108 203 144 122 123 107 30 242 232 19 81 106 139 170 235 70 171 63 208 224 142 207 34 1 231 48 202 98 150 187 233 226 63 173 241 32 212 190 129 143 124 74 133 92 195 104 88 64 179 179 225 146 160 68 3 45 162 108 61 224 37 21 47 31 187 178 39 120 108 119 1 243 174 49 166 85 190 118 165 245 150 60 168 77 146 130 227 46 172 
202 16 20 103 235 132 88 245 87 194 5 137 215 83 230 122 69 80 239 141 175 124 59 84 129 41 144 143 199 38 234 239 47 132 131 1 89 238 65 87 115 249 190 226 40 177 198 42 220 1 9 97 239 140 210 125 107 90 15 20 246 127 7 219 186 59 130 69 131 92 129 202 22 52 81 25 183 138 61 192 122 215 141 31 140 95 246 13 175 166 180 5 96 199 50 186 
228 149 2 135 22 92 108 248 90 224 206 75 26 109 161 76 178 17 56 100 116 126 186 22 171 102 87 60 246 209 216 140 111 186 150 8 55 110 66 231 199 6 241 74 101 55 98 64 165 119 168 71 200 146 32 241 186 25 224 193 157 110 161 53 66 207 194 101 165 64 172 41 38 134 197 190 80 29 158 176 110 27 63 218 148 241 112 223 110 4 247 194 92 215 71 35 
35 97 15 18 5 199 178 143 38 181 122 182 178 14 99 154 137 203 41 87 230 72 247 77 176 81 220 70 47 210 64 90 154 186 87 35 211 92 181 237 233 47 234 241 0 8 248 73 206 133 15 239 134 248 120 226 153 232 134 21 188 191 65 113 229 61 10 65 148 38 46 72 154 221 212 15 237 123 217 222 96 188 53 46 71 236 41 10 50 231 164 246 55 83 231 46 
9 35 183 154 105 233 120 22 174 33 207 8 54 41 200 47 69 167 176 44 129 31 184 79 101 132 134 18 224 187 85 140 154 174 93 250 177 195 64 126 77 225 127 182 183 85 11 14 169 28 111 59 176 93 49 190 230 118 234 160 187 81 37 79 28 152 174 197 153 65 71 61 46 188 166 95 55 237 222 229 157 228 210 61 216 39 60 8 37 143 152 14 34 94 85 245 
22 104 218 250 248 228 62 40 221 183 213 171 150 167 87 4 5 232 119 27 187 180 130 196 20 26 93 104 77 84 33 87 227 240 119 187 82 207 53 208 19 229 47 129 149 182 25 237 132 182 123 182 228 49 188 103 71 95 73 23 218 150 7 151 230 244 30 32 23 125 232 220 107 235 248 6 25 212 138 4 4 131 94 134 186 132 241 138 183 204 136 118 182 79 186 22 
19 179 60 26 115 72 80 64 32 37 134 99 230 111 139 108 79 100 79 76 203 224 222 54 111 70 207 112 151 249 249 249 118 136 108 196 165 47 79 71 138 217 145 26 147 247 65 10 123 217 170 182 81 58 40 236 127 157 177 65 207 151 6 189 13 95 19 201 124 131 57 18 205 242 53 27 76 41 93 26 92 250 141 238 214 190 195 43 186 217 220 154 187 124 21 138 
73 185 41 69 20 124 32 17 17 39 54 250 78 230 180 53 141 189 220 107 0 197 250 187 129 189 17 72 195 146 7 235 198 247 89 86 224 152 78 200 192 65 168 142 50 38 21 113 96 210 213 185 154 196 133 13 203 220 143 133 136 84 227 79 55 177 205 0 118 94 219 145 120 37 26 140 124 36 131 189 18 47 23 132 64 228 102 94 90 22 232 242 42 49 74 51 
37 39 92 195 47 243 200 237 130 116 123 187 232 122 69 204 189 2 51 29 103 75 214 26 90 8 136 240 110 137 176 18 221 137 48 17 2 168 69 80 137 6 171 3 170 16 40 228 204 87 45 84 52 84 88 188 60 187 43 250 126 13 125 68 172 56 72 136 104 35 122 131 115 123 245 103 189 115 90 135 201 191 50 244 209 125 47 37 123 187 78 183 29 132 52 37 
171 202 32 118 142 179 45 243 130 187 161 81 194 222 232 234 14 104 234 153 180 47 1 1 68 207 75 210 15 91 233 154 47 167 51 153 87 110 193 155 216 221 132 31 140 16 139 231 5 123 71 219 8 227 26 77 75 44 132 225 134 247 54 188 119 110 107 248 117 100 243 21 68 34 146 206 22 192 129 72 113 59 13 184 184 204 126 31 7 20 196 52 190 109 122 99 
59 57 73 184 177 147 70 9 58 202 55 112 110 107 214 1 167 60 13 20 163 214 126 127 19 50 18 248 240 21 187 212 126 45 119 9 239 221 54 117 107 211 12 220 249 110 136 16 162 122 17 113 9 144 231 45 59 202 122 100 34 197 13 183 32 198 170 219 19 116 58 156 109 190 71 202 96 41 214 158 63 131 123 130 76 92 238 26 131 176 205 208 61 33 165 140 
32 9 108 126 27 215 132 74 54 207 224 86 126 38 97 43 70 229 67 64 60 33 127 125 106 72 69 222 152 172 240 241 242 180 7 131 28 201 113 69 23 169 179 112 174 56 126 106 68 52 72 77 63 30 187 81 202 201 191 42 137 178 237 186 104 136 53 15 236 190 114 146 132 217 87 114 10 122 55 141 13 166 196 158 160 79 70 94 1 209 189 203 9 248 140 226 
142 194 131 111 47 203 44 218 245 211 205 97 194 44 35 148 7 98 22 18 46 206 86 223 242 160 113 195 153 218 230 112 62 88 82 41 191 55 184 4 107 147 11 122 169 233 214 250 30 160 210 181 119 208 10 90 134 182 205 14 236 170 68 64 187 174 32 102 7 232 154 240 198 157 86 186 35 162 181 110 66 47 64 95 193 56 200 238 228 94 127 148 140 83 45 5 
155 248 113 1 136 107 188 115 230 34 97 211 243 223 106 232 25 58 210 23 250 244 159 124 29 145 39 4 233 94 37 107 139 71 240 71 204 151 245 130 52 140 139 181 106 135 160 185 219 175 243 224 111 112 133 5 198 159 60 176 3 26 0 79 210 36 184 11 194 122 92 111 47 109 122 81 178 181 54 200 216 12 20 117 188 197 9 53 77 122 247 153 240 138 5 136 
197 161 202 26 0 174 155 66 38 74 225 204 213 1 133 155 188 0 143 95 221 124 182 33 45 42 77 128 103 107 206 16 99 161 18 129 166 143 238 95 70 211 42 206 153 101 54 41 150 181 67 182 33 39 238 111 193 96 149 98 178 82 148 173 54 70 189 81 199 248 235 49 32 219 186 79 121 22 73 80 3 109 100 122 66 157 123 100 11 194 105 179 93 87 60 57 
217 80 23 11 57 24 33 88 27 137 118 234 37 125 167 154 90 239 58 205 219 248 208 133 210 207 74 212 194 79 35 229 221 57 7 138 53 173 163 114 18 22 176 129 62 4 170 60 162 160 62 7 142 125 130 145 141 250 196 43 210 215 176 16 221 131 218 28 136 230 169 76 76 114 249 240 249 172 210 177 87 36 56 235 192 71 195 131 218 59 94 38 76 136 69 10 
236 195 70 38 212 159 128 30 203 107 133 206 199 18 225 77 193 233 107 8 176 120 176 23 245 167 70 136 197 34 220 26 223 36 243 84 95 7 3 248 99 189 3 115 26 126 85 118 206 233 90 208 186 18 110 170 131 43 81 116 26 228 47 107 9 65 234 193 155 111 68 122 175 116 235 135 3 250 30 209 129 216 11 123 244 96 235 157 20 146 191 81 57 202 64 122 
81 23 233 76 171 108 33 55 201 167 222 69 18 118 0 238 22 171 179 219 211 191 22 89 206 195 43 246 241 194 119 185 132 243 166 211 134 199 111 27 245 177 115 52 17 75 126 117 173 74 62 234 57 58 22 130 217 52 170 106 114 25 80 160 116 114 33 108 128 136 186 111 187 60 114 167 196 202 69 91 119 148 138 150 235 150 30 135 109 63 90 92 95 126 76 243 
234 16 245 167 8 194 129 24 245 25 137 151 23 29 33 52 49 40 39 179 15 162 250 15 58 52 190 46 39 238 14 235 66 206 178 117 220 182 113 245 57 125 46 72 99 188 99 40 13 242 242 129 48 154 120 4 66 145 21 219 8 58 187 173 27 111 36 179 185 32 155 21 176 149 241 86 44 61 235 54 113 148 90 174 157 152 8 202 25 247 85 215 223 199 57 230 
67 64 250 149 168 229 27 88 184 229 12 137 104 78 129 191 38 167 7 8 197 45 115 85 241 133 14 146 165 142 82 97 97 152 44 24 134 126 160 171 148 35 214 127 95 134 48 249 198 69 100 112 62 33 133 91 42 194 154 92 77 65 103 37 27 130 102 85 87 177 151 150 42 0 73 194 180 71 134 231 112 84 106 0 111 42 229 28 225 227 164 187 101 62 109 238 
131 24 159 12 197 112 149 170 59 98 151 70 33 53 64 228 9 160 52 48 30 56 35 154 20 32 101 207 121 230 11 169 95 43 136 62 179 196 162 98 49 63 124 79 77 66 195 141 90 229 247 245 44 115 117 168 176 243 16 63 95 189 35 164 74 228 244 211 71 20 188 63 73 144 211 45 211 207 128 200 45 55 4 101 236 94 84 202 134 84 191 186 30 181 21 234 
171 156 51 102 205 196 215 160 92 242 76 156 233 40 229 212 119 70 216 71 117 182 47 176 187 36 111 102 54 91 96 218 250 206 121 224 95 32 160 143 6 194 41 203 31 53 108 106 205 215 69 148 14 140 30 159 110 230 128 233 119 178 36 42 182 83 18 206 59 150 168 36 202 78 97 164 54 144 173 162 105 189 139 221 203 25 29 215 41 62 60 51 100 200 156 148 
142 156 170 126 78 217 98 156 180 250 156 89 156 182 202 21 108 105 216 14 67 53 242 98 22 207 154 143 4 7 68 225 87 230 38 84 165 26 222 184 75 220 202 242 92 166 8 6 113 165 72 140 152 181 156 115 250 222 37 73 178 170 206 185 148 76 55 25 242 196 198 110 141 184 134 162 99 50 189 103 187 178 94 19 137 121 39 16 81 73 196 11 208 204 151 34 
22 129 246 172 160 125 146 75 115 139 150 8 216 190 117 4 162 250 152 176 110 87 50 51 33 110 3 142 104 242 95 232 216 159 90 116 243 114 27 55 59 190 31 239 126 199 194 227 165 51 36 207 67 202 232 98 190 86 189 104 73 141 215 166 128 204 108 29 202 32 35 137 62 106 198 122 46 217 150 216 61 233 125 44 54 35 117 53 115 226 235 13 239 88 123 83 
235 134 213 179 183 127 226 52 213 231 246 213 122 92 149 142 192 2 98 120 54 196 170 151 84 95 174 121 86 171 102 86 249 94 95 145 226 8 8 119 176 65 166 206 76 14 48 191 164 64 226 212 107 157 64 225 179 166 225 202 186 3 26 147 88 30 149 86 231 125 186 23 50 52 182 182 112 189 14 191 172 125 47 205 18 158 47 78 6 165 63 215 217 14 121 152 
194 66 132 85 27 173 126 64 187 71 173 149 126 157 152 96 98 7 171 88 49 189 162 95 84 140 115 152 110 46 44 154 162 126 35 205 242 3 146 109 235 138 205 74 144 242 122 164 45 78 8 159 89 23 25 213 85 208 107 93 24 126 106 65 142 144 62 61 54 237 68 93 100 206 28 98 214 163 146 113 131 109 156 137 229 69 159 239 239 130 162 170 219 26 134 33 
46 148 225 44 37 26 191 71 191 237 221 17 201 208 132 60 36 151 33 97 32 216 165 167 236 74 106 177 14 237 125 153 156 219 203 25 77 166 31 182 106 217 18 136 183 52 21 229 96 52 138 223 108 123 17 227 30 12 2 155 97 187 89 211 158 172 247 17 189 72 194 139 144 204 126 21 142 82 30 211 0 73 24 35 72 189 92 242 53 1 142 57 99 72 100 116 
120 103 176 182 184 65 114 162 248 227 157 138 114 67 95 233 241 62 68 113 157 43 199 90 160 74 245 138 52 154 63 45 223 86 27 143 32 40 108 91 63 61 102 8 185 137 205 207 61 26 111 62 238 29 140 27 207 122 86 169 165 247 166 101 39 221 192 193 57 76 184 35 28 203 129 84 149 185 216 42 207 196 46 0 46 15 153 16 1 48 94 37 78 3 139 121 
168 40 59 220 15 51 80 59 108 33 18 44 60 137 60 181 24 194 223 16 58 125 246 126 70 125 74 118 90 50 180 92 24 224 158 130 55 167 130 245 161 64 221 208 41 186 131 59 194 247 233 176 19 92 4 104 102 138 154 23 119 122 133 84 79 139 46 207 50 167 180 208 40 85 117 79 73 169 129 164 24 53 111 65 97 136 164 90 218 4 16 68 156 83 137 83 
125 81 175 43 247 63 107 56 48 6 146 174 157 74 101 74 142 158 150 31 27 103 19 133 77 44 161 226 163 246 227 80 40 33 215 245 38 217 9 131 215 63 27 169 221 121 10 209 197 116 237 170 36 43 69 239 205 211 87 245 118 44 1 54 165 75 84 151 79 182 17 160 170 215 112 61 224 51 99 90 53 156 39 181 224 62 179 44 153 98 227 165 157 183 233 121 
248 189 201 237 131 11 250 115 102 58 14 175 92 188 152 205 33 125 219 130 236 0 181 103 3 3 235 89 40 33 118 104 110 220 113 179 185 98 177 62 163 178 54 1 234 73 155 120 19 140 22 245 234 242 79 234 113 141 172 133 131 87 168 10 7 11 211 104 133 54 95 65 42 35 48 79 221 196 55 198 162 194 228 21 106 1 191 61 179 53 32 132 143 156 110 183 
138 223 6 117 238 3 218 95 213 230 41 162 108 85 205 171 53 135 240 233 247 12 3 94 194 239 100 57 44 179 185 138 166 180 185 222 224 19 135 42 23 192 149 68 10 82 193 175 127 82 38 23 152 167 199 5 61 48 243 217 146 20 230 41 221 132 124 50 232 167 4 94 144 215 128 153 75 53 74 30 88 37 172 112 155 0 71 24 192 39 25 24 124 60 227 211 
4 39 224 113 131 116 180 183 168 242 235 181 243 189 159 101 136 90 107 48 104 39 27 55 213 91 145 73 201 232 207 85 28 174 176 168 81 140 151 177 228 174 133 89 83 76 142 75 101 96 58 9 57 112 202 151 144 149 159 173 195 88 91 107 11 245 227 0 236 203 141 186 35 119 128 72 122 95 147 209 168 168 85 204 107 183 160 216 65 26 131 230 152 167 200 94 
3 45 65 232 39 40 151 0 6 174 66 127 119 10 19 85 232 121 199 107 213 158 120 36 85 163 217 87 167 65 128 227 2 54 191 64 141 82 65 210 26 167 86 54 22 152 108 44 197 154 194 92 60 23 123 94 22 100 222 48 107 167 98 188 37 5 136 131 43 82 30 225 75 96 120 242 22 160 84 61 52 11 233 96 67 187 212 56 97 219 144 118 16 180 218 147 
237 75 229 55 174 58 175 133 217 216 92 100 218 218 214 181 233 248 244 30 219 192 120 234 29 86 71 183 8 4 41 247 94 82 127 65 236 161 217 124 221 27 74 244 76 104 109 192 197 88 16 42 103 224 51 137 108 103 147 90 28 239 9 171 233 164 88 189 152 198 177 99 218 66 191 225 145 0 221 210 155 44 206 52 237 159 210 229 47 10 167 106 28 126 157 41 
206 170 95 75 142 2 136 34 8 241 22 190 53 196 129 80 54 166 86 184 16 152 73 111 60 213 205 110 143 143 27 168 205 130 139 206 104 133 79 203 107 153 97 118 128 161 57 247 162 125 196 64 148 87 243 38 28 85 244 183 44 17 85 80 121 186 58 184 9 79 172 133 213 161 73 225 40 56 34 73 214 100 3 40 29 49 130 219 93 208 231 205 181 231 126 106 
