31
95 48 41 45 246 150 86 68 215 43 31 208 38 87 66 10 79 84 19 2 130 84 34 124 54 192 135 39 87 86 80 
47 20 247 61 132 139 80 40 247 171 34 129 84 28 203 159 31 79 239 76 18 56 27 40 186 57 191 122 36 36 212 
230 205 121 112 183 230 206 217 75 31 135 239 31 27 119 122 187 214 38 157 62 20 127 232 190 133 86 18 36 93 236 
239 231 20 152 64 165 204 64 165 39 249 49 62 30 37 178 25 143 191 7 206 46 64 92 157 104 188 75 87 202 129 
148 231 239 153 209 200 47 102 186 115 58 199 182 242 97 10 152 84 148 75 74 23 70 81 187 17 118 3 235 175 141 
125 177 151 183 117 114 161 168 92 110 3 192 2 133 70 201 184 80 44 167 26 144 191 203 137 168 4 154 144 8 52 
235 106 75 78 76 150 184 82 190 117 10 116 175 67 70 44 51 167 166 179 239 133 97 136 234 199 156 18 30 218 232 
221 91 131 95 180 35 152 32 95 195 13 24 168 134 165 20 241 39 89 50 63 245 233 208 19 196 105 206 107 201 59 
68 138 103 18 59 124 100 102 8 75 23 18 46 65 123 160 225 40 163 220 154 153 90 178 249 170 2 3 227 44 19 
66 61 17 182 33 158 23 73 232 27 91 105 166 71 152 199 98 112 197 165 97 83 102 188 96 26 242 240 230 187 45 
159 245 54 86 177 136 140 140 31 167 57 115 118 46 66 56 215 137 96 18 231 209 111 139 7 141 246 249 138 21 44 
103 2 23 72 148 79 22 78 195 160 87 213 143 107 200 239 215 108 158 192 40 106 224 37 119 121 222 242 119 152 86 
105 133 212 180 236 94 132 87 164 234 245 192 209 86 74 65 206 196 155 39 40 169 246 27 194 130 228 26 234 70 92 
170 101 126 95 148 124 88 105 33 195 145 164 135 234 159 187 121 179 118 32 215 79 56 195 147 188 136 61 50 118 84 
155 47 223 35 59 234 133 96 64 7 124 20 219 138 84 93 134 179 172 36 39 200 181 203 29 129 23 208 94 74 128 
27 113 147 245 224 223 219 177 195 6 228 229 82 36 218 220 34 56 177 168 231 47 52 192 105 161 19 123 88 155 241 
197 46 4 20 201 146 109 137 100 139 15 121 28 206 163 182 4 141 114 250 27 49 56 21 81 133 9 164 190 133 213 
30 127 233 14 201 103 66 78 43 144 210 110 5 29 216 235 214 215 156 176 156 110 6 84 140 123 122 200 79 90 11 
68 202 102 21 66 144 95 250 249 242 204 32 233 63 250 144 8 85 101 46 213 198 67 117 78 215 162 4 211 148 168 
57 140 166 232 174 228 89 163 24 47 25 157 164 190 238 49 122 131 110 67 101 2 101 92 205 131 118 177 101 6 71 
242 60 249 196 201 117 134 174 204 18 4 137 228 105 196 41 232 200 157 67 151 21 198 240 190 115 229 29 5 122 156 
193 38 95 203 41 123 61 47 138 74 204 177 53 180 99 210 115 117 182 110 19 248 42 158 27 11 229 231 228 159 148 
30 197 61 208 62 83 2 61 52 213 105 27 85 78 203 195 243 33 219 181 137 247 27 122 187 206 210 220 12 141 124 
134 193 232 92 84 167 140 201 199 231 108 247 84 53 128 2 62 113 48 144 121 5 11 154 194 114 72 113 167 48 78 
17 97 0 33 89 46 138 150 4 42 129 196 218 93 69 60 139 59 122 188 112 21 133 80 90 193 28 57 20 248 141 
19 100 57 66 174 141 35 248 20 196 25 102 60 14 130 12 217 239 154 58 243 107 15 67 241 64 146 78 109 146 112 
4 148 96 90 174 122 42 10 187 238 173 102 163 182 75 46 111 53 127 13 155 50 160 125 122 208 189 125 194 105 185 
128 79 167 30 112 78 176 113 192 7 222 229 154 27 158 16 20 95 109 92 96 46 208 130 34 131 193 86 249 84 115 
62 53 224 12 161 52 239 157 34 91 142 193 209 35 126 121 129 110 61 149 190 177 179 213 44 75 59 153 155 32 153 
109 218 86 110 177 131 141 93 10 13 149 128 247 234 105 150 164 45 76 0 105 110 246 137 94 166 96 203 20 184 239 
55 90 111 51 108 233 106 67 242 167 212 101 1 15 159 58 240 70 230 111 172 30 84 58 146 12 76 32 177 157 36 
