18
47 101 116 230 22 71 151 119 111 7 42 3 4 122 23 67 175 18 
24 24 239 202 188 12 110 71 199 211 69 204 42 135 133 38 29 229 
193 151 137 156 72 189 207 198 170 199 222 71 55 116 165 112 93 205 
38 232 109 152 216 250 174 126 24 153 83 56 216 242 20 221 236 150 
34 121 225 239 18 219 229 201 114 58 101 228 152 59 146 149 139 119 
95 80 223 70 65 27 64 24 153 125 110 201 136 45 27 196 115 101 
132 100 209 126 8 186 145 183 220 11 158 233 87 83 106 4 24 139 
128 33 168 57 23 226 53 245 133 3 218 184 178 242 223 78 171 132 
195 192 180 68 232 103 144 190 26 14 172 201 208 195 105 37 12 44 
23 46 197 161 4 75 77 169 207 203 97 200 157 210 6 170 207 192 
79 107 88 147 154 172 135 125 199 81 163 93 110 175 134 36 36 194 
217 50 101 74 96 236 139 218 241 11 151 220 32 223 250 226 105 185 
59 70 82 110 207 156 141 25 104 10 160 94 241 133 160 134 173 151 
207 71 190 173 121 7 206 103 77 26 164 160 185 31 247 228 165 143 
193 244 93 135 178 88 100 182 203 75 137 8 201 76 78 22 16 221 
137 119 233 81 183 245 230 151 246 49 56 10 65 128 108 102 160 56 
75 131 249 158 178 237 97 45 81 214 38 26 140 23 202 33 39 158 
29 75 139 84 249 39 211 237 38 177 102 2 50 184 52 57 105 199 
