13
62 51 89 157 58 142 98 225 211 34 57 88 4 
197 110 18 54 92 224 34 206 77 32 213 217 228 
117 237 209 63 7 224 246 24 213 108 141 122 28 
185 78 1 132 13 43 74 205 27 186 77 92 128 
77 23 116 144 27 97 148 173 69 122 148 42 123 
57 122 110 92 21 42 214 125 189 83 159 39 21 
147 206 13 140 147 8 25 241 244 157 172 243 24 
97 175 90 221 68 221 13 17 225 129 138 133 153 
222 203 207 34 157 151 202 172 3 11 92 168 69 
122 210 43 134 159 100 87 236 44 77 57 64 114 
88 17 249 219 44 171 116 241 156 220 69 29 30 
215 224 119 125 198 73 186 135 172 172 195 162 101 
243 38 4 116 207 217 241 61 67 98 172 195 213 
