89
20 170 177 65 171 197 157 198 115 220 106 100 18 118 114 181 105 89 102 196 163 16 172 29 79 115 27 85 177 95 77 140 22 104 239 226 23 159 132 199 82 199 107 2 42 187 56 86 122 191 241 95 189 36 126 120 60 243 154 115 39 183 16 228 221 111 105 84 103 192 231 198 186 174 194 118 229 60 49 27 155 188 45 215 61 110 243 178 162 
47 21 240 109 117 61 146 154 14 164 203 109 96 1 18 39 212 160 96 108 169 152 122 136 122 248 227 39 66 121 168 211 248 188 65 62 221 241 213 51 177 105 230 1 18 156 139 216 104 184 41 205 219 222 201 10 155 24 181 66 241 152 139 98 149 72 183 92 33 167 248 121 178 79 12 65 181 146 187 59 169 172 211 158 46 82 50 179 168 
9 1 70 63 237 189 41 202 211 211 235 246 101 79 151 211 174 135 9 181 202 215 221 181 219 227 182 239 87 196 209 6 207 134 163 230 230 76 245 45 231 198 227 96 9 167 75 156 122 10 63 161 120 147 196 202 82 125 9 113 70 211 223 118 208 6 227 166 245 149 2 152 191 210 207 38 133 71 237 122 95 87 86 18 119 225 217 6 195 
248 205 150 121 37 16 119 215 157 16 85 201 139 80 117 35 140 153 99 25 235 50 245 212 66 229 16 129 144 6 203 111 224 43 1 135 20 246 219 8 73 97 196 193 79 79 26 31 235 87 0 143 40 94 10 39 235 224 131 136 225 123 107 63 182 77 155 231 119 85 104 130 204 6 215 207 249 48 12 176 124 215 173 131 67 204 92 243 221 
46 170 237 57 139 57 176 160 193 207 147 177 204 98 53 126 215 211 73 65 176 67 151 193 60 94 77 154 245 16 8 181 172 157 136 62 31 90 221 111 146 117 67 162 220 231 190 32 215 222 14 212 233 154 106 223 99 209 231 191 30 247 48 113 243 25 126 85 59 68 149 145 148 10 149 70 46 31 220 148 202 19 211 137 243 185 54 226 77 
64 170 228 49 213 167 185 71 209 23 148 48 86 184 60 207 193 100 94 36 148 228 125 48 224 41 181 142 68 56 180 4 211 246 132 205 76 14 0 118 211 144 40 99 158 239 92 73 107 103 160 180 12 24 242 88 93 213 206 163 136 180 245 52 161 248 39 156 1 102 83 30 47 120 230 188 84 137 90 148 53 137 74 146 206 44 160 143 129 
220 25 84 203 41 124 106 115 200 196 195 200 113 8 6 190 162 158 28 150 146 166 35 195 148 12 17 14 197 146 187 177 131 196 232 236 148 190 169 80 183 139 81 207 226 147 71 158 14 134 115 190 60 16 119 187 248 174 62 215 10 8 174 141 52 168 124 28 81 40 104 107 205 14 0 211 7 65 106 101 192 108 167 134 189 185 72 244 87 
244 245 55 63 34 239 237 16 59 26 1 1 107 83 166 34 196 6 146 72 68 113 171 70 187 35 189 25 226 245 146 154 100 77 214 100 187 163 51 113 135 47 210 158 132 206 52 125 152 231 237 25 11 3 248 115 246 153 200 12 69 242 9 208 152 234 113 49 128 206 62 216 244 52 118 30 178 225 10 46 97 84 194 120 115 60 128 205 188 
17 216 244 2 204 76 250 45 109 17 198 136 136 231 175 212 38 92 43 82 172 212 51 164 155 67 61 196 96 89 1 89 122 234 190 246 17 11 151 222 145 143 46 79 102 34 89 94 30 243 229 160 185 198 228 143 216 92 38 189 250 82 34 38 188 136 64 141 110 61 174 39 213 125 164 115 145 171 0 249 23 222 164 171 6 214 207 113 193 
242 8 1 120 120 33 76 234 100 1 249 210 178 198 34 170 247 247 59 103 92 160 53 87 110 53 218 230 95 213 176 209 7 44 125 99 202 212 116 45 24 154 94 205 116 42 155 161 92 5 127 174 5 150 245 243 46 156 56 176 225 2 189 67 203 60 154 93 244 152 228 115 126 20 228 67 113 215 215 118 168 104 159 79 175 45 149 86 228 
21 42 125 21 223 63 217 34 105 72 64 13 29 147 224 3 172 169 79 130 4 227 76 99 34 6 206 23 80 79 232 210 99 243 238 189 128 5 48 195 223 130 23 154 171 4 205 168 85 176 74 1 61 92 98 105 88 126 131 98 63 155 172 77 26 249 247 80 219 48 209 47 50 160 218 217 73 82 178 132 160 216 68 163 65 114 249 152 50 
230 76 229 130 96 69 177 15 81 6 235 22 41 211 2 92 29 146 91 151 168 19 182 115 239 106 134 118 26 213 197 54 101 133 95 173 247 161 99 26 115 229 68 3 222 60 176 1 41 232 62 202 160 249 177 161 49 213 174 38 201 54 57 186 230 90 240 15 33 4 95 109 129 212 72 230 129 155 6 204 179 243 164 47 70 235 222 156 194 
101 118 183 0 209 25 6 181 36 222 190 183 115 11 170 10 79 39 191 58 20 179 250 151 3 109 172 18 155 229 186 46 86 107 209 55 133 222 190 250 219 162 239 211 199 149 87 248 115 231 216 31 19 187 67 94 16 222 148 79 52 22 96 188 185 133 0 143 102 147 12 118 129 69 132 73 59 110 57 142 128 7 10 17 249 248 123 44 214 
129 175 244 129 20 109 98 61 108 53 87 37 144 170 5 242 142 160 71 133 16 112 165 200 45 129 168 71 63 84 91 218 11 172 119 114 22 112 158 14 54 57 11 210 37 69 27 146 99 101 220 33 43 6 76 128 15 64 82 145 147 221 224 104 63 120 160 132 95 20 232 22 101 34 70 11 133 196 102 45 213 90 63 17 30 16 87 163 150 
63 133 2 164 23 194 73 248 202 149 101 229 187 2 248 227 198 52 104 205 203 248 224 187 76 38 130 240 109 81 134 229 76 39 194 33 230 201 156 241 225 148 84 43 127 110 52 211 150 165 142 50 68 177 164 206 37 85 175 18 87 236 249 153 18 191 6 202 151 21 27 212 138 113 173 3 238 164 67 191 235 141 98 93 137 241 205 242 72 
213 28 90 205 46 123 60 97 187 106 49 180 140 182 41 4 50 169 167 81 218 122 141 243 6 108 89 152 79 77 184 23 26 51 72 124 128 59 57 65 36 24 3 15 9 99 55 245 109 140 13 103 147 207 54 131 164 218 115 123 88 75 191 233 83 168 104 191 159 246 31 128 174 62 229 68 0 219 249 4 104 224 215 57 139 144 160 34 133 
15 48 213 146 37 107 179 127 242 86 205 248 37 120 58 36 70 42 123 237 232 93 13 87 186 242 206 54 186 54 120 10 187 176 102 47 162 130 17 9 250 175 118 146 80 239 58 71 192 60 2 116 74 230 168 176 250 207 12 120 189 146 76 33 9 51 241 93 123 246 66 46 207 244 93 174 134 77 111 136 49 144 58 63 130 37 230 49 148 
207 40 136 76 226 52 182 40 71 199 187 227 158 149 94 196 35 185 61 180 213 50 165 177 241 37 215 243 196 161 138 230 59 210 22 173 111 177 117 81 186 21 151 79 40 21 17 59 246 227 173 113 16 205 9 213 32 31 245 43 122 72 243 71 16 226 170 192 219 45 139 36 20 13 182 213 248 22 54 172 41 42 75 152 247 35 60 133 149 
171 113 73 244 203 203 177 203 13 16 150 80 125 118 205 7 207 139 120 244 41 17 233 112 64 52 75 130 173 167 33 242 101 19 222 54 61 23 122 100 33 27 219 120 182 215 221 238 23 202 67 222 90 178 53 58 198 177 48 133 71 81 238 158 115 147 8 190 199 74 51 179 201 228 148 122 234 33 74 242 88 231 128 87 19 237 68 105 174 
122 164 206 78 75 33 247 29 22 170 176 216 194 109 218 28 162 233 108 221 7 149 199 81 31 48 77 197 22 218 37 80 28 189 209 121 145 91 31 187 89 23 131 20 62 223 78 143 162 35 80 61 248 66 75 111 9 165 35 49 208 234 71 168 18 79 158 100 106 59 86 7 202 11 14 174 153 208 80 214 179 90 236 67 101 93 193 104 250 
150 26 79 29 182 23 85 117 104 101 12 84 245 7 157 32 8 241 21 100 5 243 59 12 225 241 2 153 24 140 90 54 245 129 155 182 11 210 96 29 234 64 238 246 160 8 95 113 51 176 141 81 217 3 221 81 39 177 58 19 179 89 21 98 43 33 162 148 133 245 171 7 104 149 110 51 210 133 164 128 126 10 111 63 44 65 101 108 206 
232 138 171 66 222 28 79 144 168 246 95 173 75 108 51 8 233 38 51 58 157 127 70 178 30 190 194 225 151 157 71 20 207 99 112 79 246 117 123 181 15 191 212 179 173 181 197 41 14 40 190 131 66 139 32 45 97 190 121 165 194 100 31 83 103 41 101 245 162 161 68 240 35 70 95 102 151 75 58 37 187 145 234 158 126 45 68 73 232 
175 85 143 173 146 145 52 246 92 125 215 92 24 113 76 117 224 114 175 220 112 35 167 210 128 21 160 58 168 228 245 220 225 155 203 106 68 210 228 38 200 86 100 82 163 245 25 76 145 210 122 6 107 31 84 97 192 228 207 114 69 186 217 11 107 129 184 220 225 136 219 246 118 147 211 148 162 127 135 48 136 214 240 202 188 154 222 244 222 
143 182 159 169 0 38 153 92 54 49 32 58 80 145 37 55 84 168 26 112 164 77 107 47 35 222 60 247 150 194 18 34 141 242 145 11 83 80 226 214 141 173 160 54 149 186 56 4 236 5 28 224 0 69 65 152 177 127 147 23 171 159 155 124 203 68 56 154 228 19 153 113 230 118 212 230 161 185 237 81 50 45 248 70 145 48 223 153 202 
72 198 238 190 56 134 159 87 181 88 126 169 81 216 184 194 75 115 161 164 45 49 108 60 233 81 124 242 64 204 91 96 40 145 38 35 211 80 22 231 111 223 128 241 83 159 139 163 112 172 195 154 165 57 203 18 14 172 241 143 70 181 162 8 102 246 35 121 49 81 154 209 97 243 203 140 4 169 78 120 47 241 233 99 8 199 126 131 9 
215 248 101 122 234 198 84 143 51 30 218 118 93 58 145 31 219 178 193 90 38 249 249 234 1 233 72 169 46 115 20 148 63 85 48 81 15 28 21 120 164 112 113 216 250 65 68 20 55 130 2 14 51 144 97 158 116 85 194 91 43 144 106 195 63 172 90 61 53 49 8 203 249 165 17 93 196 173 42 123 249 8 38 137 237 169 225 73 46 
196 13 85 90 16 195 210 43 163 93 133 75 211 183 128 82 3 83 133 5 50 53 43 65 184 43 196 6 82 142 64 79 117 99 246 24 7 186 74 246 225 110 245 246 164 5 4 140 42 226 248 124 163 160 38 73 198 68 40 165 19 2 14 176 101 207 118 148 92 33 2 116 112 58 224 23 214 208 53 74 187 19 70 144 32 152 186 185 134 
166 100 131 161 230 85 0 128 43 117 230 188 81 181 246 97 43 162 95 151 6 129 38 123 121 192 35 134 147 135 166 249 31 194 107 229 127 224 159 174 76 144 133 121 237 246 143 26 227 163 153 123 103 25 90 174 200 130 104 154 99 101 147 209 84 21 72 45 245 244 112 177 195 36 94 74 145 56 228 93 113 186 86 77 2 225 39 224 101 
177 180 235 82 203 153 245 244 8 242 137 98 67 90 241 138 221 67 60 187 170 33 4 38 57 3 84 202 22 128 140 200 10 193 134 14 29 167 27 109 87 57 202 6 36 208 149 103 189 111 172 76 78 16 78 64 210 136 152 124 105 66 47 154 163 215 71 190 132 147 12 71 246 54 88 213 195 159 120 212 67 236 84 124 156 17 205 68 146 
88 185 133 78 241 148 187 228 52 243 114 97 196 194 130 68 148 163 233 173 201 209 19 136 172 149 200 114 182 147 154 187 39 46 212 160 143 68 78 55 244 47 14 125 123 191 72 189 99 65 4 221 95 211 237 128 6 63 179 72 59 122 17 162 213 52 34 105 233 199 159 67 211 137 211 70 50 29 53 174 35 31 20 239 215 22 88 45 153 
88 233 116 116 98 217 66 96 146 56 54 6 168 168 56 187 157 36 226 193 82 168 3 162 92 143 105 213 21 13 194 78 224 196 99 84 169 5 129 194 156 76 97 44 165 73 56 195 42 35 129 55 71 94 45 115 97 42 214 114 144 74 237 141 168 24 28 4 131 155 166 72 79 23 167 136 193 194 139 160 92 20 164 143 89 50 218 181 57 
113 2 246 43 149 138 35 165 181 100 248 166 90 211 205 216 16 51 101 15 201 230 31 22 180 73 166 242 54 95 234 88 133 214 41 125 237 185 14 63 67 190 209 226 165 29 37 68 237 140 74 111 9 92 30 72 19 133 207 247 108 226 140 104 249 161 74 5 82 108 106 105 54 213 93 155 29 64 154 135 51 143 130 229 123 109 85 74 194 
147 121 31 210 191 92 168 112 191 38 64 32 229 249 128 157 62 181 96 62 245 23 201 129 245 23 16 75 230 199 60 240 213 14 63 196 199 206 62 158 105 25 83 244 174 161 237 109 35 35 204 19 21 62 166 168 110 202 247 216 242 28 196 6 187 151 87 244 193 34 102 202 80 27 197 213 221 1 91 146 77 29 100 105 84 221 181 20 156 
36 179 56 78 84 72 75 15 203 29 231 59 167 191 230 211 64 57 107 65 96 175 75 115 237 29 244 63 129 154 63 244 245 46 219 177 30 147 138 167 84 45 220 55 184 110 91 212 159 77 43 239 122 117 62 248 179 188 29 175 87 216 76 138 69 125 244 157 141 76 128 53 112 229 109 198 179 250 98 141 82 93 47 18 242 227 66 140 36 
128 216 89 131 194 32 170 41 197 40 158 19 93 104 152 232 228 81 98 226 18 226 36 102 83 85 181 230 165 58 131 151 197 138 74 80 53 209 87 213 61 145 225 174 145 31 97 92 47 29 18 130 46 13 40 132 70 172 48 54 169 21 38 169 179 108 29 181 146 232 118 190 70 75 216 44 100 60 170 229 122 34 14 95 172 134 114 185 167 
127 182 209 221 163 152 229 102 136 235 223 17 196 101 149 19 149 21 187 190 79 56 239 44 159 13 161 184 8 108 94 200 232 95 180 111 202 56 178 228 162 94 68 79 8 144 212 12 190 162 121 64 222 244 248 142 31 44 39 96 146 149 35 76 87 98 186 1 191 229 61 126 206 193 110 51 234 214 146 148 4 77 102 65 242 205 6 12 35 
228 236 121 80 37 79 92 241 221 27 194 101 235 129 92 241 155 44 18 7 150 64 77 80 175 123 195 72 152 102 117 169 4 4 119 143 234 130 238 217 170 177 37 225 134 133 36 60 33 25 210 117 60 75 79 204 101 47 34 100 88 130 216 36 56 58 183 203 212 141 116 63 188 120 177 80 17 140 74 58 33 205 15 205 27 121 233 75 208 
246 227 138 108 147 120 14 14 205 247 15 102 121 39 22 19 114 145 48 67 116 160 134 11 46 67 224 209 123 216 218 140 250 247 135 128 30 9 243 186 147 218 161 96 92 218 21 203 150 99 203 19 121 167 214 239 62 79 163 19 115 154 36 170 86 168 85 113 25 228 226 109 137 108 6 48 40 79 89 245 204 186 17 111 93 176 110 159 172 
68 49 139 87 160 54 68 147 78 49 83 151 154 217 82 163 179 236 181 176 244 42 156 182 17 200 199 163 191 36 211 165 7 113 226 18 63 9 28 38 12 24 238 24 5 206 47 57 194 65 19 12 242 151 236 20 240 244 59 85 118 226 85 25 13 39 178 110 228 57 162 144 131 166 112 72 222 137 188 53 203 71 123 153 10 86 13 189 155 
120 154 126 221 43 187 112 180 205 246 244 4 31 113 191 174 34 201 204 44 211 93 2 6 194 97 192 229 202 64 98 33 203 177 28 11 119 104 180 161 180 147 243 153 208 206 57 212 13 232 0 224 250 21 185 46 129 146 96 133 42 88 173 33 212 178 81 60 136 117 37 139 133 92 122 131 138 204 123 28 173 43 143 82 171 249 121 209 200 
165 58 38 10 58 180 110 22 108 59 206 223 5 67 9 225 92 32 112 174 58 37 89 139 53 209 10 19 139 44 240 57 180 36 56 146 20 105 168 228 214 187 233 125 70 136 183 117 124 90 147 15 218 18 114 102 13 44 227 14 107 115 42 155 60 165 158 115 245 228 38 106 74 30 33 248 37 86 30 240 8 177 179 47 196 46 195 172 89 
166 232 209 239 186 152 125 85 59 4 109 89 6 117 236 30 54 200 177 188 167 142 139 230 29 39 138 80 204 175 106 174 21 56 176 23 125 205 56 79 56 17 45 200 128 209 199 111 198 191 63 240 243 27 113 16 81 13 188 121 122 26 173 232 58 19 131 219 155 204 14 195 178 29 147 179 234 32 184 176 69 209 130 240 57 6 37 245 162 
79 149 141 238 28 69 208 93 52 97 111 240 160 151 48 0 77 61 83 216 101 210 217 10 42 191 59 75 188 99 104 44 185 184 97 181 246 30 93 174 123 203 136 10 177 211 170 165 164 170 21 144 186 160 211 65 34 91 216 238 155 181 221 73 141 22 117 85 107 39 105 82 198 26 78 190 60 249 140 205 8 20 81 32 203 186 88 83 210 
214 189 189 91 152 29 186 140 14 34 30 134 74 16 10 60 6 142 247 37 150 115 75 189 0 213 6 5 165 70 166 19 65 197 100 240 35 91 201 147 19 176 222 163 149 76 16 17 17 178 94 34 113 170 48 5 202 105 144 41 159 125 217 225 184 218 98 144 1 226 29 219 118 92 227 39 132 201 38 84 24 174 110 103 66 250 61 241 131 
78 26 108 31 109 37 172 20 106 12 64 233 217 160 159 173 105 87 233 156 225 122 37 2 103 170 46 201 203 231 212 111 210 8 53 166 166 105 106 77 193 78 46 49 162 25 46 227 45 233 56 205 221 121 140 65 76 163 92 236 9 64 34 237 111 33 178 7 64 9 168 53 49 167 143 11 195 16 149 179 30 245 178 97 4 4 245 53 154 
70 147 55 151 155 154 74 114 75 212 136 88 3 194 162 125 13 166 68 194 19 42 47 242 185 115 200 38 152 203 35 0 182 116 18 245 95 40 163 17 26 56 234 208 158 64 33 108 29 126 61 39 110 7 193 137 93 174 16 126 24 117 94 15 238 60 1 31 241 183 82 90 209 246 128 140 115 56 248 216 187 163 209 74 36 234 35 174 21 
147 111 139 122 158 74 121 222 135 233 131 55 141 81 156 66 89 90 197 161 217 86 80 196 180 28 131 123 104 139 0 67 129 141 123 196 55 153 65 13 86 208 241 12 200 23 173 112 172 234 106 43 72 157 236 238 245 219 36 113 148 96 123 89 64 206 246 8 90 64 32 72 207 37 92 110 112 242 176 86 227 53 144 234 98 92 2 149 156 
182 206 39 23 0 132 160 138 152 100 240 17 145 93 212 205 209 222 77 218 120 85 55 248 118 59 180 59 188 88 33 112 229 194 2 95 219 163 217 194 56 187 98 40 192 161 204 11 233 61 31 224 241 157 82 176 245 235 214 108 210 202 45 142 147 155 212 26 9 185 142 64 240 201 161 224 102 7 152 166 17 210 111 111 224 83 27 223 214 
173 229 202 87 135 170 62 174 28 10 53 203 192 180 122 94 154 9 36 80 181 197 4 186 57 45 223 160 19 246 123 169 115 82 242 136 61 155 61 45 195 105 103 189 34 165 175 227 101 101 250 57 58 21 225 42 127 31 188 22 23 118 78 234 101 214 132 15 169 19 83 170 53 206 95 166 6 20 196 45 138 204 133 82 96 120 225 170 17 
224 150 219 41 31 191 248 210 195 93 80 63 243 90 222 82 121 245 129 224 204 38 122 208 231 120 186 169 64 129 70 241 228 151 174 109 162 64 83 207 168 192 6 84 137 69 66 43 160 112 92 25 20 90 202 47 228 155 125 9 130 214 63 197 180 105 80 174 5 128 113 44 219 78 136 79 85 241 148 62 156 69 248 51 81 16 39 206 191 
175 53 111 120 152 0 80 194 214 20 214 104 70 163 43 95 90 86 89 146 0 22 198 209 111 97 82 110 27 56 121 149 70 78 171 151 28 0 152 242 203 169 7 177 226 129 24 225 144 40 168 147 58 216 62 55 27 85 110 146 73 57 79 195 212 92 50 152 2 11 9 236 82 242 194 82 249 90 7 173 178 76 204 135 68 93 191 15 195 
225 10 93 30 173 240 201 180 3 106 16 129 135 217 142 142 151 144 83 179 69 123 17 59 127 42 229 248 250 120 212 7 5 27 102 142 43 96 124 244 101 19 205 197 8 35 184 142 75 21 239 188 86 127 25 108 170 33 19 114 236 88 167 47 44 66 145 232 75 91 198 195 29 151 173 101 200 190 165 57 109 205 53 116 116 205 241 102 70 
169 125 144 40 165 244 44 223 43 7 80 249 227 117 38 98 181 32 211 229 214 195 220 213 223 24 163 24 7 71 129 163 50 160 242 234 179 148 238 142 236 95 48 78 148 198 124 58 73 235 219 57 218 95 244 246 53 127 190 129 36 119 193 133 137 174 172 158 58 139 243 28 71 70 244 75 203 132 198 43 39 127 45 195 122 67 192 242 118 
196 149 153 14 125 183 165 109 149 160 42 231 227 34 200 113 113 157 26 134 22 224 179 205 235 122 146 205 71 13 111 165 1 19 227 169 239 246 229 245 110 186 5 15 164 169 69 3 213 12 65 206 18 120 17 128 198 241 98 222 173 183 78 165 190 190 117 145 76 159 62 11 207 74 90 33 133 113 223 247 16 131 207 149 120 99 122 102 243 
36 128 120 34 144 111 17 43 220 165 109 33 184 15 106 173 191 138 237 172 183 57 32 123 100 174 67 237 213 39 8 20 38 156 160 218 133 245 212 95 246 226 29 31 164 226 143 250 179 204 222 106 106 235 48 40 226 18 27 168 216 135 157 86 33 30 168 95 56 41 154 193 199 225 174 198 123 34 217 44 228 24 172 199 82 43 51 202 216 
22 250 50 52 204 81 121 130 22 8 157 127 145 7 45 200 160 62 19 155 221 25 68 190 177 174 38 97 99 78 148 61 243 131 37 233 232 156 103 31 225 144 104 196 53 67 43 104 167 66 26 233 214 30 54 3 8 106 64 138 190 36 230 15 233 80 193 90 212 46 170 179 198 238 51 96 38 136 127 112 247 237 224 146 130 192 235 23 244 
146 54 133 232 136 65 175 199 83 107 137 169 247 107 128 213 30 176 238 170 10 208 68 10 138 179 15 158 166 6 148 109 179 239 139 250 57 122 185 126 210 130 29 18 162 24 34 64 65 209 221 168 228 152 78 237 43 1 102 15 35 160 241 231 236 162 127 97 151 188 5 54 14 111 247 108 223 61 72 147 76 230 201 25 133 84 222 23 191 
124 164 28 114 50 157 157 234 196 150 196 150 47 124 5 122 41 144 119 8 196 119 168 75 204 148 193 133 234 196 94 197 172 243 6 46 135 203 118 233 32 162 153 189 144 0 76 225 179 101 61 238 100 203 11 85 197 74 204 215 193 85 153 187 195 49 93 173 78 120 133 216 100 178 180 5 41 95 14 52 115 31 244 200 36 235 66 141 2 
74 118 216 195 105 187 160 161 3 109 246 155 77 75 79 244 168 46 99 171 139 248 83 10 98 162 102 117 168 224 217 86 171 50 232 23 73 162 235 229 139 1 25 204 43 229 111 219 211 195 34 92 138 9 25 166 85 148 231 223 64 54 170 125 162 187 139 54 40 30 140 185 16 35 158 34 0 141 63 88 62 199 165 92 17 233 104 89 233 
159 203 36 153 157 249 135 236 233 78 202 48 228 207 47 52 228 89 91 76 23 227 47 213 28 5 66 58 194 134 222 176 142 163 63 26 52 1 49 140 66 64 248 144 20 119 230 173 131 20 149 158 114 54 246 81 8 169 236 93 94 18 133 94 175 64 147 90 203 72 26 238 102 114 64 88 176 240 48 236 85 113 219 175 106 106 184 5 125 
247 156 17 94 167 65 20 52 39 134 170 80 132 172 240 174 249 233 195 53 25 138 169 211 164 36 63 44 225 215 235 180 156 47 39 58 210 139 41 24 129 58 154 244 134 25 29 188 113 134 232 110 138 79 235 17 206 31 153 138 242 104 126 188 151 114 248 155 110 65 24 133 103 139 36 80 242 137 73 18 40 121 112 47 235 220 83 88 81 
186 85 159 84 102 31 191 218 18 140 154 184 108 63 97 224 55 64 147 10 123 199 83 173 145 14 50 92 184 5 229 183 159 62 133 5 165 137 4 165 173 157 57 190 166 87 60 112 176 204 196 97 113 203 133 145 106 57 67 19 69 194 244 219 18 7 171 36 166 235 73 217 198 0 201 189 219 176 95 122 53 18 190 156 93 86 144 189 6 
25 47 71 190 0 195 229 96 99 152 115 228 39 185 214 103 208 2 33 148 216 223 53 121 223 178 152 202 217 157 131 239 97 189 214 219 45 238 195 197 49 54 240 103 152 185 210 164 217 212 155 113 196 180 180 48 230 141 232 214 18 121 33 115 186 250 109 236 69 173 131 197 78 153 17 206 242 50 135 225 120 136 228 170 104 97 194 82 185 
221 29 143 50 167 54 15 47 57 9 162 246 0 83 209 225 51 105 225 66 82 52 167 137 66 175 100 143 37 48 56 115 2 244 160 166 22 162 138 150 50 225 72 222 248 153 125 228 216 214 199 21 220 86 165 94 6 213 144 87 99 69 16 91 162 245 123 151 170 148 177 234 183 80 214 180 34 4 186 176 249 168 201 59 66 53 147 212 182 
15 119 170 219 64 190 189 21 22 20 156 227 218 43 196 78 191 3 185 162 91 41 205 188 99 193 195 50 206 141 74 198 139 71 169 118 49 189 76 92 245 17 234 119 72 13 219 94 213 90 18 47 16 188 22 234 75 36 157 135 43 60 166 94 114 115 174 155 248 186 138 162 65 88 144 162 79 144 207 195 148 150 194 33 140 39 26 104 120 
143 190 81 163 244 123 44 214 236 26 230 148 241 164 124 244 85 91 38 245 117 233 174 132 82 144 236 26 102 27 14 76 40 2 75 167 51 102 61 102 204 236 130 140 107 56 198 241 24 104 157 179 202 100 133 25 196 8 233 84 21 88 136 217 93 149 186 95 148 44 175 175 15 158 147 153 84 170 189 63 203 42 41 221 227 33 49 130 144 
214 109 66 57 64 215 91 13 117 224 151 198 20 178 168 98 24 21 229 85 209 63 77 194 105 106 115 79 49 237 100 237 148 1 156 26 83 98 102 12 75 91 93 24 200 238 60 210 129 233 250 19 127 126 5 145 227 18 192 62 99 145 9 7 61 33 201 76 2 238 38 25 42 38 176 120 111 21 213 45 81 159 177 0 151 177 209 242 38 
44 30 81 125 220 181 148 47 21 181 157 213 40 226 208 103 26 199 98 40 142 159 226 249 187 211 139 175 132 175 77 3 180 26 66 244 186 50 250 1 97 133 192 39 180 2 248 114 13 71 159 230 218 219 107 122 168 160 131 153 93 66 212 158 32 15 108 202 184 162 138 43 228 114 208 1 23 181 65 114 96 33 210 82 39 0 223 119 204 
17 45 29 219 223 98 68 111 87 193 20 154 3 61 166 193 149 71 182 162 170 222 75 149 8 1 108 41 9 234 74 7 17 69 168 150 61 101 79 96 116 202 4 172 86 125 23 245 6 229 178 31 25 191 185 88 68 77 0 14 77 110 174 70 64 91 114 14 113 249 90 116 3 5 120 125 39 192 222 110 200 194 180 3 4 22 26 13 38 
155 139 27 39 179 4 95 150 71 26 115 20 59 100 208 118 169 169 233 125 47 19 1 70 13 20 227 113 157 174 167 72 98 243 202 87 104 82 160 138 248 90 103 138 167 176 8 22 241 46 92 120 244 99 21 48 244 5 7 241 170 201 25 213 72 226 202 84 85 139 15 203 139 236 106 191 86 81 182 94 37 224 64 112 55 13 174 156 182 
10 242 169 221 242 170 172 156 226 214 202 59 146 227 116 186 19 152 41 217 102 191 209 75 20 73 246 101 106 83 237 238 170 74 94 52 127 105 44 227 104 150 217 101 153 80 43 183 173 96 69 94 99 213 97 70 84 0 118 131 233 71 161 152 40 7 58 41 66 71 115 97 227 243 184 117 122 63 154 149 64 194 117 76 115 112 97 176 17 
107 235 197 199 88 153 2 47 68 191 192 22 75 201 214 193 220 131 166 213 81 87 192 206 26 166 133 196 36 125 16 110 109 96 86 202 89 143 159 90 49 64 70 13 108 55 69 134 198 226 81 130 78 4 182 175 29 201 7 118 62 229 35 93 22 42 177 161 111 235 192 56 24 235 240 108 196 200 59 153 193 172 7 47 188 74 123 125 212 
176 122 146 228 123 112 119 96 80 173 250 113 75 243 235 80 138 186 120 232 178 143 95 56 9 26 212 219 211 149 81 125 129 34 50 112 237 191 80 224 15 134 102 9 233 234 137 100 243 197 153 9 44 59 9 49 122 85 107 39 53 157 79 160 240 240 178 203 206 229 65 144 226 203 203 249 35 203 46 118 15 137 137 27 104 19 100 191 107 
111 109 201 45 70 40 7 86 203 197 104 210 174 52 166 40 75 4 27 62 94 126 100 23 208 161 21 10 72 32 2 175 99 146 22 144 106 62 58 41 141 111 234 186 199 182 163 239 97 57 101 219 197 140 241 249 186 114 209 161 7 157 106 39 42 19 26 32 148 46 77 219 114 223 154 61 130 136 10 138 231 115 72 94 232 50 25 107 100 
47 46 86 138 98 46 182 180 109 71 68 100 219 15 235 215 0 25 97 7 228 180 103 19 232 183 16 25 208 93 75 249 190 190 50 83 146 223 73 91 100 91 82 135 125 166 76 108 4 169 239 170 136 115 145 202 146 240 162 56 30 219 70 188 31 236 124 238 61 112 69 88 100 128 75 6 168 167 81 149 201 103 122 40 44 23 67 113 248 
60 213 131 119 101 69 14 245 160 26 123 235 197 142 179 36 209 88 58 228 176 182 13 211 25 199 177 71 119 105 215 248 63 221 194 92 43 46 37 198 249 37 227 141 191 235 84 236 169 178 104 15 179 212 3 3 161 148 6 187 169 196 204 234 16 47 245 37 0 157 218 85 165 217 21 141 13 70 242 120 185 184 97 0 146 17 246 131 76 
19 148 10 11 56 150 122 135 170 39 83 101 244 90 196 57 119 83 155 45 220 180 211 237 190 176 154 40 120 90 62 240 93 206 203 209 4 18 245 121 174 18 74 128 13 162 207 97 193 189 158 232 68 238 3 207 59 12 121 34 187 6 70 131 191 130 164 241 208 6 127 157 247 27 211 92 181 86 247 14 133 52 244 86 88 26 247 194 117 
102 122 154 219 21 158 95 228 215 122 143 129 115 244 147 184 155 40 93 83 91 50 194 55 164 229 137 51 22 21 26 169 156 51 154 131 233 230 77 13 76 9 164 22 211 49 220 199 156 45 237 175 82 100 2 207 90 206 186 214 108 206 166 226 120 72 153 139 234 147 244 93 199 185 247 26 54 172 68 19 175 115 89 212 27 108 11 95 234 
19 104 201 208 32 83 219 178 212 208 188 215 249 108 195 146 44 139 180 149 246 122 172 159 68 184 136 247 80 64 58 215 7 156 122 239 46 59 184 187 39 35 84 157 83 29 111 148 163 69 145 111 179 199 54 212 111 117 73 59 129 185 94 111 58 208 0 249 192 101 217 81 106 232 183 129 189 40 120 24 136 55 246 145 150 160 64 242 237 
232 92 81 53 68 120 59 111 82 75 27 16 19 47 140 109 92 101 192 182 152 39 209 107 185 186 75 152 198 73 178 155 125 68 64 245 238 121 39 56 28 123 169 224 47 20 76 248 207 50 220 243 76 215 158 77 2 163 188 120 234 161 141 34 26 199 158 233 211 222 175 147 169 51 65 7 99 167 93 206 23 208 42 66 84 230 149 20 30 
178 154 205 39 12 202 162 13 124 48 17 186 175 10 165 165 120 158 29 221 193 175 202 188 106 13 12 86 146 143 154 134 152 149 69 216 126 76 58 144 69 19 236 23 144 22 217 105 29 111 247 37 130 15 125 45 128 40 228 167 96 90 159 39 244 71 229 214 70 123 92 242 20 65 225 186 15 115 137 162 81 88 137 180 107 212 3 31 250 
210 109 19 176 240 250 34 63 147 2 47 66 127 83 115 34 31 146 80 61 250 138 210 162 72 217 123 240 194 124 198 93 20 48 13 198 36 89 129 105 185 74 139 86 225 98 79 179 81 17 90 240 209 43 33 45 99 100 6 243 80 3 94 212 96 100 179 198 161 189 230 221 218 30 220 108 181 232 125 6 107 230 135 119 94 141 216 45 75 
71 236 5 123 110 134 66 227 169 54 91 73 61 166 244 26 150 61 241 107 97 194 138 67 26 33 123 30 178 18 33 5 192 250 86 203 239 169 183 157 48 35 202 230 228 65 151 69 166 70 10 52 60 17 165 88 112 125 154 176 248 203 3 182 8 0 122 241 218 51 244 47 125 39 30 214 44 180 209 66 86 23 205 129 237 122 216 95 107 
220 111 75 212 91 7 93 86 79 66 26 228 179 220 79 210 208 108 48 228 25 112 231 165 5 192 54 226 250 70 192 206 20 78 132 153 86 19 99 42 136 247 141 205 228 23 187 161 140 170 114 8 227 140 21 43 208 12 18 88 69 11 247 63 149 242 110 132 77 111 226 217 46 90 208 227 231 162 89 178 47 104 52 43 3 57 149 22 22 
20 2 162 119 61 4 248 85 178 164 20 236 64 41 195 81 191 98 225 100 193 111 75 173 107 52 191 55 83 72 243 49 198 106 107 105 129 90 8 90 225 3 93 159 34 62 97 4 210 6 126 66 212 110 133 159 142 204 246 122 157 180 70 142 190 144 4 81 210 221 236 244 144 230 145 77 238 156 140 102 221 51 156 169 204 249 188 42 208 
101 213 170 85 172 220 133 54 67 135 81 96 145 109 100 75 59 81 102 135 187 165 85 152 165 246 138 168 190 176 226 168 38 149 71 78 56 174 226 156 116 123 10 101 60 158 202 104 119 13 222 132 184 157 104 242 180 37 83 74 132 113 96 17 56 0 78 152 218 6 232 53 67 152 72 1 46 235 8 23 187 5 210 43 195 84 27 11 11 
128 35 149 218 46 9 86 60 50 86 8 61 36 1 106 15 202 99 88 230 7 217 136 18 149 52 62 135 194 109 130 215 114 104 57 7 25 250 75 86 26 211 192 226 176 214 6 108 65 157 184 172 143 170 193 208 226 127 117 196 228 39 77 164 7 64 69 229 115 161 157 101 97 44 151 86 42 115 203 25 96 219 201 232 13 191 148 196 242 
169 140 223 31 10 48 198 49 143 3 40 10 60 47 218 185 67 172 123 35 23 131 154 99 145 144 224 91 219 3 241 248 61 94 20 35 212 215 215 172 124 195 154 182 227 142 91 250 174 108 165 131 223 153 26 39 174 76 9 134 13 41 81 106 176 52 88 178 170 193 67 88 105 237 153 189 249 221 119 93 63 36 192 209 81 18 206 10 162 
120 182 244 1 69 10 71 166 203 61 0 45 137 243 128 244 178 167 182 157 177 185 32 145 96 115 34 14 36 206 155 245 214 65 32 62 43 160 182 210 68 25 48 225 44 69 239 11 154 135 206 52 227 43 170 183 54 198 122 33 3 70 177 188 55 70 228 134 164 95 214 177 198 177 99 174 41 149 33 163 231 121 77 187 125 108 233 248 170 
