17
243 89 159 57 102 201 87 227 188 41 244 206 62 64 106 178 206 
250 178 85 246 67 208 56 243 206 88 187 181 200 33 23 120 210 
67 13 112 175 61 214 224 133 54 140 161 195 169 211 49 58 94 
233 131 136 190 71 132 165 240 146 196 168 87 117 100 74 161 41 
204 56 125 69 238 103 177 152 200 175 171 64 121 129 153 214 9 
248 89 179 84 3 46 234 106 86 1 185 109 35 186 168 238 229 
140 203 40 180 107 191 13 96 164 135 117 149 40 240 107 88 37 
79 64 6 80 166 72 68 44 229 136 89 4 159 208 140 104 103 
183 222 74 228 170 160 224 136 119 207 25 3 122 226 66 199 56 
184 161 186 32 79 129 55 88 51 217 63 7 83 146 246 137 155 
222 136 118 58 128 222 87 91 146 240 135 228 217 160 149 226 6 
87 176 24 178 95 163 148 185 190 146 140 153 193 86 227 247 136 
67 233 45 26 196 195 242 38 59 6 119 5 130 26 22 182 78 
207 118 57 43 21 57 176 232 1 198 230 25 63 83 219 23 165 
124 106 2 171 169 169 243 46 217 13 69 222 14 63 223 143 191 
6 37 118 181 11 108 76 75 172 182 222 55 15 188 89 169 125 
227 55 60 221 31 37 97 27 165 224 200 88 112 48 145 209 161 
