44
154 160 43 177 120 205 108 29 114 117 119 56 52 208 91 86 84 192 43 3 216 213 89 8 108 158 181 104 92 105 36 34 172 61 151 17 9 44 84 164 94 235 37 122 
114 208 13 205 30 86 123 98 114 59 55 217 153 33 219 22 26 176 205 192 27 166 177 246 217 126 165 120 187 224 114 192 167 230 210 78 6 104 22 46 192 232 171 15 
60 96 89 200 243 235 160 39 193 234 197 192 163 146 250 187 164 91 157 75 233 31 50 79 121 50 38 188 110 153 53 91 225 65 227 149 16 90 54 118 173 243 245 97 
169 205 233 159 194 128 5 10 100 143 7 230 75 192 46 19 37 78 201 149 79 46 88 49 48 98 83 194 122 218 55 123 126 92 12 234 250 10 23 188 19 57 60 15 
31 55 95 140 57 249 171 133 166 211 151 18 93 23 78 190 210 192 142 33 91 141 4 175 150 166 108 197 18 84 124 12 36 138 108 227 145 197 242 1 9 181 214 110 
197 175 36 153 100 10 14 41 35 192 156 27 239 241 71 68 174 56 234 70 37 160 80 104 187 25 159 105 91 138 137 36 17 181 244 80 27 64 76 189 108 134 16 130 
189 235 44 186 81 58 134 235 105 20 149 240 108 167 98 14 151 59 203 62 53 25 86 123 134 42 45 148 63 24 228 101 30 29 198 150 70 245 187 91 14 159 113 115 
114 220 85 181 115 173 50 25 145 218 19 200 239 198 87 190 107 218 120 206 47 83 47 217 165 233 181 179 37 202 238 104 38 21 106 103 18 246 24 106 131 231 146 200 
107 98 207 218 3 3 126 84 217 94 103 155 243 142 138 165 197 139 183 247 153 1 46 77 233 23 128 36 89 11 220 138 193 49 3 107 60 47 189 63 27 129 38 58 
29 195 121 58 57 48 76 247 138 27 83 208 57 156 129 108 223 87 29 158 13 215 152 137 182 92 237 2 129 196 105 139 155 12 216 52 92 59 179 216 3 161 117 88 
95 3 42 67 163 207 249 11 90 42 200 173 242 172 177 95 15 48 147 153 250 36 39 217 30 241 123 220 241 225 141 235 61 102 188 99 7 122 64 234 236 231 113 218 
129 143 24 63 121 69 145 164 8 227 15 49 59 78 41 171 179 29 57 84 78 175 73 217 106 65 205 235 34 188 133 63 193 52 128 59 195 3 134 44 161 7 242 78 
238 13 103 119 141 166 68 171 222 149 99 237 147 160 25 225 121 55 211 166 141 241 117 9 155 1 165 153 222 89 58 38 74 121 112 228 171 154 192 239 12 156 56 3 
174 78 243 80 132 66 214 168 229 230 132 35 62 134 135 209 157 141 4 76 190 164 67 167 28 180 74 148 215 245 92 43 92 18 149 28 218 106 190 156 189 149 209 221 
99 194 113 66 65 120 58 175 169 54 125 94 20 1 149 99 193 176 45 238 146 10 103 14 176 205 189 168 2 62 65 17 47 156 89 195 100 2 246 58 117 201 52 79 
129 208 105 65 47 47 160 136 166 209 200 29 103 234 163 227 87 132 154 84 58 1 167 75 71 244 127 164 162 105 41 47 60 220 145 49 107 241 234 37 188 149 99 69 
135 26 227 140 51 247 174 23 209 246 26 50 158 24 165 26 60 174 140 43 21 30 36 104 201 195 19 71 93 67 218 73 228 29 246 173 247 208 103 209 167 225 58 249 
118 243 136 250 82 87 135 22 241 202 180 65 222 15 33 67 6 51 67 34 91 161 192 27 140 44 186 173 56 66 221 93 226 225 219 233 64 176 114 81 96 146 199 243 
70 144 144 135 135 213 6 219 231 61 118 224 160 159 96 9 178 213 247 178 166 168 178 150 240 169 113 47 91 118 144 121 147 102 175 76 72 11 82 231 238 159 209 245 
160 47 53 41 127 120 187 12 36 70 223 189 107 233 95 105 100 105 71 164 34 203 95 198 99 186 171 187 156 42 141 137 135 139 5 44 15 86 105 153 207 207 4 201 
129 162 78 12 100 89 72 16 166 42 227 171 29 203 202 48 144 13 138 225 207 10 199 17 93 111 157 198 183 196 207 171 156 4 190 190 122 51 57 178 166 47 219 165 
142 153 160 221 65 31 217 97 106 231 191 22 185 202 191 177 103 121 171 99 18 146 98 169 10 4 46 117 122 154 30 229 108 20 37 123 242 42 161 72 114 20 5 101 
150 231 175 13 126 168 52 190 155 8 148 248 217 115 214 1 202 98 78 117 115 183 84 162 44 180 142 71 185 161 133 188 138 242 197 63 102 92 35 61 235 197 121 68 
231 36 240 248 104 120 12 95 218 137 22 85 63 36 23 195 58 5 49 26 193 153 59 17 70 57 34 101 159 182 64 92 17 211 5 172 77 178 83 234 197 42 145 203 
173 195 120 47 152 208 31 91 43 46 212 22 65 218 211 224 237 104 48 6 212 35 134 231 111 97 12 122 157 219 26 187 92 31 89 83 65 169 100 136 158 234 41 123 
223 230 18 178 195 4 47 199 208 154 114 143 174 45 119 36 163 248 5 121 10 6 240 32 232 66 86 124 101 118 43 211 64 32 24 129 49 19 6 4 41 171 201 35 
206 107 128 70 166 6 176 37 180 55 22 156 31 26 49 42 131 60 228 9 80 46 131 153 179 150 250 19 212 19 35 246 111 204 85 164 26 76 240 119 111 41 83 93 
157 165 25 231 188 172 50 248 115 112 100 96 228 77 47 91 12 123 218 80 49 229 106 210 31 91 84 121 4 145 230 123 56 228 48 82 11 6 96 225 188 215 11 204 
239 95 130 44 22 34 153 38 148 116 239 142 15 206 237 239 73 137 197 69 83 0 103 33 23 133 160 68 69 133 124 82 167 242 134 0 15 142 66 52 34 160 209 119 
38 203 54 63 199 227 35 18 217 23 27 212 203 71 105 204 150 167 243 55 217 74 112 155 86 152 14 16 66 123 139 36 74 218 81 26 95 231 172 91 109 176 116 54 
120 240 42 145 93 177 156 3 81 51 84 181 117 74 186 111 143 230 250 220 188 102 85 91 53 123 46 28 79 148 203 198 235 227 85 187 2 60 34 242 165 80 168 87 
126 46 105 207 42 227 123 8 152 20 238 185 173 46 27 64 126 42 180 159 28 38 176 158 131 195 82 94 47 192 167 125 73 58 105 176 61 76 91 207 123 42 213 72 
64 96 94 60 112 151 139 246 148 2 20 184 247 60 81 41 141 181 162 114 151 109 235 208 80 231 26 82 84 225 229 15 46 35 131 87 82 10 165 205 142 200 4 14 
140 138 48 150 220 234 208 193 79 104 170 133 229 235 210 55 103 60 180 95 223 48 139 37 66 67 72 183 192 104 68 221 97 137 127 73 132 225 12 117 44 61 159 64 
211 20 68 140 72 126 113 87 248 38 66 228 59 59 155 231 104 104 95 202 81 36 235 27 58 98 210 221 122 96 175 0 78 185 250 6 123 47 196 49 142 68 147 230 
130 206 158 177 96 111 0 238 233 205 100 147 216 39 159 52 248 167 161 7 68 51 24 244 189 182 150 139 109 59 244 154 78 19 196 235 65 118 126 13 151 38 99 194 
156 108 141 16 233 1 139 217 245 76 167 28 146 175 11 122 8 121 64 164 132 125 222 12 133 221 136 61 216 199 130 116 54 89 28 62 105 119 37 214 214 153 152 74 
62 216 248 232 160 241 207 206 56 51 22 151 49 239 77 159 35 64 123 0 216 220 108 173 100 110 100 38 201 62 141 215 243 126 136 196 163 180 211 154 21 25 97 158 
106 20 221 19 75 192 244 16 236 195 184 133 99 169 219 208 70 184 12 72 118 139 37 95 168 143 191 71 66 33 10 107 40 81 69 66 28 63 194 221 0 5 226 85 
249 174 37 169 10 36 206 219 136 238 133 178 47 157 120 27 74 61 203 170 75 61 156 176 82 89 134 228 202 151 65 95 141 79 57 83 178 170 94 96 173 240 191 93 
113 178 64 226 88 79 96 92 126 30 204 14 2 106 98 222 64 142 149 213 247 92 14 44 128 204 59 142 1 128 87 168 32 222 139 242 160 248 182 47 192 250 127 111 
170 92 201 84 10 139 137 104 100 160 82 222 140 51 247 127 90 3 223 196 134 208 12 212 242 105 133 211 146 82 246 247 113 181 98 87 216 89 97 235 152 113 158 182 
209 126 199 168 80 244 34 58 212 114 43 154 23 211 32 159 173 178 88 48 113 23 31 57 1 173 3 117 132 210 195 237 200 24 183 36 183 218 243 1 34 90 51 145 
30 93 133 13 9 236 46 206 121 16 193 203 215 14 135 6 56 8 222 122 155 49 82 155 159 16 83 205 68 194 112 235 109 246 198 217 17 142 239 167 78 215 29 173 
