19
18 32 67 86 130 168 225 161 53 118 113 177 203 49 134 166 158 96 175 
35 120 88 158 63 111 51 32 136 208 106 138 131 202 143 183 61 24 105 
111 105 141 111 143 101 186 66 159 79 42 11 116 134 61 7 72 217 21 
228 232 27 18 85 147 51 169 47 14 86 59 133 195 40 114 187 8 220 
203 5 182 220 209 191 72 117 62 45 53 205 198 162 59 136 8 1 47 
241 133 173 144 15 149 196 231 109 34 7 177 193 133 43 227 153 141 24 
102 107 181 8 35 25 215 70 148 51 121 219 217 244 88 82 199 127 126 
143 40 204 199 57 89 15 113 47 163 137 53 224 68 139 64 213 57 0 
177 13 4 49 179 99 24 122 83 106 98 246 168 65 220 112 196 95 104 
96 4 167 140 130 41 105 59 43 19 191 100 15 100 81 25 113 129 182 
229 193 47 213 238 37 131 229 51 102 74 77 82 89 22 121 105 148 197 
102 13 68 234 38 70 121 153 196 61 137 129 228 178 0 151 76 191 76 
143 197 238 174 123 130 231 157 192 42 72 192 144 39 234 168 211 50 234 
163 35 127 73 157 38 133 143 91 63 184 49 114 83 202 90 142 144 238 
158 90 55 166 213 41 162 200 162 37 98 4 86 54 64 14 151 196 184 
38 200 8 67 81 124 151 63 162 57 195 151 136 143 38 60 225 121 114 
220 65 173 65 93 249 162 49 131 111 138 116 99 57 101 226 22 176 160 
12 83 43 223 115 104 220 206 97 7 126 18 68 152 116 183 212 232 140 
172 27 199 66 71 55 21 229 49 75 144 25 175 25 12 116 158 1 207 
