43
222 20 144 91 158 247 154 50 217 59 234 0 78 12 88 64 194 127 241 107 1 1 50 200 152 46 193 53 205 205 11 119 154 25 243 81 241 76 199 17 10 91 223 
203 11 88 28 153 196 164 68 232 161 108 209 56 230 238 225 141 98 193 223 47 60 164 123 197 3 46 185 159 120 135 8 95 97 159 108 207 101 174 41 108 93 76 
1 243 159 84 80 163 205 55 27 96 226 28 174 224 129 33 223 59 83 16 178 14 104 195 156 39 184 155 224 160 114 183 14 178 188 4 84 5 77 99 119 158 142 
210 53 219 248 107 181 171 161 98 57 233 179 65 185 125 43 175 126 58 209 127 31 192 114 243 64 13 148 110 134 127 176 162 227 19 138 66 119 52 38 191 241 7 
63 21 11 64 226 198 12 89 233 19 32 242 129 242 46 43 70 218 120 144 13 215 77 34 183 149 94 215 82 130 128 215 212 206 21 87 0 226 234 239 12 135 199 
250 220 99 77 238 92 66 155 155 130 219 189 128 49 226 66 65 80 36 48 200 154 83 64 57 84 155 15 128 43 64 100 3 123 231 5 57 247 51 138 209 20 100 
75 93 106 76 41 198 133 248 219 121 94 128 222 27 224 69 144 102 137 37 102 235 156 88 205 46 240 47 53 21 99 84 64 135 86 133 144 130 156 232 249 60 166 
151 194 148 45 111 40 54 175 76 208 55 71 98 190 56 221 23 231 210 127 9 197 41 118 115 122 231 11 187 70 112 159 37 191 35 110 30 232 4 219 231 119 233 
23 248 207 98 173 183 22 66 134 200 235 208 158 219 114 2 216 157 26 134 85 178 202 151 106 219 178 38 197 63 165 75 98 96 29 194 23 243 111 209 52 21 90 
147 163 84 141 206 56 7 95 167 61 185 112 93 194 218 188 173 168 191 128 82 68 134 186 173 182 109 83 117 198 71 154 153 162 228 5 161 247 192 136 1 152 119 
98 131 250 112 227 236 110 225 60 143 133 226 201 217 237 245 96 71 101 148 112 215 98 74 240 230 119 33 98 120 113 100 97 35 149 14 194 34 142 108 89 46 42 
53 134 53 97 20 205 29 75 227 95 23 149 141 40 35 218 49 37 127 167 179 110 29 237 51 15 29 182 197 37 179 123 138 205 121 111 2 59 213 91 205 187 37 
168 48 32 29 144 191 186 201 57 213 67 80 157 27 133 164 115 231 39 24 143 147 247 159 0 121 14 188 128 107 36 69 234 40 84 51 11 79 151 240 67 65 128 
91 201 204 13 119 165 169 134 19 114 94 142 114 43 60 158 149 191 39 143 30 137 197 48 195 30 23 154 98 37 198 22 166 187 220 110 98 164 169 141 126 93 235 
209 5 235 228 156 237 232 185 206 244 4 178 146 5 146 184 86 55 214 43 244 169 134 64 43 232 156 220 43 38 206 227 16 157 94 74 208 29 34 116 14 196 10 
227 234 39 98 61 16 168 44 64 177 245 247 3 120 123 27 153 231 88 1 74 31 40 90 54 192 91 206 32 218 157 32 133 39 51 82 38 51 39 27 239 124 68 
199 72 197 126 222 58 96 198 188 27 91 207 86 138 92 68 146 225 150 72 153 2 245 21 247 116 240 108 122 105 87 226 203 45 73 5 159 59 189 105 233 193 191 
181 140 71 194 83 37 134 191 191 38 2 170 138 68 221 15 111 198 131 26 235 60 12 96 140 82 82 113 53 181 92 247 18 143 2 13 128 223 81 142 235 134 157 
80 114 41 194 14 153 129 77 55 189 148 171 16 122 188 98 106 174 205 77 60 154 68 93 111 148 37 133 85 114 33 234 118 18 3 203 13 35 213 74 220 150 82 
82 32 21 165 234 227 169 159 120 114 2 46 129 45 151 40 14 45 203 88 180 155 107 178 230 234 43 40 25 43 239 147 222 241 189 47 189 88 104 52 124 19 65 
141 230 26 142 33 203 29 249 59 239 89 230 188 80 53 54 3 80 142 95 77 217 99 144 18 214 83 130 193 47 226 81 221 221 115 77 31 66 42 39 163 107 31 
165 92 202 207 64 16 99 165 190 15 200 119 0 63 162 67 80 236 199 137 60 173 30 27 240 17 217 179 51 123 54 155 159 142 204 75 88 18 224 21 66 92 50 
245 34 144 80 37 194 28 238 115 226 67 207 30 73 28 51 109 16 69 183 165 66 27 38 5 149 220 247 165 68 147 161 184 203 15 241 214 112 196 216 157 108 62 
184 213 151 212 215 97 212 86 17 122 23 210 197 229 114 180 40 245 240 123 41 116 101 219 171 31 78 58 10 65 28 84 171 207 11 176 126 27 61 190 233 119 23 
69 223 88 62 19 235 203 19 144 112 189 77 180 133 23 63 157 99 18 74 237 95 200 86 98 26 219 208 18 25 242 116 202 69 30 12 101 141 128 48 163 202 152 
225 244 10 172 198 33 26 205 181 230 19 84 213 103 166 46 247 171 38 8 202 170 172 162 248 11 73 219 110 241 107 85 17 4 245 22 135 199 180 217 238 75 88 
202 102 106 0 27 128 103 112 104 98 209 69 228 196 230 109 151 200 6 87 57 6 158 123 17 42 17 98 20 81 137 71 127 97 173 136 206 249 227 51 16 87 69 
231 204 2 101 213 147 105 148 228 221 209 134 30 167 124 148 46 127 4 176 103 121 43 94 63 36 234 14 59 54 129 30 24 165 51 162 195 125 107 110 161 248 91 
91 230 249 114 112 137 212 36 11 12 222 179 225 97 43 74 73 249 179 166 106 224 122 231 59 49 133 242 43 170 26 102 110 54 41 112 75 47 77 205 243 223 105 
238 249 45 77 18 1 62 221 212 63 154 226 197 27 29 245 13 102 65 4 247 209 66 147 187 165 196 247 167 220 100 58 63 80 38 138 80 5 57 100 226 90 74 
28 162 38 9 241 22 191 126 213 233 49 73 63 94 98 29 88 202 206 24 5 138 200 222 199 10 40 182 150 197 107 41 103 221 23 43 110 167 246 92 231 205 12 
107 16 140 93 135 19 99 184 33 208 216 6 163 169 187 85 96 135 175 190 175 31 143 124 88 249 152 201 68 127 174 144 53 53 110 20 29 207 96 80 49 8 165 
231 163 122 214 57 202 79 27 147 11 159 194 222 206 30 141 10 15 8 117 66 133 101 158 36 192 198 174 152 249 210 193 40 28 132 75 186 92 84 9 146 138 7 
244 51 36 228 232 23 138 159 180 123 157 129 215 203 176 233 83 105 172 204 198 183 90 167 14 42 7 52 110 143 183 212 68 183 42 210 65 186 57 141 81 40 118 
12 175 33 75 104 107 49 235 186 197 94 187 228 67 64 30 68 26 84 102 115 164 205 143 204 103 43 63 90 150 90 169 197 160 85 117 248 233 203 7 23 248 176 
247 193 90 23 130 195 29 97 230 223 146 241 220 197 85 188 67 85 248 192 128 7 71 132 145 127 194 120 130 21 156 78 18 36 195 95 109 49 209 250 163 228 25 
189 24 145 203 220 195 50 84 35 189 246 101 49 223 25 62 202 56 222 60 198 195 119 237 149 24 173 49 156 141 22 237 171 238 131 129 172 163 210 45 165 76 4 
94 141 154 105 249 44 34 92 153 17 50 198 148 44 85 214 109 237 16 143 35 242 9 94 120 113 213 33 14 149 28 31 175 204 95 8 188 137 209 185 198 226 189 
78 156 164 51 21 128 129 178 184 22 18 3 155 129 149 32 111 122 228 69 250 32 189 94 84 155 192 124 104 54 233 172 119 169 163 194 67 204 110 228 230 113 245 
50 176 99 116 203 97 103 134 85 55 51 165 28 206 133 158 168 119 36 238 15 83 159 45 9 244 242 248 94 87 225 130 128 81 150 127 149 78 177 56 177 90 213 
195 166 215 16 2 202 123 186 247 159 79 217 58 206 185 143 158 2 40 33 79 41 30 36 47 235 198 20 211 202 171 28 42 59 21 225 53 136 110 66 125 47 238 
216 126 133 155 227 138 211 83 21 235 239 223 38 102 177 238 130 38 169 23 17 190 73 160 92 79 140 194 156 170 125 42 68 89 152 171 67 146 94 66 106 92 188 
98 141 181 2 32 71 219 173 3 11 149 13 137 46 36 114 150 19 53 48 101 52 105 140 237 213 226 177 220 188 240 129 41 21 173 186 126 227 155 123 19 139 191 
