16
221 20 47 209 71 72 33 233 43 122 114 98 37 240 52 29 
18 8 72 61 126 126 43 48 38 8 17 26 44 193 191 180 
201 186 190 242 215 39 37 172 85 83 223 203 179 230 162 214 
18 29 84 182 50 129 131 41 150 62 92 126 110 188 222 8 
21 195 181 230 90 38 181 100 141 12 1 226 4 93 173 190 
15 178 228 52 177 19 134 119 229 53 116 226 8 247 105 8 
209 146 85 197 174 156 85 157 126 12 158 214 73 39 237 64 
145 126 87 161 138 85 172 165 32 234 246 158 212 14 24 237 
103 191 69 190 38 153 70 8 96 179 233 117 241 72 188 1 
155 8 78 231 47 93 232 34 148 237 99 166 132 29 228 191 
115 219 25 192 32 25 95 35 79 155 205 220 236 149 194 191 
36 116 200 187 21 181 165 115 28 166 225 172 229 141 185 245 
224 5 156 50 243 132 223 165 140 69 193 198 230 9 45 95 
8 143 250 136 149 29 135 195 231 152 2 207 157 219 201 27 
165 133 86 148 233 101 238 136 220 83 49 22 114 24 203 37 
92 28 139 119 216 139 70 165 41 88 50 21 208 87 153 80 
