71
43 151 102 160 178 124 178 106 174 130 47 148 225 194 229 62 151 222 108 84 44 121 46 102 119 29 32 193 134 192 226 132 202 228 202 39 2 85 161 36 72 120 71 30 144 48 177 12 204 19 183 139 198 119 143 69 230 21 176 65 149 14 83 219 57 43 42 158 90 31 126 
89 194 210 18 113 142 73 190 51 27 42 128 160 51 120 140 78 158 52 151 79 79 243 23 209 76 125 202 61 13 100 167 204 157 200 30 218 65 216 99 184 46 148 105 18 39 107 215 242 12 44 202 184 37 106 62 68 186 28 219 249 205 107 237 233 182 35 82 167 114 79 
114 163 162 0 219 187 26 151 143 247 220 168 222 159 59 83 73 50 108 133 69 3 45 142 119 121 190 74 55 235 62 247 46 2 127 135 11 111 66 138 194 16 101 101 19 152 64 97 129 93 139 219 196 51 104 118 92 156 131 156 77 215 8 85 126 41 103 23 239 60 164 
154 87 7 209 145 184 66 93 24 133 149 3 12 164 89 67 65 142 41 158 132 66 89 150 202 53 238 23 158 150 203 28 175 143 28 106 44 81 92 233 239 119 181 207 191 141 175 195 245 100 49 204 55 136 42 122 230 143 6 80 51 38 232 249 159 102 188 229 237 56 181 
94 109 116 179 12 120 226 69 144 104 117 146 1 231 61 93 13 246 88 246 198 188 132 232 215 107 151 224 48 137 98 218 185 58 193 157 150 43 73 49 57 159 114 202 21 54 16 213 208 10 136 106 31 100 14 146 57 231 124 205 118 92 159 245 159 149 191 128 99 224 43 
106 66 203 155 14 43 56 244 170 172 238 175 84 30 120 15 202 180 53 65 132 65 213 117 150 91 240 172 48 5 214 111 83 84 2 232 197 24 21 242 157 152 124 127 151 32 41 58 91 92 176 224 80 71 115 8 199 26 231 239 72 128 30 5 120 167 100 64 179 165 59 
175 75 145 53 246 208 80 155 116 132 133 190 132 128 235 205 193 185 11 216 17 84 14 131 0 0 69 5 176 51 3 232 101 189 153 61 230 102 46 91 172 5 152 105 213 22 82 82 131 130 29 238 33 57 92 156 94 193 212 181 222 47 136 225 203 69 64 180 194 6 42 
222 47 159 73 123 61 196 80 243 91 138 168 47 218 118 61 127 170 47 139 220 227 238 48 36 200 131 95 20 197 0 213 132 58 76 230 210 167 68 81 59 61 136 226 215 207 189 50 143 192 63 70 83 181 137 243 16 153 215 122 134 159 214 173 159 95 175 49 97 12 36 
109 9 207 84 16 84 45 8 60 57 209 172 81 104 20 181 194 177 151 79 196 102 82 163 95 248 188 100 178 78 9 180 172 29 194 194 114 173 145 250 127 47 3 172 149 81 150 174 22 121 70 44 197 119 122 104 87 92 230 113 71 58 9 240 35 109 30 136 102 50 238 
186 173 26 35 121 139 174 223 26 205 222 198 94 26 231 168 207 235 107 170 179 16 21 112 76 195 101 143 127 96 57 123 155 5 200 105 60 25 194 124 153 13 105 157 14 90 121 40 1 72 149 212 34 217 250 15 167 50 159 85 250 87 133 125 99 21 111 154 38 162 201 
161 23 159 116 12 110 109 174 103 39 110 98 179 162 135 42 42 25 17 84 218 87 95 244 60 94 112 147 60 68 80 248 130 5 68 29 157 41 197 27 134 79 82 49 209 38 0 13 26 186 120 109 159 104 142 233 210 83 156 145 90 70 182 173 172 112 201 12 28 20 106 
140 104 96 74 101 22 129 165 117 88 76 156 229 236 153 224 211 24 240 89 191 1 133 26 135 80 227 12 148 9 157 105 132 210 194 105 247 86 144 196 50 233 160 1 23 24 58 192 119 75 5 9 80 250 58 12 52 41 71 156 230 23 220 140 88 19 98 85 146 175 6 
245 36 99 235 126 75 87 191 113 214 222 206 13 184 135 111 92 156 241 151 158 177 73 149 24 138 45 85 237 176 28 215 99 141 104 133 219 244 55 81 194 6 201 56 5 208 166 193 77 81 134 201 15 10 81 94 133 91 109 64 194 223 230 115 202 235 116 217 149 40 92 
20 32 112 92 94 141 64 34 67 78 165 89 243 121 148 194 111 76 92 30 11 190 101 203 67 106 156 40 229 58 36 113 143 217 177 45 38 157 201 88 193 87 202 18 202 77 52 72 87 26 77 86 64 105 44 40 231 64 39 39 154 224 2 176 6 32 226 187 198 185 103 
71 154 110 219 169 228 127 164 215 243 42 164 175 96 243 179 16 19 233 98 165 87 11 213 7 121 108 148 113 124 92 60 147 124 195 92 199 65 239 169 52 162 64 90 47 12 241 58 99 148 233 163 0 66 21 17 65 143 218 60 204 197 126 70 167 181 222 245 5 180 238 
94 224 23 148 77 99 220 121 136 83 77 155 27 120 214 198 89 234 214 146 207 35 82 245 206 156 136 23 92 101 91 184 84 165 216 116 68 231 105 109 87 174 35 95 113 21 143 8 95 212 237 205 55 222 33 145 76 92 105 204 3 184 35 34 160 183 107 122 171 106 88 
130 85 166 97 230 87 189 153 189 95 107 193 166 85 43 195 96 14 49 78 159 11 51 150 137 158 72 11 105 194 77 48 191 141 70 70 238 177 94 107 244 182 197 70 171 245 39 207 90 187 121 200 32 148 176 104 213 135 126 154 78 122 187 3 241 223 91 31 165 201 50 
67 194 211 97 32 94 207 184 151 126 143 190 162 127 182 193 93 204 157 161 3 232 21 18 153 64 8 67 228 25 131 1 19 0 105 238 145 30 135 90 224 206 160 203 49 62 22 37 131 129 200 217 18 189 113 237 154 226 52 206 48 17 24 92 246 183 45 7 79 109 30 
79 35 224 211 92 13 208 79 101 0 163 31 59 220 3 40 32 40 221 32 228 118 209 96 237 68 24 172 154 201 42 214 98 244 221 153 239 238 119 145 3 20 208 193 179 205 30 98 175 225 75 193 79 61 145 150 233 153 239 178 53 170 99 153 227 177 214 246 190 120 193 
29 34 201 198 183 17 243 208 26 142 197 17 242 169 34 157 132 225 55 190 6 53 113 34 193 193 204 76 219 62 140 217 177 147 227 154 48 56 1 94 176 21 82 75 229 135 97 112 132 0 151 0 103 236 71 119 202 68 234 93 219 182 105 204 86 120 71 29 203 45 141 
124 166 127 247 228 109 114 29 114 240 25 130 114 196 181 120 125 103 216 218 207 224 92 39 123 138 14 176 211 176 76 111 57 143 212 201 110 3 57 203 10 49 90 54 83 27 223 172 147 175 245 245 128 15 215 20 229 167 205 241 68 53 47 33 145 53 102 222 148 158 211 
107 53 150 96 147 78 194 200 233 40 46 138 250 129 180 243 191 65 64 31 1 214 101 40 162 147 49 31 147 108 56 198 126 76 246 237 100 190 223 59 149 55 61 87 80 84 245 175 180 76 23 118 193 162 211 220 214 157 148 127 208 146 97 50 137 115 82 39 30 183 43 
189 247 136 5 62 3 181 13 82 159 192 231 113 127 54 21 54 53 200 209 238 84 20 100 94 63 77 195 250 46 51 163 24 104 212 20 209 164 125 33 92 117 152 202 91 227 153 213 158 13 93 75 215 182 108 38 142 247 146 146 29 123 220 147 120 26 76 189 239 65 14 
169 210 57 18 27 152 189 55 27 41 119 55 174 218 227 240 132 219 113 90 237 136 28 56 3 99 145 199 227 190 158 127 168 199 162 220 51 47 156 64 196 246 85 222 151 152 198 120 247 167 30 180 85 127 148 30 135 72 74 222 63 132 1 57 210 177 22 114 69 43 28 
180 43 173 116 169 102 108 149 104 73 110 20 216 206 140 141 215 195 173 70 181 110 221 203 197 134 93 18 126 100 181 186 166 128 89 167 70 146 59 219 218 49 169 30 211 194 94 86 178 87 70 64 95 100 3 140 68 223 153 200 109 224 184 60 162 79 59 218 206 156 177 
32 190 237 83 210 151 62 211 202 48 229 96 221 54 78 220 42 43 156 91 155 244 23 123 7 192 105 198 128 145 195 112 94 50 94 131 132 154 72 17 101 84 58 64 58 175 210 229 237 54 191 201 57 178 129 178 136 111 193 132 30 191 226 207 64 228 225 210 169 154 56 
184 163 205 219 230 30 138 205 195 152 139 178 172 87 67 28 31 107 3 194 119 70 214 245 243 26 228 223 142 241 129 28 112 57 72 235 103 6 229 172 126 205 7 137 148 214 218 148 32 157 106 98 61 60 93 86 238 179 179 107 152 115 200 127 162 39 216 145 98 184 199 
137 172 222 5 14 152 42 19 89 139 129 96 173 55 9 168 22 187 113 89 122 8 4 116 191 200 82 85 216 101 7 125 235 52 229 55 208 52 135 239 228 186 155 166 229 195 9 6 45 175 164 104 58 116 121 230 239 54 30 120 45 214 64 246 234 81 250 232 126 241 75 
19 187 23 111 27 189 220 151 37 155 75 100 110 116 159 78 151 163 239 241 22 59 64 217 210 54 20 38 179 168 151 190 69 161 119 1 241 113 177 11 9 15 217 67 167 188 147 114 153 99 227 57 175 217 80 52 185 36 215 133 182 206 70 22 0 63 207 249 206 11 19 
171 27 78 90 188 41 153 183 176 50 68 236 222 8 132 34 74 60 41 55 129 95 29 187 67 30 134 45 236 172 192 244 24 9 22 144 224 141 172 53 117 228 147 23 236 65 128 219 235 125 59 189 84 243 169 28 26 141 219 120 55 177 156 193 125 94 67 136 121 237 131 
16 98 63 242 111 39 126 222 190 224 134 104 149 120 215 181 111 232 16 58 179 71 88 7 130 213 208 29 81 149 26 154 132 73 171 130 227 212 52 55 32 158 139 21 14 207 0 218 106 5 178 193 47 129 202 49 36 27 140 189 94 245 239 75 140 210 116 128 61 46 106 
160 166 37 97 188 107 85 145 0 234 238 14 59 147 65 250 89 171 169 139 220 144 95 149 64 203 62 178 146 155 176 228 163 198 128 157 249 198 152 188 23 31 130 43 244 79 244 197 129 124 70 0 140 155 33 174 138 39 46 226 73 107 18 140 117 200 134 109 241 147 154 
191 150 68 250 216 124 40 21 153 126 219 107 39 138 9 149 139 70 116 177 235 87 105 169 64 15 36 115 167 74 15 73 174 155 242 79 76 105 150 43 183 171 193 109 3 182 146 5 114 0 94 83 150 100 70 108 33 194 164 196 143 243 177 194 62 227 237 79 241 11 127 
47 124 138 91 89 50 62 92 142 112 189 108 31 42 27 247 36 213 55 7 141 149 188 137 1 59 183 10 175 6 132 25 2 184 83 3 146 233 106 0 185 203 237 234 119 210 229 84 106 132 174 187 182 120 181 236 5 219 43 94 38 32 204 75 42 100 185 160 96 238 127 
218 211 225 93 78 136 212 127 11 12 201 159 16 34 155 234 102 222 70 197 217 130 158 68 203 121 208 92 199 59 154 146 205 76 211 114 5 192 199 41 81 76 59 216 224 173 24 22 248 231 31 70 234 101 129 18 68 55 188 122 235 90 48 127 65 84 5 189 7 43 176 
99 9 0 181 134 109 54 179 55 59 105 23 250 99 9 178 206 194 137 161 139 196 226 10 133 44 17 178 80 217 184 185 106 139 26 68 40 1 143 87 90 53 95 5 135 5 25 189 235 237 211 184 100 173 56 218 209 123 206 131 3 180 1 100 178 7 137 173 89 55 146 
221 232 219 98 80 154 72 225 210 214 27 71 104 109 124 29 104 3 203 198 125 53 181 249 7 53 213 201 42 173 198 199 4 202 198 46 234 129 186 68 180 200 0 188 21 201 78 192 192 9 225 84 81 231 233 73 223 200 29 126 223 42 160 130 194 224 225 198 25 136 234 
21 91 1 80 119 13 140 71 151 230 142 226 33 210 201 247 171 181 91 56 241 109 24 7 37 246 145 52 5 203 51 141 11 49 196 82 138 169 240 151 88 53 175 140 25 152 179 198 43 79 117 184 37 110 190 1 17 207 76 245 197 73 46 50 214 95 165 135 116 38 74 
66 117 37 141 112 250 28 62 178 91 244 172 66 194 18 130 166 44 159 19 103 92 187 64 103 130 235 24 153 114 196 194 245 217 196 248 14 63 250 24 26 34 236 123 95 241 31 62 39 33 114 85 195 228 28 4 56 163 142 46 74 182 22 29 226 105 41 15 188 211 134 
233 122 77 34 73 211 149 48 29 163 106 143 84 111 102 1 210 176 74 211 81 21 129 112 224 150 31 71 2 175 248 7 125 150 185 84 175 169 12 49 21 219 90 120 81 164 29 89 62 60 243 32 200 245 24 218 100 120 36 32 141 222 218 186 218 199 168 244 102 188 225 
112 153 62 218 91 209 1 102 178 101 188 125 135 100 138 228 177 235 18 190 220 177 88 21 184 244 172 105 250 139 0 209 200 80 32 139 113 54 138 7 161 199 8 223 92 81 2 48 20 3 45 222 39 155 167 131 128 60 110 56 186 48 97 181 82 155 89 82 25 127 190 
194 51 94 243 85 79 237 214 105 190 154 3 115 137 30 88 73 89 80 178 110 220 187 7 95 2 172 81 125 225 176 68 131 231 223 245 174 225 145 84 35 61 184 50 83 164 175 101 168 206 151 127 126 125 34 210 77 180 135 141 225 8 10 247 199 150 130 148 93 172 229 
19 128 118 198 59 201 240 24 59 104 191 100 159 69 184 131 110 133 120 119 235 231 115 176 95 60 78 3 222 170 230 65 150 122 107 148 203 106 241 21 21 248 131 126 167 229 30 15 94 154 141 94 227 45 202 59 14 213 126 69 23 206 28 139 236 64 246 238 126 176 86 
193 133 19 225 102 243 20 58 86 223 47 223 164 151 117 21 209 90 55 41 248 73 104 80 221 54 47 82 130 48 165 76 22 9 197 57 182 16 110 42 110 129 142 169 150 118 193 117 127 116 123 139 140 243 45 202 242 102 54 234 159 96 204 92 140 151 180 133 94 177 12 
2 104 148 69 225 103 136 3 99 221 240 125 234 57 94 25 85 19 15 48 247 139 29 39 132 119 54 61 100 69 203 190 62 9 48 77 116 123 116 125 224 143 239 245 174 24 79 146 153 9 127 162 249 236 123 167 173 151 71 133 31 116 167 103 175 126 174 27 151 94 23 
242 173 189 33 171 25 222 41 12 96 203 1 236 6 93 171 186 207 53 92 75 190 174 204 51 139 183 40 24 116 80 18 44 97 116 141 75 221 22 108 198 167 218 242 177 73 106 228 157 146 162 50 117 158 27 157 230 28 154 123 22 69 137 216 55 250 112 39 208 29 82 
26 39 98 8 8 26 136 243 173 140 42 55 131 183 232 78 73 63 156 35 139 18 39 56 153 47 43 27 139 132 88 163 74 106 126 201 13 139 247 222 213 241 121 131 142 121 142 14 224 225 116 204 132 153 71 92 14 59 15 158 162 58 128 183 94 216 34 25 246 183 13 
80 239 155 134 218 173 154 34 71 147 209 52 34 205 92 195 91 11 104 96 237 230 43 184 162 50 192 67 154 110 210 127 163 164 14 147 149 14 69 50 146 237 215 181 68 121 214 229 192 191 124 185 98 116 175 17 115 199 7 156 50 114 75 230 58 82 248 150 40 108 79 
216 234 136 68 56 102 52 101 125 7 131 176 118 139 1 170 87 77 222 195 164 196 204 75 188 71 178 164 111 241 137 22 76 197 13 113 46 219 67 10 131 72 224 69 52 246 41 230 83 223 83 37 175 156 34 193 0 195 0 115 66 14 86 114 141 1 6 154 59 3 57 
152 12 182 134 0 143 153 195 64 182 0 138 79 28 13 236 69 213 170 224 181 9 227 30 41 41 184 69 71 166 106 22 188 122 239 193 3 123 220 34 220 188 64 101 82 156 111 32 60 60 11 74 199 99 53 154 29 185 19 108 175 183 23 60 29 35 173 218 142 30 41 
193 22 67 128 101 31 243 173 48 85 132 207 169 192 8 149 137 7 100 109 76 76 175 168 224 125 113 118 217 59 198 55 198 174 24 14 81 212 206 156 151 152 244 109 220 115 202 64 236 220 182 56 121 44 112 10 93 92 55 86 197 113 116 32 249 149 129 177 208 194 206 
15 63 6 94 26 100 54 152 211 94 67 154 43 244 102 161 248 134 86 227 11 215 242 189 182 57 80 54 176 182 244 227 212 87 28 19 88 5 57 134 35 140 115 197 175 75 211 99 29 183 77 184 9 81 86 63 189 81 186 133 197 173 8 121 215 31 165 42 190 210 174 
59 112 166 69 53 138 193 95 192 13 2 75 1 190 191 128 36 3 115 184 8 155 155 77 91 48 168 99 174 222 207 166 16 117 212 192 204 122 141 95 196 225 92 16 51 73 236 167 37 136 99 215 137 160 31 77 28 72 29 81 127 243 90 143 60 80 182 56 194 153 108 
70 110 35 229 83 151 174 172 203 10 243 107 133 115 123 194 164 153 151 117 246 88 92 76 62 86 8 229 76 191 95 191 143 189 37 242 103 91 237 174 191 74 174 245 119 216 69 216 14 168 146 245 96 99 180 188 171 82 18 112 101 89 96 107 118 180 187 8 84 216 123 
106 2 18 42 217 156 66 5 47 159 171 41 96 237 47 247 143 141 242 248 207 65 94 151 102 41 170 117 237 134 63 205 6 202 95 47 197 13 89 97 138 145 25 159 11 82 209 1 219 211 153 152 104 84 21 210 80 198 96 248 39 229 114 3 57 200 90 143 183 48 111 
40 228 176 193 55 130 75 205 218 54 166 8 217 71 80 77 207 243 84 68 195 154 238 154 46 49 147 206 178 131 71 27 218 90 153 230 138 141 166 136 126 15 235 204 24 133 85 113 56 142 4 12 73 152 130 103 221 134 104 113 150 95 88 202 142 23 178 20 72 147 117 
9 239 139 86 155 218 5 61 173 147 235 172 75 91 100 168 96 64 201 205 110 3 81 116 212 190 134 152 125 204 97 193 77 138 89 158 81 245 117 223 116 11 29 135 145 195 92 24 147 230 160 86 18 104 50 108 16 108 90 98 181 157 136 248 91 62 155 152 191 141 41 
172 58 76 106 154 212 250 8 85 150 203 170 184 191 165 39 99 0 194 212 37 175 165 131 71 154 101 2 143 183 121 4 138 245 48 221 64 170 215 219 237 10 37 30 122 74 250 218 90 236 182 9 69 53 50 167 92 96 112 19 74 7 114 250 242 30 163 162 155 76 165 
143 238 108 65 112 27 112 244 110 31 226 223 155 198 165 233 187 82 198 80 191 77 225 235 103 32 78 208 52 104 25 18 140 174 139 16 103 228 211 38 154 246 198 103 98 158 35 95 77 142 226 227 234 167 92 39 57 115 65 93 54 65 68 12 179 183 98 4 171 116 76 
164 142 29 126 178 105 220 82 123 116 60 235 125 2 243 210 40 141 163 31 2 9 190 239 218 165 144 177 138 98 79 70 189 181 239 0 159 65 210 165 147 59 46 144 202 95 185 206 89 177 198 222 189 98 69 242 205 166 205 232 209 237 247 30 6 137 53 241 163 127 80 
229 157 19 185 47 119 105 140 192 174 46 210 182 56 78 240 87 69 200 86 19 119 225 84 111 173 151 134 229 89 121 4 175 183 224 243 175 92 50 117 101 25 28 156 250 114 152 160 249 221 7 107 166 74 220 122 139 98 15 205 98 212 194 63 244 73 34 0 50 197 55 
77 88 198 43 119 50 227 109 208 103 63 49 84 137 249 200 194 9 49 49 245 148 91 184 247 227 25 216 44 73 151 169 145 100 17 152 173 241 31 67 132 121 179 97 196 59 170 109 162 246 234 142 43 72 228 49 24 144 234 94 100 149 162 119 91 167 83 32 226 126 140 
178 35 54 206 168 122 227 18 103 111 235 13 105 100 78 145 6 10 105 223 162 168 73 64 146 15 152 11 174 216 185 146 226 147 223 99 93 180 240 69 130 84 66 50 17 58 112 248 100 207 95 28 235 63 13 249 1 208 115 121 32 202 116 106 169 243 67 56 117 112 226 
242 52 237 1 214 144 128 247 98 43 223 123 33 198 21 115 3 162 38 205 102 139 147 22 159 54 165 85 195 118 16 191 205 150 88 29 192 11 130 114 197 146 24 180 97 50 152 120 101 214 203 108 235 9 86 3 170 199 148 165 186 166 78 184 19 113 125 109 240 171 141 
217 121 3 48 72 9 19 51 9 22 6 192 2 187 200 96 196 84 203 225 21 33 54 97 181 159 237 183 93 169 141 46 196 245 239 196 50 137 103 15 243 189 133 88 48 205 33 229 234 61 6 221 81 122 182 143 161 94 109 105 127 180 203 201 112 75 222 151 103 134 100 
25 6 59 151 84 67 97 55 163 213 135 148 57 249 199 182 75 167 146 111 187 144 171 248 125 105 16 57 71 249 215 185 7 82 146 99 134 107 179 8 216 125 231 214 83 90 40 91 108 155 55 158 179 149 228 30 182 181 187 191 49 20 0 13 58 84 231 189 163 104 176 
91 88 115 178 224 60 143 39 228 68 100 62 220 143 99 94 39 168 44 158 79 203 99 182 82 45 212 13 46 193 138 80 220 20 73 106 160 84 234 134 79 109 76 15 63 247 55 46 93 95 124 210 102 121 47 230 76 64 198 210 93 217 59 91 30 184 99 64 80 124 45 
80 175 196 68 36 184 250 143 233 70 129 85 143 70 127 127 234 246 55 54 192 71 7 135 213 41 49 86 155 90 219 110 28 24 79 95 51 155 103 66 34 69 141 109 237 54 28 3 66 120 163 52 203 186 148 138 161 189 110 84 128 235 228 23 38 203 30 146 214 165 169 
77 72 178 147 106 107 70 44 58 244 105 123 120 1 199 133 210 43 113 174 116 208 152 231 3 142 102 19 220 181 84 112 75 165 47 12 51 160 197 222 243 47 183 128 196 234 131 199 155 129 145 200 177 18 90 233 188 186 164 77 177 169 89 213 167 149 2 151 44 235 38 
89 91 72 40 11 73 29 136 103 9 72 137 220 43 57 221 113 31 106 216 181 164 146 164 67 164 224 44 236 203 208 154 167 33 11 214 247 218 63 124 115 207 38 82 139 166 43 25 73 38 47 117 2 143 179 40 235 226 54 71 192 181 201 101 35 233 202 184 222 166 224 
68 146 136 191 156 26 55 36 142 118 160 94 94 243 55 149 1 245 208 43 109 107 225 113 28 93 91 132 121 129 27 138 158 186 72 34 55 246 60 173 247 124 107 103 84 64 32 48 18 178 89 193 216 227 178 36 212 222 77 60 44 237 33 82 196 195 48 165 33 245 176 
