23
110 195 191 8 131 177 48 213 18 144 235 92 14 195 24 41 204 54 50 160 202 28 53 
65 194 132 10 168 108 248 149 185 210 110 123 32 246 185 127 70 217 154 136 73 71 147 
224 119 44 25 31 130 173 181 138 218 40 120 227 101 99 98 27 10 157 44 91 155 148 
59 156 88 50 192 57 173 202 244 26 11 118 165 36 56 166 244 180 112 162 27 93 158 
108 234 241 66 206 202 47 32 153 215 222 212 38 181 131 23 25 20 185 117 160 70 98 
43 248 3 226 163 62 170 121 78 136 193 148 143 234 19 174 166 206 28 113 203 178 243 
188 31 205 154 50 69 68 150 26 192 39 1 202 4 94 22 66 236 139 117 209 237 52 
201 77 165 140 21 223 153 43 173 58 130 125 84 208 176 185 67 109 217 162 78 250 19 
155 233 82 53 200 155 107 201 145 1 91 194 2 112 14 84 72 238 74 103 34 68 96 
54 211 188 68 63 232 75 186 114 222 75 90 40 243 76 63 214 145 243 244 127 175 171 
160 229 26 192 209 154 160 27 192 213 159 174 127 110 228 87 149 128 233 36 128 138 118 
186 73 173 20 57 167 121 134 93 88 102 69 29 82 75 210 74 16 218 174 197 119 79 
147 11 8 102 14 59 135 186 67 23 37 64 134 178 97 47 138 30 2 216 163 120 144 
143 111 160 215 12 10 8 235 50 247 99 235 31 144 227 248 138 47 243 56 131 210 170 
169 184 164 37 5 225 122 208 130 124 177 235 239 130 38 63 150 69 42 154 140 197 181 
175 52 14 122 179 138 56 209 213 245 148 50 120 189 103 10 42 26 33 116 220 119 241 
48 189 5 16 37 55 58 234 98 170 100 87 125 90 215 19 26 35 50 8 55 48 116 
52 33 5 53 173 62 22 2 173 145 168 167 54 243 6 94 25 227 151 147 205 219 101 
37 209 64 38 81 51 46 239 240 32 229 109 9 165 68 227 196 20 126 229 113 199 72 
114 101 77 39 64 1 32 81 184 204 21 120 166 13 215 49 76 21 153 177 215 236 199 
139 177 173 198 149 164 142 111 145 153 243 8 238 57 100 204 234 33 9 141 193 55 153 
132 169 235 142 40 135 129 208 250 246 106 129 68 9 16 153 130 227 68 136 146 26 94 
103 20 62 88 34 85 183 213 30 87 114 216 19 127 195 37 131 244 77 120 141 124 213 
