61
57 237 74 162 66 35 76 169 37 30 78 83 49 22 109 229 237 234 141 164 89 118 73 59 242 206 82 32 81 245 204 117 5 90 225 66 30 150 63 120 212 159 146 56 8 28 77 243 68 214 148 21 128 60 24 172 7 39 48 239 30 
234 232 37 156 18 78 6 72 146 61 64 221 65 92 191 28 31 60 70 226 121 224 170 212 40 218 182 198 177 59 191 55 92 175 67 129 89 250 71 123 229 230 194 213 136 172 46 140 145 186 213 132 162 102 2 113 99 249 166 85 76 
222 8 178 19 40 245 172 144 250 123 80 238 122 10 106 50 175 223 115 161 155 1 158 10 35 115 129 91 223 214 65 135 88 55 18 13 77 27 18 197 208 182 58 136 28 232 127 140 246 75 93 127 101 122 221 29 163 100 161 64 7 
76 178 28 242 34 59 65 127 162 21 193 180 131 136 87 222 221 166 150 80 221 163 172 201 97 62 37 92 126 111 4 140 156 7 192 164 185 2 110 38 8 241 17 183 109 183 87 65 247 25 232 94 228 155 186 110 201 228 189 191 98 
203 13 214 53 106 159 3 94 35 154 6 107 125 124 191 219 193 38 65 223 76 127 19 227 154 69 53 41 92 179 186 173 63 164 231 82 49 237 203 0 235 193 154 150 136 86 190 16 208 182 169 112 142 112 123 20 35 216 162 22 244 
65 27 209 30 195 227 156 199 51 84 32 82 195 199 172 204 57 134 77 78 187 152 57 104 17 208 127 17 100 145 33 213 87 141 168 90 239 239 196 250 177 84 169 41 69 182 20 102 14 65 24 15 29 24 178 146 81 130 46 122 124 
221 177 76 149 209 109 177 138 76 159 180 171 204 109 99 44 15 215 67 81 84 15 204 67 19 10 121 225 129 184 186 25 56 9 93 157 49 28 201 139 189 116 137 28 135 137 141 211 92 100 136 58 16 134 59 87 30 5 69 119 162 
180 120 231 232 241 229 178 105 17 87 129 9 168 77 160 149 237 127 84 21 219 249 69 193 70 229 156 109 125 7 159 104 99 59 100 105 79 242 44 241 153 14 15 236 168 134 238 131 34 188 248 205 219 233 193 234 46 159 178 69 17 
37 107 75 47 164 159 61 183 169 226 49 109 71 193 143 113 20 160 164 56 130 11 244 113 135 127 37 18 199 22 192 82 245 125 249 212 84 25 210 132 164 177 48 54 127 6 106 117 39 241 46 205 85 142 151 151 184 145 227 45 6 
139 139 127 53 90 104 44 114 97 83 230 55 164 7 105 105 21 138 87 157 31 152 229 225 190 78 106 70 98 118 82 171 103 179 147 10 236 56 118 215 131 241 149 87 186 143 226 69 219 12 241 86 167 45 100 234 67 38 60 2 11 
46 134 142 42 95 116 139 14 182 198 95 69 135 220 203 73 119 79 206 192 15 91 63 38 150 198 67 99 48 180 172 33 118 168 99 82 105 40 242 21 127 175 51 217 186 152 152 159 193 72 1 50 209 26 112 93 219 159 215 181 108 
92 33 166 111 24 120 34 29 172 215 247 207 167 111 144 54 103 138 17 53 238 63 41 35 220 15 49 165 186 141 124 136 167 93 38 25 121 196 7 113 232 92 123 104 152 195 95 235 76 245 226 203 62 179 35 31 206 242 180 185 116 
155 141 148 45 7 208 46 220 50 234 221 61 132 100 103 183 3 74 125 236 90 131 220 226 143 180 244 182 147 120 218 152 220 5 54 164 187 60 14 16 39 195 72 112 37 210 232 172 159 92 31 97 198 166 177 159 191 109 196 187 159 
203 96 107 53 14 228 39 165 59 241 122 110 194 0 58 152 219 219 107 188 85 218 12 74 123 145 4 212 168 215 127 143 172 158 72 189 154 10 239 201 240 51 103 99 193 130 162 94 154 21 179 25 55 4 190 122 29 96 51 0 66 
19 132 157 204 210 195 53 54 144 125 192 48 39 87 202 9 216 86 97 211 228 120 248 1 163 53 113 194 167 229 22 206 81 171 114 61 51 134 52 83 213 7 97 85 88 250 69 205 142 201 173 147 248 51 157 241 230 73 199 229 106 
140 240 19 142 155 10 13 242 115 89 135 218 187 218 46 110 17 73 166 200 54 169 37 35 124 121 60 184 84 124 191 175 60 77 68 103 117 120 199 248 19 228 84 0 210 92 86 246 91 248 57 60 71 226 156 131 79 158 125 184 248 
106 127 110 9 24 200 28 16 107 86 14 115 150 157 66 71 112 40 103 20 104 25 225 7 194 158 86 102 206 215 244 209 37 196 223 100 8 142 184 241 130 236 138 82 127 184 203 7 155 216 2 136 75 122 213 183 203 198 197 60 116 
46 217 94 187 102 106 213 150 3 226 113 178 88 105 103 92 203 83 241 35 131 190 139 38 30 111 131 91 143 38 54 169 6 141 171 193 93 38 215 109 134 43 96 133 210 36 45 123 206 248 221 146 193 169 130 224 75 111 172 190 213 
217 2 132 201 223 163 105 64 211 238 216 13 170 196 212 232 97 109 206 74 14 99 155 230 148 220 175 146 137 13 134 12 128 95 17 91 44 65 160 231 211 104 125 36 184 75 219 113 86 160 54 227 188 49 125 36 66 122 22 169 121 
157 170 243 114 229 74 49 76 8 169 228 243 180 226 244 59 36 141 220 124 60 17 8 196 34 72 159 206 28 171 19 157 34 54 11 237 129 109 107 231 182 206 52 183 74 19 175 85 243 14 131 230 29 200 24 83 103 102 5 136 36 
201 26 10 91 35 169 197 222 35 16 190 153 181 185 242 193 86 249 134 110 217 186 206 15 34 126 250 160 130 234 74 205 96 73 65 45 141 160 106 231 63 182 42 40 24 209 245 92 209 218 234 214 143 1 196 137 171 203 162 183 232 
87 90 160 17 121 12 238 177 235 127 175 220 29 156 178 38 47 86 184 244 171 131 18 165 8 43 101 154 167 102 8 203 158 52 116 70 111 142 194 5 16 85 223 210 152 88 58 69 31 236 182 98 95 176 10 84 240 230 82 107 126 
8 210 0 109 71 101 236 169 16 138 199 71 250 9 234 87 115 20 210 141 221 89 111 150 8 206 140 181 128 75 77 24 32 225 126 152 164 187 0 53 193 48 243 115 80 43 27 245 85 166 184 226 138 194 230 244 118 159 203 121 114 
164 121 40 224 66 186 176 102 244 111 29 109 215 223 114 110 240 219 149 175 138 44 159 232 127 126 198 68 151 95 47 203 117 64 118 217 172 139 138 110 86 11 195 87 174 122 32 76 162 85 69 136 21 183 66 1 46 120 87 233 166 
89 98 173 120 17 182 191 133 211 199 244 149 190 162 180 200 112 75 80 192 211 135 7 40 123 54 131 117 131 88 159 121 167 223 20 235 246 242 116 134 231 134 50 84 39 149 181 175 136 36 237 150 144 219 232 126 83 46 30 18 215 
184 220 179 133 25 101 100 23 220 183 82 212 44 26 242 235 129 63 88 50 133 137 236 48 112 103 20 127 36 120 229 170 196 131 159 63 137 159 211 199 92 132 168 134 214 166 106 249 128 173 195 176 79 9 76 189 35 234 58 66 50 
159 166 30 134 49 178 247 69 40 28 177 250 40 184 189 109 183 211 66 17 138 237 26 184 44 3 151 233 227 193 26 12 163 105 219 179 167 58 101 181 112 85 188 122 118 134 127 4 231 125 54 249 8 38 240 167 246 0 213 235 139 
179 21 160 49 177 106 92 132 26 148 229 8 86 81 174 195 201 88 221 108 232 2 57 232 118 98 34 191 6 129 64 161 141 223 38 74 59 48 207 222 95 174 30 17 229 67 83 35 36 78 17 76 1 179 243 9 56 157 32 17 44 
115 25 131 78 76 238 11 44 217 106 191 150 133 103 78 15 53 25 151 165 123 129 47 212 228 80 84 33 124 145 231 40 92 118 240 53 162 25 10 42 236 194 139 130 151 99 244 19 212 136 40 16 215 61 244 84 116 101 94 7 166 
126 148 233 216 238 166 175 13 185 69 221 27 82 106 161 202 29 92 80 186 69 107 25 146 67 240 108 3 74 48 201 96 72 180 249 166 21 0 127 66 162 188 228 158 58 178 93 87 90 145 131 216 171 161 28 73 16 100 221 131 151 
3 193 34 104 248 113 217 80 180 28 229 37 78 210 55 115 52 64 183 91 164 112 133 181 38 224 37 106 71 82 113 130 65 179 35 47 8 152 111 147 130 82 231 168 229 38 249 115 221 126 88 6 70 34 111 102 79 193 8 58 221 
243 73 90 237 50 61 106 61 151 48 50 1 226 72 244 243 72 57 21 105 44 197 163 99 183 111 212 100 54 161 49 120 213 71 163 92 136 12 49 151 46 250 195 159 157 230 71 178 219 162 20 62 166 201 155 74 55 208 55 88 56 
180 214 198 210 34 104 103 87 120 12 21 161 67 20 243 158 181 229 81 145 230 236 217 115 169 148 48 126 119 194 22 54 29 52 88 233 77 243 205 173 109 146 194 136 187 177 67 183 196 169 199 46 42 48 207 80 239 117 135 5 63 
190 24 27 212 121 42 169 46 124 79 99 135 141 29 39 195 49 115 1 93 30 136 144 65 44 243 201 29 232 129 69 133 27 189 145 8 59 26 169 107 145 84 234 221 7 62 58 71 29 77 86 74 159 28 109 24 182 167 207 226 68 
232 58 162 54 135 39 105 123 228 185 174 37 209 116 244 171 29 58 226 34 242 207 232 105 141 75 20 15 97 179 219 213 85 19 222 200 163 98 188 153 55 238 233 15 43 3 110 170 21 209 189 38 119 178 198 143 110 31 21 54 7 
127 53 245 71 65 39 100 29 229 77 71 93 59 60 181 198 61 228 43 59 9 181 106 59 210 12 170 44 121 215 132 203 210 248 196 32 79 250 205 217 24 72 40 240 2 155 123 10 76 169 136 97 27 110 165 22 183 188 123 71 149 
34 144 5 73 18 36 49 239 200 7 139 134 144 216 157 139 21 166 108 178 21 115 182 75 185 93 61 99 33 197 160 228 65 76 146 25 86 200 206 175 19 95 250 68 167 250 138 50 59 129 196 77 95 114 98 190 9 101 127 18 184 
215 248 213 202 181 159 45 84 74 116 134 58 114 180 55 210 247 123 175 104 176 108 0 136 147 109 230 134 237 55 15 124 28 5 89 173 2 86 70 216 79 190 179 204 35 158 115 118 129 117 208 171 152 191 109 57 60 171 93 165 96 
7 98 3 87 77 123 220 148 186 65 149 112 119 128 201 29 179 145 209 36 42 36 65 130 160 38 72 201 175 224 202 131 114 43 225 4 174 190 80 3 138 135 106 85 100 153 68 58 167 20 54 136 12 25 150 108 151 236 246 129 202 
9 165 135 212 109 162 230 68 108 95 174 42 77 193 97 111 99 148 97 101 74 211 165 101 90 87 106 225 200 54 183 22 113 128 222 231 58 123 157 75 76 48 232 38 169 120 236 34 247 154 31 74 8 109 200 225 221 51 30 180 196 
132 219 178 180 50 209 101 28 74 235 42 204 148 8 229 108 73 46 18 217 85 228 2 32 45 214 187 60 42 99 180 143 229 228 120 232 203 20 232 151 90 232 179 64 188 138 51 107 107 247 134 80 15 117 214 35 122 143 148 224 175 
173 124 89 60 221 198 248 86 83 155 103 100 85 40 74 229 190 34 240 159 92 86 240 244 127 0 181 25 214 220 43 199 46 27 46 84 142 48 209 198 218 116 1 117 221 217 148 151 50 156 56 219 204 201 249 157 171 96 108 224 230 
28 184 72 56 4 9 140 231 138 80 238 247 77 171 133 141 156 77 124 195 235 190 57 241 210 67 7 38 136 57 162 90 199 133 83 149 87 202 228 234 9 151 39 54 65 49 16 72 230 69 245 122 171 144 207 53 57 155 149 148 207 
238 156 130 34 69 29 52 51 24 60 19 53 74 55 227 124 249 88 156 3 68 223 8 15 39 202 122 64 198 205 72 222 147 1 221 211 139 18 242 134 72 213 124 182 158 58 24 164 37 63 155 147 41 147 90 211 224 225 13 174 110 
180 202 147 244 149 124 219 90 93 74 130 16 28 88 220 229 8 175 21 77 110 113 56 226 216 240 250 207 140 38 133 114 51 85 104 95 91 32 124 124 103 184 136 177 75 144 44 214 26 202 228 54 28 245 202 2 113 207 50 61 156 
105 62 204 177 133 75 185 46 221 169 109 52 48 112 168 62 31 218 108 72 15 6 81 62 22 6 36 82 87 32 250 33 96 47 70 140 70 92 99 21 161 234 209 156 63 169 95 164 20 198 22 161 239 48 122 165 197 50 222 48 69 
70 177 15 136 21 51 90 241 92 159 18 149 221 246 147 81 228 144 235 33 210 71 76 168 204 138 171 67 131 71 62 106 138 72 232 6 142 85 210 17 201 72 104 73 122 137 77 147 224 35 103 250 148 87 197 225 216 99 161 158 23 
91 52 184 234 69 91 199 154 74 238 185 156 21 61 157 35 154 93 241 210 241 123 10 154 226 215 55 193 4 164 149 184 231 1 87 202 156 168 86 72 195 182 201 34 26 21 31 77 94 236 204 61 230 43 88 177 203 179 164 119 53 
154 162 190 203 199 126 208 116 63 69 60 12 110 110 179 65 191 102 99 26 69 65 115 176 139 203 160 144 11 234 192 86 145 20 118 108 108 111 212 22 13 65 48 31 148 71 180 148 149 2 117 200 240 57 156 93 197 235 153 235 132 
175 211 217 184 161 26 52 157 88 90 171 103 33 249 208 90 151 22 64 52 66 229 216 121 122 86 225 193 186 32 102 112 141 128 78 185 189 235 153 245 209 150 183 214 161 248 69 187 48 45 43 102 233 168 136 148 138 132 250 82 115 
122 214 60 87 205 121 22 58 125 46 56 230 71 175 24 88 100 44 145 144 3 73 0 117 92 186 178 67 162 239 136 85 64 145 164 112 29 164 22 5 222 68 221 228 231 70 66 24 187 114 78 41 59 4 240 152 179 242 156 158 98 
44 176 74 140 204 107 153 250 185 241 30 116 240 131 92 164 132 166 231 67 154 56 49 151 234 190 140 114 130 167 96 31 218 177 249 244 239 65 190 244 222 130 222 179 74 152 80 67 116 103 183 81 235 37 21 132 159 87 84 183 23 
55 119 183 60 120 138 222 180 163 164 149 49 240 212 159 63 153 105 157 165 170 121 70 109 199 79 109 92 204 225 173 241 150 77 36 70 117 23 170 154 110 118 94 132 192 41 160 162 128 48 218 40 224 180 56 95 217 28 74 111 81 
216 21 145 233 97 93 111 231 183 171 173 198 21 24 61 246 32 249 30 120 167 112 5 64 128 134 206 22 204 107 44 58 121 46 60 138 245 89 246 102 19 74 192 73 194 246 117 101 241 36 47 107 151 62 157 203 66 173 202 236 247 
149 65 39 216 183 139 123 89 192 0 1 149 14 27 50 189 178 91 40 143 93 46 41 229 120 230 133 92 155 11 197 48 39 190 126 113 215 210 39 130 179 95 50 231 74 130 118 125 146 18 11 242 147 78 212 182 239 175 224 250 8 
53 181 44 82 176 73 118 21 97 62 138 31 29 101 109 147 59 107 72 230 13 17 207 198 71 140 72 244 3 183 65 70 221 172 68 148 45 82 132 163 152 41 138 26 17 197 17 87 47 29 125 144 223 228 79 13 16 29 224 71 98 
36 202 79 134 173 132 235 143 242 11 156 22 231 23 227 83 146 240 182 194 226 122 80 233 0 85 65 239 98 129 200 4 118 29 134 102 73 24 189 119 28 9 66 90 213 217 22 176 4 21 38 191 16 145 40 51 80 96 169 140 249 
12 249 60 208 70 204 2 126 249 214 91 129 152 217 85 110 21 185 163 191 222 22 11 110 84 141 15 83 12 1 162 184 235 35 9 117 96 226 146 198 121 11 233 145 244 31 108 248 203 36 222 12 108 186 105 87 8 149 21 127 184 
6 192 209 187 23 13 48 43 48 100 67 60 153 122 247 219 55 59 227 61 239 75 131 135 19 230 117 139 188 42 141 58 49 104 178 27 85 24 45 184 107 43 44 205 114 70 110 246 249 205 29 168 72 50 12 2 28 54 171 6 77 
127 94 233 210 174 179 191 154 205 211 3 81 47 166 71 199 53 112 145 159 3 24 128 120 173 165 65 198 12 102 79 6 161 142 67 93 249 90 124 66 108 113 104 97 204 58 18 125 45 207 34 97 77 71 148 162 28 8 246 19 165 
217 109 189 130 0 43 196 6 131 56 111 115 173 62 75 164 165 123 20 224 18 62 162 52 137 71 197 14 104 81 70 125 46 249 198 168 44 232 180 152 170 136 232 196 106 174 105 229 110 154 228 236 68 194 206 139 134 189 187 75 248 
