47
29 142 166 99 227 70 68 151 110 150 209 173 216 1 47 217 96 49 211 221 178 113 1 216 28 84 34 178 36 186 22 211 61 113 55 47 240 16 4 56 247 193 230 63 211 1 171 
185 215 6 40 187 105 239 205 166 208 150 51 60 148 214 15 126 154 193 242 169 111 16 10 7 36 166 166 188 28 232 110 223 76 61 154 134 151 7 14 221 150 82 248 232 15 84 
200 211 244 166 59 186 120 168 8 94 123 161 49 110 234 137 107 52 103 124 132 182 85 31 141 98 163 22 70 132 13 130 192 179 56 250 217 122 167 112 19 103 233 225 199 230 113 
67 191 49 53 136 169 183 67 126 67 31 184 244 166 185 37 176 200 159 76 103 43 128 187 210 230 81 18 176 213 144 58 142 119 39 240 147 25 171 117 247 144 110 91 143 0 154 
100 120 61 117 102 20 86 113 210 11 231 25 152 125 100 18 134 140 26 55 194 90 137 176 234 41 19 165 214 68 152 79 138 155 13 149 144 112 153 111 187 226 27 59 136 57 43 
63 65 5 34 12 203 238 83 150 26 202 124 85 16 39 238 243 91 66 121 230 218 178 124 141 18 111 220 85 126 130 183 55 48 27 180 63 202 186 163 151 110 113 241 116 6 25 
87 40 180 7 93 240 20 137 5 121 214 187 102 193 36 28 201 165 213 111 155 83 33 174 45 240 110 192 165 248 73 165 78 80 39 63 103 128 234 89 86 136 10 131 29 164 163 
234 8 87 40 187 138 145 210 120 113 180 25 117 87 185 95 204 136 161 14 24 191 242 20 183 197 78 74 114 3 166 179 240 151 98 31 106 5 143 238 106 242 207 79 46 211 227 
150 94 134 60 203 144 33 200 201 37 28 92 20 118 221 229 87 114 51 73 114 79 111 190 107 15 93 28 242 218 107 150 1 91 21 81 2 140 139 86 89 55 122 164 97 73 218 
173 128 206 56 156 37 21 135 102 152 169 91 190 216 46 102 115 166 8 102 175 210 205 208 3 82 95 213 213 69 34 203 98 58 12 90 210 91 65 92 125 103 64 118 116 101 150 
202 85 124 240 9 147 227 118 55 183 235 92 51 10 38 190 196 2 75 60 150 23 8 155 169 193 151 220 193 42 224 161 83 67 16 153 116 141 197 44 67 54 88 222 153 174 49 
232 238 137 18 8 106 99 231 91 198 165 220 128 92 180 225 126 210 151 96 141 81 210 186 200 141 3 57 77 53 31 123 2 124 155 84 53 118 230 158 60 71 147 210 208 89 15 
215 51 142 233 13 103 8 189 64 121 201 53 79 111 167 123 196 162 69 158 239 51 160 211 46 237 122 32 32 175 32 108 106 4 39 180 56 231 208 184 230 126 71 73 59 54 199 
119 240 137 14 196 2 204 249 213 3 119 125 245 182 200 16 187 107 100 103 215 237 234 36 189 202 241 92 3 135 34 208 102 190 114 1 40 26 60 47 144 86 230 144 122 96 170 
78 243 21 217 210 82 65 148 168 36 111 136 80 214 158 242 190 235 91 164 158 153 76 53 65 137 121 164 51 182 121 116 121 41 76 163 188 167 17 123 156 137 169 93 209 246 5 
204 200 204 155 25 207 236 245 15 174 118 90 171 205 48 95 100 46 107 176 152 116 38 4 184 49 200 248 121 107 110 29 90 119 115 183 176 164 153 204 38 115 148 24 98 143 95 
177 26 224 40 96 9 2 136 149 133 218 148 227 226 61 90 193 108 139 30 0 208 97 247 69 15 191 226 27 17 85 198 195 28 170 131 203 32 249 81 207 203 104 233 72 192 87 
170 157 110 215 60 215 245 129 92 81 191 188 138 9 67 194 79 79 209 28 28 185 29 68 133 84 23 132 138 243 105 149 232 80 31 24 91 250 165 235 96 144 119 195 23 166 81 
196 10 106 118 157 50 60 155 191 112 103 48 189 182 83 69 46 158 12 68 185 1 27 157 10 71 201 206 133 188 96 204 20 110 103 234 108 24 237 167 120 24 213 126 98 201 133 
126 221 243 213 203 35 18 134 163 189 225 200 165 196 59 71 169 29 186 125 15 82 186 104 25 195 5 165 77 125 11 233 239 168 108 100 45 65 189 186 230 114 249 136 122 186 83 
154 244 138 120 112 228 180 49 74 81 155 36 109 158 22 198 236 189 229 189 112 210 182 157 139 242 35 137 183 243 238 180 41 141 42 138 113 214 196 38 54 89 216 176 9 182 58 
49 123 160 103 105 104 4 209 219 228 131 200 24 13 181 214 10 209 220 42 123 250 150 88 58 118 210 14 183 92 132 78 151 202 1 71 15 186 129 71 90 102 75 210 56 21 127 
197 84 188 89 181 162 62 233 239 61 12 216 96 4 157 95 205 231 242 84 76 25 53 148 88 197 31 80 185 126 15 108 196 136 74 73 177 29 222 94 165 213 15 177 225 98 97 
61 127 39 139 28 29 200 227 39 155 209 159 15 209 138 20 49 120 122 228 85 9 157 43 11 88 83 177 72 4 217 213 7 246 79 12 75 241 40 106 57 244 144 77 214 94 202 
81 176 18 237 81 210 230 44 19 71 246 193 129 11 73 109 241 18 163 159 159 94 232 200 129 139 96 194 72 165 170 196 212 197 14 162 221 171 233 191 122 45 238 164 24 234 0 
101 169 33 239 87 196 108 108 157 128 31 26 85 26 24 190 61 165 86 126 74 162 81 184 46 149 247 99 180 54 108 80 69 94 7 35 203 6 238 184 56 186 220 1 45 104 218 
79 46 143 119 180 244 140 104 129 132 156 104 25 159 97 158 216 165 82 161 119 8 218 191 132 177 55 113 160 165 201 34 215 1 138 148 111 124 44 170 37 225 242 107 241 159 51 
48 236 20 63 164 3 228 66 212 69 71 137 162 175 16 84 31 39 53 44 124 189 85 105 100 123 90 41 67 154 61 210 71 49 111 22 238 182 202 38 131 13 200 133 122 51 180 
152 164 194 164 242 70 198 4 244 159 29 202 244 48 61 243 13 176 56 37 62 10 69 171 28 57 199 17 194 171 202 35 123 165 35 207 247 165 6 50 88 234 44 234 1 69 55 
7 6 29 147 199 181 24 136 166 124 111 68 79 40 62 29 167 88 183 125 44 143 235 244 233 94 34 65 188 174 28 231 126 22 167 80 156 136 167 39 25 128 109 235 28 190 212 
174 208 6 110 79 176 232 11 113 178 107 77 94 186 42 3 170 130 154 230 212 98 182 168 105 55 62 70 37 144 38 185 48 153 126 210 174 82 37 223 208 205 86 221 13 55 248 
132 12 103 222 107 146 94 235 20 103 96 124 30 133 225 55 176 30 10 30 147 43 71 138 75 245 222 129 131 214 22 86 1 80 13 212 40 28 14 103 18 142 121 167 31 85 163 
205 70 4 44 99 240 170 5 237 81 19 48 81 66 113 226 78 90 219 46 214 242 19 170 134 60 168 10 41 118 139 83 220 26 23 239 23 3 141 248 189 27 188 54 60 41 74 
37 157 80 114 166 16 146 115 198 192 13 108 185 174 111 12 235 188 249 34 38 57 170 119 20 245 1 131 161 19 18 241 143 156 23 210 240 191 10 216 30 122 83 94 126 222 37 
206 44 174 132 92 235 96 67 204 234 218 156 2 223 43 73 246 238 170 122 6 89 94 88 98 57 127 65 66 1 9 41 136 31 25 6 164 124 149 40 225 41 58 49 226 127 200 
218 16 124 110 106 180 155 161 122 60 186 190 241 103 169 9 241 197 155 92 103 218 68 173 74 141 158 48 118 186 205 44 137 235 234 107 91 48 194 137 26 122 55 39 50 114 130 
224 143 105 35 214 169 177 231 97 168 146 179 40 0 59 228 119 116 205 128 170 14 82 120 126 44 113 204 92 185 3 134 126 133 26 48 202 59 235 48 127 133 20 1 200 79 34 
38 239 234 98 93 222 184 238 120 181 42 47 163 132 169 164 163 234 128 116 29 174 166 62 126 122 6 70 32 93 213 79 185 2 183 238 241 202 32 79 10 66 7 19 111 189 213 
215 247 75 133 217 15 122 126 71 220 59 117 142 85 70 73 122 7 218 165 187 246 152 222 89 210 166 250 31 150 100 105 167 224 176 172 186 229 138 151 58 173 68 227 143 117 176 
133 67 136 34 133 89 214 94 152 212 80 184 66 197 213 26 25 85 206 183 243 135 156 82 188 247 60 21 189 190 74 141 52 215 28 66 135 90 119 152 20 162 216 53 153 42 246 
141 122 46 78 37 60 84 27 129 184 56 27 155 204 152 215 161 16 29 155 45 236 219 81 228 58 175 156 64 201 174 218 223 244 208 146 19 184 241 186 145 64 15 178 221 128 81 
78 97 55 82 7 212 64 220 186 225 181 10 100 246 173 158 140 155 119 174 135 157 136 44 174 15 194 137 114 22 107 138 193 138 39 21 90 223 107 65 33 123 129 216 181 171 190 
90 95 153 239 207 63 47 126 141 32 66 58 141 45 79 229 224 84 73 182 130 233 84 190 241 231 22 150 169 124 224 42 218 98 249 68 216 211 199 113 218 165 153 166 103 156 134 
195 231 95 143 146 38 117 59 34 168 118 23 240 91 57 18 202 75 107 71 35 197 230 226 182 128 49 183 127 181 58 90 154 171 140 232 45 77 43 185 17 232 184 51 88 52 43 
37 136 64 214 120 66 27 60 248 16 114 44 96 149 202 193 125 205 174 171 23 158 250 224 73 99 113 166 136 42 81 141 160 210 158 63 65 42 51 219 224 116 49 51 50 38 156 
53 245 129 0 125 117 136 63 128 239 180 67 61 168 203 12 19 74 94 126 113 164 48 99 206 237 24 133 54 79 38 174 143 166 55 112 82 65 247 41 57 194 29 48 53 191 104 
141 78 167 19 86 125 164 77 72 10 183 170 134 49 205 245 4 119 126 98 74 231 137 66 238 124 186 192 222 104 2 26 178 181 225 217 216 32 162 162 156 108 157 151 23 167 231 
